test
Wavelength = 1.54059
10	6.00
10.02	8.00
10.04	10.00
10.06	6.00
10.08	8.00
10.1	10.00
10.12	8.00
10.14	12.00
10.16	6.00
10.18	6.00
10.2	10.00
10.22	12.00
10.24	10.00
10.26	10.00
10.28	8.00
10.3	6.00
10.32	10.00
10.34	4.00
10.36	8.00
10.38	14.00
10.4	10.00
10.42	10.00
10.44	12.00
10.46	12.00
10.48	8.00
10.5	8.00
10.52	2.00
10.54	10.00
10.56	8.00
10.58	8.00
10.6	8.00
10.62	10.00
10.64	12.00
10.66	10.00
10.68	16.00
10.7	8.00
10.72	8.00
10.74	6.00
10.76	12.00
10.78	10.00
10.8	14.00
10.82	6.00
10.84	8.00
10.86	10.00
10.88	8.00
10.9	4.00
10.92	4.00
10.94	12.00
10.96	4.00
10.98	8.00
11	8.00
11.02	12.00
11.04	12.00
11.06	8.00
11.08	8.00
11.1	6.00
11.12	8.00
11.14	8.00
11.16	8.00
11.18	10.00
11.2	6.00
11.22	2.00
11.24	14.00
11.26	8.00
11.28	12.00
11.3	4.00
11.32	8.00
11.34	6.00
11.36	10.00
11.38	2.00
11.4	6.00
11.42	8.00
11.44	4.00
11.46	6.00
11.48	4.00
11.5	8.00
11.52	8.00
11.54	10.00
11.56	4.00
11.58	8.00
11.6	10.00
11.62	6.00
11.64	8.00
11.66	10.00
11.68	4.00
11.7	10.00
11.72	8.00
11.74	6.00
11.76	10.00
11.78	14.00
11.8	10.00
11.82	12.00
11.84	6.00
11.86	10.00
11.88	6.00
11.9	10.00
11.92	6.00
11.94	6.00
11.96	6.00
11.98	6.00
12	12.00
12.02	8.00
12.04	8.00
12.06	10.00
12.08	14.00
12.1	4.00
12.12	8.00
12.14	6.00
12.16	8.00
12.18	6.00
12.2	10.00
12.22	8.00
12.24	10.00
12.26	6.00
12.28	10.00
12.3	10.00
12.32	8.00
12.34	6.00
12.36	12.00
12.38	6.00
12.4	10.00
12.42	14.00
12.44	10.00
12.46	8.00
12.48	10.00
12.5	8.00
12.52	8.00
12.54	10.00
12.56	6.00
12.58	10.00
12.6	10.00
12.62	6.00
12.64	4.00
12.66	10.00
12.68	6.00
12.7	6.00
12.72	6.00
12.74	6.00
12.76	8.00
12.78	6.00
12.8	12.00
12.82	8.00
12.84	8.00
12.86	8.00
12.88	8.00
12.9	12.00
12.92	14.00
12.94	10.00
12.96	8.00
12.98	6.00
13	10.00
13.02	4.00
13.04	4.00
13.06	4.00
13.08	8.00
13.1	4.00
13.12	8.00
13.14	4.00
13.16	6.00
13.18	10.00
13.2	8.00
13.22	4.00
13.24	8.00
13.26	12.00
13.28	2.00
13.3	14.00
13.32	6.00
13.34	2.00
13.36	8.00
13.38	8.00
13.4	4.00
13.42	14.00
13.44	6.00
13.46	10.00
13.48	2.00
13.5	12.00
13.52	8.00
13.54	8.00
13.56	2.00
13.58	8.00
13.6	6.00
13.62	10.00
13.64	10.00
13.66	10.00
13.68	4.00
13.7	8.00
13.72	4.00
13.74	6.00
13.76	4.00
13.78	6.00
13.8	4.00
13.82	10.00
13.84	2.00
13.86	8.00
13.88	8.00
13.9	10.00
13.92	6.00
13.94	12.00
13.96	12.00
13.98	4.00
14	4.00
14.02	4.00
14.04	10.00
14.06	8.00
14.08	14.00
14.1	12.00
14.12	6.00
14.14	10.00
14.16	8.00
14.18	6.00
14.2	6.00
14.22	8.00
14.24	10.00
14.26	10.00
14.28	8.00
14.3	10.00
14.32	10.00
14.34	4.00
14.36	10.00
14.38	6.00
14.4	4.00
14.42	2.00
14.44	4.00
14.46	10.00
14.48	6.00
14.5	10.00
14.52	6.00
14.54	8.00
14.56	4.00
14.58	10.00
14.6	10.00
14.62	10.00
14.64	6.00
14.66	8.00
14.68	6.00
14.7	6.00
14.72	4.00
14.74	12.00
14.76	8.00
14.78	4.00
14.8	10.00
14.82	6.00
14.84	6.00
14.86	4.00
14.88	8.00
14.9	6.00
14.92	8.00
14.94	8.00
14.96	6.00
14.98	8.00
15	6.00
15.02	6.00
15.04	8.00
15.06	6.00
15.08	8.00
15.1	8.00
15.12	8.00
15.14	8.00
15.16	2.00
15.18	6.00
15.2	4.00
15.22	8.00
15.24	8.00
15.26	10.00
15.28	10.00
15.3	10.00
15.32	8.00
15.34	4.00
15.36	8.00
15.38	6.00
15.4	10.00
15.42	6.00
15.44	10.00
15.46	6.00
15.48	4.00
15.5	8.00
15.52	4.00
15.54	4.00
15.56	8.00
15.58	4.00
15.6	8.00
15.62	8.00
15.64	8.00
15.66	6.00
15.68	4.00
15.7	10.00
15.72	10.00
15.74	14.00
15.76	10.00
15.78	8.00
15.8	6.00
15.82	6.00
15.84	10.00
15.86	4.00
15.88	6.00
15.9	4.00
15.92	6.00
15.94	0.00
15.96	10.00
15.98	6.00
16	10.00
16.02	4.00
16.04	8.00
16.06	2.00
16.08	6.00
16.1	4.00
16.12	8.00
16.14	12.00
16.16	10.00
16.18	6.00
16.2	10.00
16.22	4.00
16.24	8.00
16.26	6.00
16.28	8.00
16.3	8.00
16.32	12.00
16.34	10.00
16.36	10.00
16.38	6.00
16.4	6.00
16.42	8.00
16.44	6.00
16.46	4.00
16.48	16.00
16.5	6.00
16.52	8.00
16.54	4.00
16.56	6.00
16.58	6.00
16.6	8.00
16.62	8.00
16.64	4.00
16.66	4.00
16.68	8.00
16.7	6.00
16.72	6.00
16.74	6.00
16.76	6.00
16.78	8.00
16.8	6.00
16.82	10.00
16.84	10.00
16.86	8.00
16.88	10.00
16.9	8.00
16.92	6.00
16.94	8.00
16.96	4.00
16.98	6.00
17	6.00
17.02	12.00
17.04	8.00
17.06	6.00
17.08	6.00
17.1	6.00
17.12	8.00
17.14	6.00
17.16	8.00
17.18	6.00
17.2	4.00
17.22	6.00
17.24	6.00
17.26	4.00
17.28	4.00
17.3	6.00
17.32	4.00
17.34	6.00
17.36	10.00
17.38	4.00
17.4	2.00
17.42	6.00
17.44	8.00
17.46	8.00
17.48	8.00
17.5	6.00
17.52	10.00
17.54	8.00
17.56	2.00
17.58	8.00
17.6	10.00
17.62	12.00
17.64	4.00
17.66	10.00
17.68	10.00
17.7	10.00
17.72	8.00
17.74	4.00
17.76	10.00
17.78	8.00
17.8	6.00
17.82	8.00
17.84	10.00
17.86	6.00
17.88	10.00
17.9	6.00
17.92	6.00
17.94	4.00
17.96	8.00
17.98	8.00
18	10.00
18.02	6.00
18.04	10.00
18.06	10.00
18.08	10.00
18.1	14.00
18.12	8.00
18.14	8.00
18.16	6.00
18.18	10.00
18.2	10.00
18.22	12.00
18.24	8.00
18.26	12.00
18.28	8.00
18.3	8.00
18.32	4.00
18.34	6.00
18.36	12.00
18.38	6.00
18.4	8.00
18.42	4.00
18.44	10.00
18.46	12.00
18.48	10.00
18.5	10.00
18.52	6.00
18.54	6.00
18.56	10.00
18.58	12.00
18.6	6.00
18.62	4.00
18.64	6.00
18.66	8.00
18.68	4.00
18.7	6.00
18.72	8.00
18.74	10.00
18.76	10.00
18.78	4.00
18.8	4.00
18.82	6.00
18.84	10.00
18.86	6.00
18.88	12.00
18.9	8.00
18.92	10.00
18.94	10.00
18.96	10.00
18.98	4.00
19	4.00
19.02	12.00
19.04	10.00
19.06	8.00
19.08	10.00
19.1	6.00
19.12	6.00
19.14	4.00
19.16	10.00
19.18	12.00
19.2	10.00
19.22	6.00
19.24	10.00
19.26	10.00
19.28	4.00
19.3	14.00
19.32	4.00
19.34	0.00
19.36	4.00
19.38	6.00
19.4	6.00
19.42	10.00
19.44	8.00
19.46	4.00
19.48	8.00
19.5	10.00
19.52	6.00
19.54	10.00
19.56	8.00
19.58	4.00
19.6	8.00
19.62	8.00
19.64	6.00
19.66	8.00
19.68	12.00
19.7	10.00
19.72	8.00
19.74	6.00
19.76	12.00
19.78	6.00
19.8	6.00
19.82	6.00
19.84	6.00
19.86	10.00
19.88	10.00
19.9	6.00
19.92	6.00
19.94	2.00
19.96	10.00
19.98	8.00
20	8.00
20.02	6.00
20.04	4.00
20.06	10.00
20.08	10.00
20.1	6.00
20.12	6.00
20.14	12.00
20.16	6.00
20.18	6.00
20.2	10.00
20.22	8.00
20.24	10.00
20.26	10.00
20.28	6.00
20.3	10.00
20.32	12.00
20.34	8.00
20.36	8.00
20.38	10.00
20.4	6.00
20.42	14.00
20.44	14.00
20.46	8.00
20.48	10.00
20.5	14.00
20.52	14.00
20.54	8.00
20.56	14.00
20.58	8.00
20.6	12.00
20.62	14.00
20.64	10.00
20.66	22.00
20.68	22.00
20.7	20.00
20.72	26.00
20.74	28.00
20.76	32.00
20.78	42.00
20.8	40.00
20.82	42.00
20.84	58.00
20.86	48.00
20.88	64.00
20.9	84.00
20.92	92.00
20.94	116.00
20.96	126.00
20.98	132.00
21	166.00
21.02	202.00
21.04	228.00
21.06	240.00
21.08	266.00
21.1	312.00
21.12	328.00
21.14	382.00
21.16	456.00
21.18	488.00
21.2	538.00
21.22	618.00
21.24	678.00
21.26	690.00
21.28	652.00
21.3	644.00
21.32	640.00
21.34	668.00
21.36	592.00
21.38	606.00
21.4	572.00
21.42	518.00
21.44	490.00
21.46	412.00
21.48	380.00
21.5	306.00
21.52	288.00
21.54	240.00
21.56	178.00
21.58	136.00
21.6	106.00
21.62	68.00
21.64	50.00
21.66	40.00
21.68	36.00
21.7	24.00
21.72	20.00
21.74	18.00
21.76	14.00
21.78	10.00
21.8	16.00
21.82	14.00
21.84	12.00
21.86	16.00
21.88	12.00
21.9	12.00
21.92	12.00
21.94	10.00
21.96	8.00
21.98	10.00
22	14.00
22.02	10.00
22.04	12.00
22.06	14.00
22.08	10.00
22.1	4.00
22.12	8.00
22.14	10.00
22.16	14.00
22.18	10.00
22.2	14.00
22.22	10.00
22.24	8.00
22.26	16.00
22.28	12.00
22.3	10.00
22.32	10.00
22.34	14.00
22.36	8.00
22.38	6.00
22.4	10.00
22.42	10.00
22.44	10.00
22.46	8.00
22.48	8.00
22.5	16.00
22.52	8.00
22.54	8.00
22.56	6.00
22.58	8.00
22.6	10.00
22.62	8.00
22.64	8.00
22.66	12.00
22.68	10.00
22.7	14.00
22.72	12.00
22.74	16.00
22.76	6.00
22.78	12.00
22.8	6.00
22.82	6.00
22.84	14.00
22.86	12.00
22.88	16.00
22.9	10.00
22.92	20.00
22.94	8.00
22.96	20.00
22.98	18.00
23	26.00
23.02	28.00
23.04	28.00
23.06	36.00
23.08	22.00
23.1	38.00
23.12	48.00
23.14	40.00
23.16	64.00
23.18	64.00
23.2	72.00
23.22	84.00
23.24	80.00
23.26	96.00
23.28	120.00
23.3	126.00
23.32	114.00
23.34	126.00
23.36	128.00
23.38	164.00
23.4	126.00
23.42	162.00
23.44	144.00
23.46	138.00
23.48	124.00
23.5	92.00
23.52	106.00
23.54	90.00
23.56	82.00
23.58	78.00
23.6	64.00
23.62	58.00
23.64	48.00
23.66	46.00
23.68	28.00
23.7	30.00
23.72	20.00
23.74	28.00
23.76	18.00
23.78	16.00
23.8	20.00
23.82	14.00
23.84	12.00
23.86	10.00
23.88	8.00
23.9	8.00
23.92	12.00
23.94	10.00
23.96	12.00
23.98	10.00
24	8.00
24.02	8.00
24.04	6.00
24.06	8.00
24.08	8.00
24.1	4.00
24.12	6.00
24.14	14.00
24.16	10.00
24.18	2.00
24.2	8.00
24.22	8.00
24.24	12.00
24.26	12.00
24.28	6.00
24.3	8.00
24.32	10.00
24.34	4.00
24.36	10.00
24.38	10.00
24.4	8.00
24.42	6.00
24.44	14.00
24.46	6.00
24.48	8.00
24.5	10.00
24.52	8.00
24.54	6.00
24.56	10.00
24.58	8.00
24.6	10.00
24.62	4.00
24.64	8.00
24.66	6.00
24.68	6.00
24.7	8.00
24.72	12.00
24.74	12.00
24.76	6.00
24.78	14.00
24.8	10.00
24.82	14.00
24.84	8.00
24.86	6.00
24.88	10.00
24.9	10.00
24.92	14.00
24.94	6.00
24.96	12.00
24.98	8.00
25	6.00
25.02	10.00
25.04	14.00
25.06	10.00
25.08	8.00
25.1	8.00
25.12	2.00
25.14	8.00
25.16	10.00
25.18	8.00
25.2	4.00
25.22	8.00
25.24	2.00
25.26	12.00
25.28	6.00
25.3	6.00
25.32	6.00
25.34	8.00
25.36	10.00
25.38	16.00
25.4	10.00
25.42	10.00
25.44	8.00
25.46	12.00
25.48	10.00
25.5	14.00
25.52	8.00
25.54	6.00
25.56	8.00
25.58	6.00
25.6	8.00
25.62	10.00
25.64	12.00
25.66	16.00
25.68	14.00
25.7	8.00
25.72	10.00
25.74	8.00
25.76	14.00
25.78	12.00
25.8	10.00
25.82	8.00
25.84	8.00
25.86	8.00
25.88	10.00
25.9	6.00
25.92	8.00
25.94	6.00
25.96	12.00
25.98	6.00
26	10.00
26.02	6.00
26.04	12.00
26.06	10.00
26.08	6.00
26.1	12.00
26.12	12.00
26.14	4.00
26.16	12.00
26.18	10.00
26.2	6.00
26.22	6.00
26.24	14.00
26.26	8.00
26.28	10.00
26.3	6.00
26.32	16.00
26.34	6.00
26.36	10.00
26.38	8.00
26.4	12.00
26.42	6.00
26.44	14.00
26.46	10.00
26.48	8.00
26.5	10.00
26.52	4.00
26.54	14.00
26.56	10.00
26.58	8.00
26.6	14.00
26.62	20.00
26.64	4.00
26.66	14.00
26.68	8.00
26.7	4.00
26.72	10.00
26.74	6.00
26.76	8.00
26.78	4.00
26.8	8.00
26.82	10.00
26.84	8.00
26.86	14.00
26.88	10.00
26.9	6.00
26.92	12.00
26.94	8.00
26.96	14.00
26.98	12.00
27	12.00
27.02	4.00
27.04	6.00
27.06	10.00
27.08	6.00
27.1	12.00
27.12	10.00
27.14	6.00
27.16	6.00
27.18	10.00
27.2	10.00
27.22	8.00
27.24	6.00
27.26	4.00
27.28	14.00
27.3	10.00
27.32	14.00
27.34	4.00
27.36	10.00
27.38	6.00
27.4	10.00
27.42	8.00
27.44	8.00
27.46	12.00
27.48	18.00
27.5	20.00
27.52	14.00
27.54	14.00
27.56	8.00
27.58	6.00
27.6	10.00
27.62	8.00
27.64	10.00
27.66	6.00
27.68	10.00
27.7	4.00
27.72	10.00
27.74	4.00
27.76	8.00
27.78	6.00
27.8	8.00
27.82	8.00
27.84	10.00
27.86	10.00
27.88	14.00
27.9	10.00
27.92	8.00
27.94	14.00
27.96	10.00
27.98	12.00
28	6.00
28.02	6.00
28.04	14.00
28.06	6.00
28.08	8.00
28.1	10.00
28.12	12.00
28.14	8.00
28.16	10.00
28.18	12.00
28.2	8.00
28.22	4.00
28.24	14.00
28.26	12.00
28.28	12.00
28.3	12.00
28.32	14.00
28.34	8.00
28.36	12.00
28.38	12.00
28.4	10.00
28.42	14.00
28.44	6.00
28.46	6.00
28.48	8.00
28.5	8.00
28.52	16.00
28.54	8.00
28.56	16.00
28.58	8.00
28.6	12.00
28.62	8.00
28.64	12.00
28.66	12.00
28.68	16.00
28.7	12.00
28.72	12.00
28.74	12.00
28.76	12.00
28.78	12.00
28.8	12.00
28.82	16.00
28.84	14.00
28.86	16.00
28.88	14.00
28.9	22.00
28.92	28.00
28.94	22.00
28.96	32.00
28.98	38.00
29	30.00
29.02	30.00
29.04	48.00
29.06	42.00
29.08	44.00
29.1	62.00
29.12	54.00
29.14	64.00
29.16	70.00
29.18	100.00
29.2	98.00
29.22	116.00
29.24	114.00
29.26	150.00
29.28	154.00
29.3	152.00
29.32	204.00
29.34	186.00
29.36	210.00
29.38	188.00
29.4	198.00
29.42	216.00
29.44	200.00
29.46	190.00
29.48	196.00
29.5	224.00
29.52	200.00
29.54	164.00
29.56	168.00
29.58	152.00
29.6	142.00
29.62	124.00
29.64	98.00
29.66	96.00
29.68	54.00
29.7	66.00
29.72	38.00
29.74	44.00
29.76	40.00
29.78	34.00
29.8	28.00
29.82	28.00
29.84	34.00
29.86	28.00
29.88	28.00
29.9	24.00
29.92	26.00
29.94	32.00
29.96	22.00
29.98	38.00
30	42.00
30.02	42.00
30.04	42.00
30.06	42.00
30.08	50.00
30.1	70.00
30.12	78.00
30.14	68.00
30.16	98.00
30.18	116.00
30.2	124.00
30.22	144.00
30.24	142.00
30.26	178.00
30.28	192.00
30.3	236.00
30.32	250.00
30.34	304.00
30.36	308.00
30.38	400.00
30.4	392.00
30.42	470.00
30.44	504.00
30.46	550.00
30.48	592.00
30.5	548.00
30.52	680.00
30.54	642.00
30.56	622.00
30.58	636.00
30.6	694.00
30.62	626.00
30.64	556.00
30.66	602.00
30.68	528.00
30.7	498.00
30.72	482.00
30.74	428.00
30.76	386.00
30.78	318.00
30.8	280.00
30.82	246.00
30.84	196.00
30.86	164.00
30.88	116.00
30.9	78.00
30.92	82.00
30.94	64.00
30.96	64.00
30.98	42.00
31	42.00
31.02	40.00
31.04	34.00
31.06	32.00
31.08	46.00
31.1	22.00
31.12	38.00
31.14	38.00
31.16	42.00
31.18	40.00
31.2	48.00
31.22	48.00
31.24	72.00
31.26	80.00
31.28	76.00
31.3	88.00
31.32	110.00
31.34	130.00
31.36	156.00
31.38	152.00
31.4	184.00
31.42	198.00
31.44	260.00
31.46	274.00
31.48	322.00
31.5	358.00
31.52	402.00
31.54	418.00
31.56	524.00
31.58	572.00
31.6	604.00
31.62	672.00
31.64	714.00
31.66	762.00
31.68	780.00
31.7	808.00
31.72	800.00
31.74	824.00
31.76	860.00
31.78	836.00
31.8	838.00
31.82	790.00
31.84	698.00
31.86	682.00
31.88	686.00
31.9	544.00
31.92	542.00
31.94	476.00
31.96	422.00
31.98	370.00
32	300.00
32.02	270.00
32.04	202.00
32.06	184.00
32.08	148.00
32.1	136.00
32.12	92.00
32.14	72.00
32.16	68.00
32.18	66.00
32.2	50.00
32.22	48.00
32.24	48.00
32.26	36.00
32.28	36.00
32.3	24.00
32.32	26.00
32.34	24.00
32.36	16.00
32.38	24.00
32.4	18.00
32.42	22.00
32.44	30.00
32.46	20.00
32.48	20.00
32.5	20.00
32.52	20.00
32.54	16.00
32.56	16.00
32.58	26.00
32.6	18.00
32.62	16.00
32.64	14.00
32.66	12.00
32.68	14.00
32.7	12.00
32.72	20.00
32.74	12.00
32.76	12.00
32.78	14.00
32.8	16.00
32.82	12.00
32.84	20.00
32.86	16.00
32.88	20.00
32.9	18.00
32.92	14.00
32.94	10.00
32.96	12.00
32.98	14.00
33	20.00
33.02	14.00
33.04	14.00
33.06	10.00
33.08	14.00
33.1	22.00
33.12	6.00
33.14	10.00
33.16	12.00
33.18	14.00
33.2	10.00
33.22	6.00
33.24	14.00
33.26	14.00
33.28	14.00
33.3	8.00
33.32	14.00
33.34	18.00
33.36	16.00
33.38	18.00
33.4	20.00
33.42	20.00
33.44	18.00
33.46	14.00
33.48	16.00
33.5	24.00
33.52	16.00
33.54	20.00
33.56	24.00
33.58	32.00
33.6	36.00
33.62	40.00
33.64	40.00
33.66	40.00
33.68	50.00
33.7	54.00
33.72	52.00
33.74	74.00
33.76	90.00
33.78	82.00
33.8	94.00
33.82	122.00
33.84	134.00
33.86	146.00
33.88	154.00
33.9	180.00
33.92	194.00
33.94	198.00
33.96	218.00
33.98	222.00
34	260.00
34.02	266.00
34.04	272.00
34.06	298.00
34.08	288.00
34.1	254.00
34.12	288.00
34.14	246.00
34.16	264.00
34.18	212.00
34.2	206.00
34.22	200.00
34.24	176.00
34.26	152.00
34.28	132.00
34.3	124.00
34.32	92.00
34.34	74.00
34.36	68.00
34.38	66.00
34.4	42.00
34.42	40.00
34.44	30.00
34.46	28.00
34.48	20.00
34.5	24.00
34.52	18.00
34.54	26.00
34.56	26.00
34.58	16.00
34.6	16.00
34.62	18.00
34.64	10.00
34.66	18.00
34.68	14.00
34.7	20.00
34.72	8.00
34.74	10.00
34.76	18.00
34.78	4.00
34.8	16.00
34.82	12.00
34.84	16.00
34.86	16.00
34.88	10.00
34.9	16.00
34.92	14.00
34.94	10.00
34.96	20.00
34.98	8.00
35	12.00
35.02	16.00
35.04	16.00
35.06	10.00
35.08	16.00
35.1	16.00
35.12	12.00
35.14	16.00
35.16	12.00
35.18	10.00
35.2	12.00
35.22	16.00
35.24	18.00
35.26	10.00
35.28	18.00
35.3	12.00
35.32	12.00
35.34	8.00
35.36	12.00
35.38	6.00
35.4	22.00
35.42	22.00
35.44	10.00
35.46	20.00
35.48	22.00
35.5	18.00
35.52	14.00
35.54	22.00
35.56	28.00
35.58	18.00
35.6	30.00
35.62	26.00
35.64	24.00
35.66	44.00
35.68	34.00
35.7	44.00
35.72	38.00
35.74	46.00
35.76	56.00
35.78	66.00
35.8	60.00
35.82	72.00
35.84	80.00
35.86	98.00
35.88	108.00
35.9	104.00
35.92	114.00
35.94	132.00
35.96	138.00
35.98	142.00
36	146.00
36.02	162.00
36.04	146.00
36.06	162.00
36.08	148.00
36.1	152.00
36.12	156.00
36.14	124.00
36.16	154.00
36.18	128.00
36.2	114.00
36.22	100.00
36.24	110.00
36.26	72.00
36.28	72.00
36.3	62.00
36.32	54.00
36.34	48.00
36.36	50.00
36.38	40.00
36.4	38.00
36.42	28.00
36.44	50.00
36.46	46.00
36.48	56.00
36.5	46.00
36.52	40.00
36.54	54.00
36.56	68.00
36.58	66.00
36.6	90.00
36.62	86.00
36.64	118.00
36.66	126.00
36.68	160.00
36.7	176.00
36.72	194.00
36.74	206.00
36.76	190.00
36.78	254.00
36.8	284.00
36.82	284.00
36.84	294.00
36.86	344.00
36.88	318.00
36.9	336.00
36.92	344.00
36.94	338.00
36.96	344.00
36.98	316.00
37	310.00
37.02	302.00
37.04	276.00
37.06	258.00
37.08	270.00
37.1	228.00
37.12	204.00
37.14	156.00
37.16	150.00
37.18	140.00
37.2	112.00
37.22	94.00
37.24	66.00
37.26	54.00
37.28	46.00
37.3	30.00
37.32	32.00
37.34	18.00
37.36	20.00
37.38	26.00
37.4	16.00
37.42	16.00
37.44	18.00
37.46	18.00
37.48	16.00
37.5	16.00
37.52	16.00
37.54	16.00
37.56	18.00
37.58	14.00
37.6	20.00
37.62	16.00
37.64	10.00
37.66	18.00
37.68	12.00
37.7	10.00
37.72	16.00
37.74	20.00
37.76	4.00
37.78	10.00
37.8	10.00
37.82	8.00
37.84	14.00
37.86	16.00
37.88	12.00
37.9	8.00
37.92	10.00
37.94	8.00
37.96	14.00
37.98	12.00
38	18.00
38.02	10.00
38.04	8.00
38.06	10.00
38.08	10.00
38.1	10.00
38.12	14.00
38.14	10.00
38.16	16.00
38.18	12.00
38.2	12.00
38.22	14.00
38.24	10.00
38.26	14.00
38.28	12.00
38.3	14.00
38.32	12.00
38.34	16.00
38.36	8.00
38.38	14.00
38.4	14.00
38.42	10.00
38.44	10.00
38.46	8.00
38.48	14.00
38.5	8.00
38.52	14.00
38.54	10.00
38.56	14.00
38.58	4.00
38.6	10.00
38.62	12.00
38.64	4.00
38.66	8.00
38.68	10.00
38.7	12.00
38.72	18.00
38.74	12.00
38.76	16.00
38.78	12.00
38.8	8.00
38.82	14.00
38.84	12.00
38.86	12.00
38.88	12.00
38.9	12.00
38.92	10.00
38.94	18.00
38.96	20.00
38.98	16.00
39	14.00
39.02	18.00
39.04	20.00
39.06	18.00
39.08	20.00
39.1	30.00
39.12	36.00
39.14	36.00
39.16	30.00
39.18	36.00
39.2	42.00
39.22	44.00
39.24	40.00
39.26	58.00
39.28	72.00
39.3	76.00
39.32	88.00
39.34	76.00
39.36	90.00
39.38	90.00
39.4	112.00
39.42	120.00
39.44	114.00
39.46	144.00
39.48	150.00
39.5	132.00
39.52	144.00
39.54	162.00
39.56	170.00
39.58	162.00
39.6	174.00
39.62	192.00
39.64	150.00
39.66	162.00
39.68	152.00
39.7	158.00
39.72	136.00
39.74	134.00
39.76	152.00
39.78	138.00
39.8	150.00
39.82	138.00
39.84	130.00
39.86	120.00
39.88	124.00
39.9	114.00
39.92	122.00
39.94	102.00
39.96	104.00
39.98	96.00
40	98.00
40.02	78.00
40.04	80.00
40.06	70.00
40.08	66.00
40.1	60.00
40.12	62.00
40.14	48.00
40.16	46.00
40.18	30.00
40.2	32.00
40.22	24.00
40.24	22.00
40.26	12.00
40.28	24.00
40.3	12.00
40.32	14.00
40.34	14.00
40.36	22.00
40.38	12.00
40.4	10.00
40.42	18.00
40.44	14.00
40.46	10.00
40.48	12.00
40.5	6.00
40.52	12.00
40.54	8.00
40.56	22.00
40.58	14.00
40.6	10.00
40.62	12.00
40.64	16.00
40.66	10.00
40.68	12.00
40.7	10.00
40.72	16.00
40.74	8.00
40.76	14.00
40.78	12.00
40.8	6.00
40.82	8.00
40.84	14.00
40.86	14.00
40.88	12.00
40.9	10.00
40.92	8.00
40.94	18.00
40.96	10.00
40.98	8.00
41	16.00
41.02	14.00
41.04	10.00
41.06	8.00
41.08	18.00
41.1	10.00
41.12	10.00
41.14	10.00
41.16	10.00
41.18	20.00
41.2	16.00
41.22	6.00
41.24	10.00
41.26	16.00
41.28	6.00
41.3	12.00
41.32	8.00
41.34	10.00
41.36	6.00
41.38	14.00
41.4	12.00
41.42	12.00
41.44	6.00
41.46	4.00
41.48	6.00
41.5	4.00
41.52	12.00
41.54	12.00
41.56	10.00
41.58	10.00
41.6	4.00
41.62	4.00
41.64	12.00
41.66	8.00
41.68	6.00
41.7	14.00
41.72	6.00
41.74	8.00
41.76	6.00
41.78	6.00
41.8	18.00
41.82	6.00
41.84	6.00
41.86	6.00
41.88	22.00
41.9	16.00
41.92	10.00
41.94	14.00
41.96	8.00
41.98	14.00
42	12.00
42.02	12.00
42.04	12.00
42.06	18.00
42.08	8.00
42.1	12.00
42.12	14.00
42.14	10.00
42.16	16.00
42.18	14.00
42.2	8.00
42.22	10.00
42.24	16.00
42.26	16.00
42.28	16.00
42.3	10.00
42.32	16.00
42.34	18.00
42.36	10.00
42.38	16.00
42.4	10.00
42.42	24.00
42.44	30.00
42.46	20.00
42.48	28.00
42.5	44.00
42.52	32.00
42.54	26.00
42.56	38.00
42.58	40.00
42.6	40.00
42.62	42.00
42.64	38.00
42.66	38.00
42.68	36.00
42.7	38.00
42.72	40.00
42.74	36.00
42.76	46.00
42.78	42.00
42.8	34.00
42.82	30.00
42.84	26.00
42.86	30.00
42.88	20.00
42.9	18.00
42.92	16.00
42.94	20.00
42.96	26.00
42.98	22.00
43	12.00
43.02	18.00
43.04	20.00
43.06	24.00
43.08	20.00
43.1	20.00
43.12	26.00
43.14	28.00
43.16	30.00
43.18	30.00
43.2	42.00
43.22	34.00
43.24	34.00
43.26	40.00
43.28	46.00
43.3	52.00
43.32	52.00
43.34	64.00
43.36	64.00
43.38	62.00
43.4	50.00
43.42	68.00
43.44	62.00
43.46	56.00
43.48	66.00
43.5	82.00
43.52	72.00
43.54	64.00
43.56	52.00
43.58	54.00
43.6	36.00
43.62	40.00
43.64	42.00
43.66	36.00
43.68	26.00
43.7	36.00
43.72	16.00
43.74	18.00
43.76	22.00
43.78	10.00
43.8	24.00
43.82	14.00
43.84	14.00
43.86	12.00
43.88	12.00
43.9	16.00
43.92	22.00
43.94	16.00
43.96	12.00
43.98	16.00
44	12.00
44.02	14.00
44.04	14.00
44.06	18.00
44.08	6.00
44.1	12.00
44.12	18.00
44.14	20.00
44.16	10.00
44.18	12.00
44.2	4.00
44.22	12.00
44.24	16.00
44.26	12.00
44.28	8.00
44.3	8.00
44.32	14.00
44.34	16.00
44.36	12.00
44.38	4.00
44.4	6.00
44.42	8.00
44.44	10.00
44.46	10.00
44.48	16.00
44.5	14.00
44.52	16.00
44.54	4.00
44.56	12.00
44.58	10.00
44.6	16.00
44.62	12.00
44.64	12.00
44.66	12.00
44.68	14.00
44.7	10.00
44.72	12.00
44.74	16.00
44.76	18.00
44.78	8.00
44.8	18.00
44.82	18.00
44.84	20.00
44.86	20.00
44.88	28.00
44.9	16.00
44.92	18.00
44.94	24.00
44.96	32.00
44.98	20.00
45	24.00
45.02	24.00
45.04	20.00
45.06	14.00
45.08	24.00
45.1	18.00
45.12	22.00
45.14	18.00
45.16	16.00
45.18	20.00
45.2	20.00
45.22	18.00
45.24	14.00
45.26	8.00
45.28	18.00
45.3	14.00
45.32	12.00
45.34	16.00
45.36	12.00
45.38	10.00
45.4	10.00
45.42	8.00
45.44	10.00
45.46	6.00
45.48	16.00
45.5	4.00
45.52	12.00
45.54	6.00
45.56	10.00
45.58	10.00
45.6	12.00
45.62	10.00
45.64	14.00
45.66	10.00
45.68	4.00
45.7	14.00
45.72	10.00
45.74	10.00
45.76	8.00
45.78	14.00
45.8	10.00
45.82	10.00
45.84	10.00
45.86	16.00
45.88	6.00
45.9	12.00
45.92	6.00
45.94	8.00
45.96	10.00
45.98	12.00
46	12.00
46.02	10.00
46.04	8.00
46.06	8.00
46.08	12.00
46.1	14.00
46.12	10.00
46.14	6.00
46.16	10.00
46.18	10.00
46.2	4.00
46.22	10.00
46.24	12.00
46.26	6.00
46.28	10.00
46.3	12.00
46.32	8.00
46.34	14.00
46.36	8.00
46.38	8.00
46.4	10.00
46.42	8.00
46.44	8.00
46.46	10.00
46.48	14.00
46.5	12.00
46.52	8.00
46.54	10.00
46.56	18.00
46.58	8.00
46.6	8.00
46.62	10.00
46.64	10.00
46.66	8.00
46.68	18.00
46.7	16.00
46.72	8.00
46.74	10.00
46.76	14.00
46.78	16.00
46.8	8.00
46.82	8.00
46.84	6.00
46.86	14.00
46.88	8.00
46.9	8.00
46.92	10.00
46.94	10.00
46.96	12.00
46.98	14.00
47	14.00
47.02	16.00
47.04	8.00
47.06	10.00
47.08	16.00
47.1	18.00
47.12	6.00
47.14	10.00
47.16	12.00
47.18	10.00
47.2	16.00
47.22	4.00
47.24	8.00
47.26	16.00
47.28	10.00
47.3	16.00
47.32	18.00
47.34	14.00
47.36	20.00
47.38	16.00
47.4	18.00
47.42	18.00
47.44	20.00
47.46	22.00
47.48	16.00
47.5	22.00
47.52	22.00
47.54	22.00
47.56	12.00
47.58	20.00
47.6	24.00
47.62	24.00
47.64	20.00
47.66	14.00
47.68	20.00
47.7	22.00
47.72	22.00
47.74	20.00
47.76	16.00
47.78	26.00
47.8	22.00
47.82	26.00
47.84	26.00
47.86	22.00
47.88	30.00
47.9	22.00
47.92	22.00
47.94	18.00
47.96	24.00
47.98	28.00
48	28.00
48.02	24.00
48.04	22.00
48.06	24.00
48.08	16.00
48.1	18.00
48.12	24.00
48.14	30.00
48.16	30.00
48.18	28.00
48.2	24.00
48.22	34.00
48.24	32.00
48.26	34.00
48.28	36.00
48.3	40.00
48.32	48.00
48.34	48.00
48.36	38.00
48.38	50.00
48.4	62.00
48.42	76.00
48.44	70.00
48.46	78.00
48.48	92.00
48.5	88.00
48.52	84.00
48.54	102.00
48.56	118.00
48.58	114.00
48.6	122.00
48.62	128.00
48.64	144.00
48.66	136.00
48.68	150.00
48.7	144.00
48.72	182.00
48.74	162.00
48.76	138.00
48.78	144.00
48.8	140.00
48.82	128.00
48.84	114.00
48.86	128.00
48.88	84.00
48.9	116.00
48.92	84.00
48.94	96.00
48.96	70.00
48.98	64.00
49	64.00
49.02	44.00
49.04	40.00
49.06	38.00
49.08	20.00
49.1	22.00
49.12	24.00
49.14	30.00
49.16	28.00
49.18	22.00
49.2	12.00
49.22	16.00
49.24	8.00
49.26	6.00
49.28	10.00
49.3	10.00
49.32	10.00
49.34	12.00
49.36	10.00
49.38	4.00
49.4	10.00
49.42	10.00
49.44	18.00
49.46	12.00
49.48	6.00
49.5	14.00
49.52	12.00
49.54	6.00
49.56	18.00
49.58	14.00
49.6	10.00
49.62	14.00
49.64	10.00
49.66	12.00
49.68	14.00
49.7	8.00
49.72	14.00
49.74	12.00
49.76	20.00
49.78	8.00
49.8	12.00
49.82	16.00
49.84	16.00
49.86	18.00
49.88	26.00
49.9	20.00
49.92	14.00
49.94	18.00
49.96	24.00
49.98	28.00
50	32.00
50.02	24.00
50.04	40.00
50.06	14.00
50.08	34.00
50.1	38.00
50.12	36.00
50.14	42.00
50.16	42.00
50.18	44.00
50.2	46.00
50.22	52.00
50.24	46.00
50.26	28.00
50.28	44.00
50.3	48.00
50.32	38.00
50.34	38.00
50.36	34.00
50.38	38.00
50.4	38.00
50.42	38.00
50.44	42.00
50.46	32.00
50.48	32.00
50.5	22.00
50.52	22.00
50.54	26.00
50.56	20.00
50.58	16.00
50.6	12.00
50.62	12.00
50.64	16.00
50.66	20.00
50.68	12.00
50.7	8.00
50.72	12.00
50.74	14.00
50.76	8.00
50.78	10.00
50.8	8.00
50.82	10.00
50.84	6.00
50.86	8.00
50.88	10.00
50.9	12.00
50.92	14.00
50.94	14.00
50.96	10.00
50.98	10.00
51	8.00
51.02	12.00
51.04	6.00
51.06	16.00
51.08	14.00
51.1	10.00
51.12	6.00
51.14	10.00
51.16	6.00
51.18	10.00
51.2	8.00
51.22	12.00
51.24	14.00
51.26	8.00
51.28	8.00
51.3	6.00
51.32	12.00
51.34	12.00
51.36	8.00
51.38	12.00
51.4	10.00
51.42	12.00
51.44	14.00
51.46	14.00
51.48	6.00
51.5	8.00
51.52	8.00
51.54	12.00
51.56	10.00
51.58	8.00
51.6	8.00
51.62	4.00
51.64	8.00
51.66	6.00
51.68	10.00
51.7	8.00
51.72	2.00
51.74	10.00
51.76	6.00
51.78	6.00
51.8	12.00
51.82	10.00
51.84	8.00
51.86	12.00
51.88	8.00
51.9	8.00
51.92	10.00
51.94	14.00
51.96	8.00
51.98	8.00
52	14.00
52.02	10.00
52.04	8.00
52.06	6.00
52.08	10.00
52.1	10.00
52.12	10.00
52.14	8.00
52.16	16.00
52.18	6.00
52.2	8.00
52.22	10.00
52.24	16.00
52.26	8.00
52.28	10.00
52.3	10.00
52.32	14.00
52.34	6.00
52.36	10.00
52.38	8.00
52.4	6.00
52.42	10.00
52.44	12.00
52.46	10.00
52.48	8.00
52.5	8.00
52.52	10.00
52.54	16.00
52.56	10.00
52.58	8.00
52.6	8.00
52.62	8.00
52.64	10.00
52.66	10.00
52.68	8.00
52.7	8.00
52.72	12.00
52.74	6.00
52.76	12.00
52.78	8.00
52.8	6.00
52.82	10.00
52.84	14.00
52.86	6.00
52.88	4.00
52.9	4.00
52.92	16.00
52.94	8.00
52.96	6.00
52.98	8.00
53	14.00
53.02	4.00
53.04	10.00
53.06	14.00
53.08	4.00
53.1	4.00
53.12	10.00
53.14	18.00
53.16	12.00
53.18	8.00
53.2	8.00
53.22	14.00
53.24	12.00
53.26	14.00
53.28	12.00
53.3	8.00
53.32	10.00
53.34	14.00
53.36	6.00
53.38	8.00
53.4	8.00
53.42	18.00
53.44	10.00
53.46	10.00
53.48	12.00
53.5	16.00
53.52	14.00
53.54	18.00
53.56	10.00
53.58	10.00
53.6	12.00
53.62	6.00
53.64	6.00
53.66	8.00
53.68	12.00
53.7	12.00
53.72	14.00
53.74	6.00
53.76	8.00
53.78	6.00
53.8	14.00
53.82	8.00
53.84	6.00
53.86	10.00
53.88	10.00
53.9	14.00
53.92	10.00
53.94	16.00
53.96	8.00
53.98	10.00
54	4.00
54.02	10.00
54.04	6.00
54.06	6.00
54.08	8.00
54.1	12.00
54.12	14.00
54.14	10.00
54.16	12.00
54.18	6.00
54.2	10.00
54.22	8.00
54.24	14.00
54.26	8.00
54.28	8.00
54.3	10.00
54.32	14.00
54.34	6.00
54.36	6.00
54.38	8.00
54.4	6.00
54.42	12.00
54.44	10.00
54.46	4.00
54.48	6.00
54.5	14.00
54.52	12.00
54.54	8.00
54.56	16.00
54.58	2.00
54.6	6.00
54.62	4.00
54.64	10.00
54.66	8.00
54.68	10.00
54.7	14.00
54.72	12.00
54.74	10.00
54.76	10.00
54.78	6.00
54.8	6.00
54.82	12.00
54.84	8.00
54.86	8.00
54.88	12.00
54.9	10.00
54.92	10.00
54.94	10.00
54.96	14.00
54.98	12.00
55	8.00
55.02	8.00
55.04	12.00
55.06	8.00
55.08	8.00
55.1	10.00
55.12	12.00
55.14	6.00
55.16	2.00
55.18	16.00
55.2	10.00
55.22	4.00
55.24	6.00
55.26	10.00
55.28	6.00
55.3	6.00
55.32	10.00
55.34	12.00
55.36	18.00
55.38	12.00
55.4	4.00
55.42	8.00
55.44	10.00
55.46	10.00
55.48	10.00
55.5	4.00
55.52	6.00
55.54	12.00
55.56	12.00
55.58	4.00
55.6	6.00
55.62	12.00
55.64	8.00
55.66	14.00
55.68	10.00
55.7	12.00
55.72	6.00
55.74	4.00
55.76	8.00
55.78	12.00
55.8	10.00
55.82	4.00
55.84	10.00
55.86	12.00
55.88	16.00
55.9	12.00
55.92	8.00
55.94	6.00
55.96	16.00
55.98	10.00
56	12.00
56.02	12.00
56.04	10.00
56.06	16.00
56.08	10.00
56.1	10.00
56.12	18.00
56.14	8.00
56.16	16.00
56.18	16.00
56.2	12.00
56.22	10.00
56.24	12.00
56.26	12.00
56.28	8.00
56.3	16.00
56.32	14.00
56.34	16.00
56.36	16.00
56.38	14.00
56.4	16.00
56.42	20.00
56.44	14.00
56.46	18.00
56.48	24.00
56.5	24.00
56.52	24.00
56.54	34.00
56.56	32.00
56.58	30.00
56.6	44.00
56.62	38.00
56.64	42.00
56.66	38.00
56.68	40.00
56.7	48.00
56.72	50.00
56.74	48.00
56.76	46.00
56.78	32.00
56.8	50.00
56.82	50.00
56.84	48.00
56.86	44.00
56.88	46.00
56.9	50.00
56.92	32.00
56.94	30.00
56.96	30.00
56.98	22.00
57	26.00
57.02	20.00
57.04	20.00
57.06	24.00
57.08	26.00
57.1	20.00
57.12	22.00
57.14	26.00
57.16	12.00
57.18	14.00
57.2	24.00
57.22	10.00
57.24	18.00
57.26	20.00
57.28	22.00
57.3	18.00
57.32	18.00
57.34	24.00
57.36	18.00
57.38	28.00
57.4	32.00
57.42	28.00
57.44	30.00
57.46	32.00
57.48	26.00
57.5	52.00
57.52	42.00
57.54	68.00
57.56	60.00
57.58	54.00
57.6	48.00
57.62	56.00
57.64	60.00
57.66	62.00
57.68	56.00
57.7	64.00
57.72	68.00
57.74	50.00
57.76	62.00
57.78	62.00
57.8	66.00
57.82	76.00
57.84	50.00
57.86	64.00
57.88	70.00
57.9	66.00
57.92	56.00
57.94	54.00
57.96	50.00
57.98	52.00
58	38.00
58.02	62.00
58.04	48.00
58.06	42.00
58.08	36.00
58.1	46.00
58.12	40.00
58.14	50.00
58.16	54.00
58.18	60.00
58.2	48.00
58.22	58.00
58.24	44.00
58.26	52.00
58.28	54.00
58.3	62.00
58.32	64.00
58.34	60.00
58.36	58.00
58.38	54.00
58.4	56.00
58.42	56.00
58.44	70.00
58.46	60.00
58.48	54.00
58.5	68.00
58.52	66.00
58.54	76.00
58.56	76.00
58.58	74.00
58.6	76.00
58.62	72.00
58.64	70.00
58.66	62.00
58.68	92.00
58.7	72.00
58.72	72.00
58.74	76.00
58.76	82.00
58.78	94.00
58.8	84.00
58.82	88.00
58.84	66.00
58.86	88.00
58.88	88.00
58.9	88.00
58.92	82.00
58.94	80.00
58.96	88.00
58.98	88.00
59	72.00
59.02	76.00
59.04	78.00
59.06	64.00
59.08	66.00
59.1	58.00
59.12	74.00
59.14	54.00
59.16	62.00
59.18	58.00
59.2	42.00
59.22	38.00
59.24	54.00
59.26	34.00
59.28	36.00
59.3	52.00
59.32	42.00
59.34	34.00
59.36	50.00
59.38	50.00
59.4	56.00
59.42	60.00
59.44	60.00
59.46	74.00
59.48	78.00
59.5	60.00
59.52	70.00
59.54	74.00
59.56	68.00
59.58	70.00
59.6	70.00
59.62	90.00
59.64	84.00
59.66	86.00
59.68	104.00
59.7	88.00
59.72	88.00
59.74	80.00
59.76	98.00
59.78	94.00
59.8	76.00
59.82	80.00
59.84	82.00
59.86	78.00
59.88	64.00
59.9	74.00
59.92	58.00
59.94	60.00
59.96	50.00
59.98	50.00
60	42.00
60.02	30.00
60.04	24.00
60.06	32.00
60.08	32.00
60.1	34.00
60.12	18.00
60.14	24.00
60.16	20.00
60.18	22.00
60.2	16.00
60.22	14.00
60.24	16.00
60.26	10.00
60.28	18.00
60.3	14.00
60.32	12.00
60.34	8.00
60.36	10.00
60.38	10.00
60.4	20.00
60.42	10.00
60.44	16.00
60.46	20.00
60.48	16.00
60.5	18.00
60.52	12.00
60.54	14.00
60.56	10.00
60.58	10.00
60.6	12.00
60.62	18.00
60.64	18.00
60.66	16.00
60.68	24.00
60.7	26.00
60.72	16.00
60.74	22.00
60.76	18.00
60.78	22.00
60.8	22.00
60.82	28.00
60.84	22.00
60.86	38.00
60.88	48.00
60.9	40.00
60.92	34.00
60.94	34.00
60.96	46.00
60.98	48.00
61	42.00
61.02	44.00
61.04	50.00
61.06	56.00
61.08	52.00
61.1	42.00
61.12	74.00
61.14	76.00
61.16	48.00
61.18	64.00
61.2	70.00
61.22	52.00
61.24	56.00
61.26	64.00
61.28	66.00
61.3	70.00
61.32	50.00
61.34	70.00
61.36	54.00
61.38	60.00
61.4	52.00
61.42	68.00
61.44	64.00
61.46	48.00
61.48	48.00
61.5	50.00
61.52	68.00
61.54	50.00
61.56	46.00
61.58	42.00
61.6	38.00
61.62	32.00
61.64	42.00
61.66	38.00
61.68	30.00
61.7	26.00
61.72	32.00
61.74	26.00
61.76	20.00
61.78	26.00
61.8	24.00
61.82	22.00
61.84	20.00
61.86	20.00
61.88	16.00
61.9	18.00
61.92	18.00
61.94	22.00
61.96	20.00
61.98	14.00
62	8.00
62.02	12.00
62.04	14.00
62.06	14.00
62.08	12.00
62.1	12.00
62.12	10.00
62.14	6.00
62.16	16.00
62.18	8.00
62.2	14.00
62.22	12.00
62.24	12.00
62.26	14.00
62.28	16.00
62.3	10.00
62.32	8.00
62.34	8.00
62.36	6.00
62.38	8.00
62.4	14.00
62.42	16.00
62.44	12.00
62.46	6.00
62.48	8.00
62.5	10.00
62.52	12.00
62.54	14.00
62.56	8.00
62.58	14.00
62.6	10.00
62.62	6.00
62.64	8.00
62.66	14.00
62.68	6.00
62.7	10.00
62.72	12.00
62.74	10.00
62.76	12.00
62.78	4.00
62.8	20.00
62.82	12.00
62.84	12.00
62.86	12.00
62.88	10.00
62.9	22.00
62.92	16.00
62.94	14.00
62.96	18.00
62.98	28.00
63	22.00
63.02	20.00
63.04	26.00
63.06	26.00
63.08	24.00
63.1	28.00
63.12	36.00
63.14	46.00
63.16	42.00
63.18	48.00
63.2	44.00
63.22	32.00
63.24	44.00
63.26	42.00
63.28	44.00
63.3	38.00
63.32	42.00
63.34	40.00
63.36	44.00
63.38	46.00
63.4	48.00
63.42	48.00
63.44	36.00
63.46	50.00
63.48	52.00
63.5	38.00
63.52	50.00
63.54	56.00
63.56	44.00
63.58	46.00
63.6	40.00
63.62	38.00
63.64	38.00
63.66	42.00
63.68	54.00
63.7	28.00
63.72	28.00
63.74	38.00
63.76	28.00
63.78	26.00
63.8	26.00
63.82	26.00
63.84	24.00
63.86	20.00
63.88	30.00
63.9	24.00
63.92	24.00
63.94	18.00
63.96	18.00
63.98	14.00
64	16.00
64.02	26.00
64.04	10.00
64.06	28.00
64.08	16.00
64.1	16.00
64.12	24.00
64.14	16.00
64.16	20.00
64.18	16.00
64.2	16.00
64.22	18.00
64.24	16.00
64.26	16.00
64.28	28.00
64.3	26.00
64.32	20.00
64.34	30.00
64.36	24.00
64.38	20.00
64.4	30.00
64.42	28.00
64.44	20.00
64.46	20.00
64.48	16.00
64.5	22.00
64.52	16.00
64.54	16.00
64.56	14.00
64.58	12.00
64.6	14.00
64.62	16.00
64.64	22.00
64.66	20.00
64.68	22.00
64.7	22.00
64.72	22.00
64.74	20.00
64.76	14.00
64.78	16.00
64.8	18.00
64.82	20.00
64.84	16.00
64.86	36.00
64.88	26.00
64.9	16.00
64.92	14.00
64.94	22.00
64.96	16.00
64.98	26.00
65	28.00
65.02	20.00
65.04	26.00
65.06	28.00
65.08	22.00
65.1	32.00
65.12	28.00
65.14	22.00
65.16	30.00
65.18	36.00
65.2	24.00
65.22	32.00
65.24	36.00
65.26	40.00
65.28	36.00
65.3	44.00
65.32	32.00
65.34	52.00
65.36	60.00
65.38	52.00
65.4	48.00
65.42	42.00
65.44	50.00
65.46	50.00
65.48	66.00
65.5	46.00
65.52	42.00
65.54	42.00
65.56	36.00
65.58	42.00
65.6	26.00
65.62	30.00
65.64	28.00
65.66	30.00
65.68	20.00
65.7	16.00
65.72	18.00
65.74	20.00
65.76	16.00
65.78	18.00
65.8	14.00
65.82	12.00
65.84	12.00
65.86	20.00
65.88	12.00
65.9	12.00
65.92	6.00
65.94	6.00
65.96	8.00
65.98	10.00
66	12.00
66.02	14.00
66.04	10.00
66.06	6.00
66.08	8.00
66.1	16.00
66.12	8.00
66.14	12.00
66.16	10.00
66.18	12.00
66.2	8.00
66.22	10.00
66.24	12.00
66.26	10.00
66.28	12.00
66.3	10.00
66.32	8.00
66.34	10.00
66.36	16.00
66.38	16.00
66.4	6.00
66.42	12.00
66.44	12.00
66.46	14.00
66.48	16.00
66.5	20.00
66.52	14.00
66.54	16.00
66.56	12.00
66.58	6.00
66.6	12.00
66.62	14.00
66.64	14.00
66.66	6.00
66.68	6.00
66.7	10.00
66.72	14.00
66.74	12.00
66.76	10.00
66.78	8.00
66.8	20.00
66.82	14.00
66.84	14.00
66.86	14.00
66.88	12.00
66.9	14.00
66.92	20.00
66.94	14.00
66.96	20.00
66.98	16.00
67	24.00
67.02	26.00
67.04	28.00
67.06	24.00
67.08	22.00
67.1	28.00
67.12	28.00
67.14	16.00
67.16	18.00
67.18	22.00
67.2	30.00
67.22	20.00
67.24	26.00
67.26	24.00
67.28	26.00
67.3	18.00
67.32	40.00
67.34	16.00
67.36	20.00
67.38	18.00
67.4	20.00
67.42	24.00
67.44	18.00
67.46	22.00
67.48	16.00
67.5	20.00
67.52	8.00
67.54	16.00
67.56	12.00
67.58	14.00
67.6	10.00
67.62	16.00
67.64	6.00
67.66	10.00
67.68	8.00
67.7	16.00
67.72	10.00
67.74	12.00
67.76	10.00
67.78	12.00
67.8	10.00
67.82	8.00
67.84	14.00
67.86	10.00
67.88	12.00
67.9	4.00
67.92	12.00
67.94	12.00
67.96	14.00
67.98	16.00
68	8.00
68.02	14.00
68.04	18.00
68.06	18.00
68.08	16.00
68.1	18.00
68.12	12.00
68.14	22.00
68.16	16.00
68.18	16.00
68.2	18.00
68.22	20.00
68.24	14.00
68.26	20.00
68.28	16.00
68.3	10.00
68.32	22.00
68.34	16.00
68.36	14.00
68.38	8.00
68.4	10.00
68.42	14.00
68.44	8.00
68.46	6.00
68.48	8.00
68.5	4.00
68.52	8.00
68.54	14.00
68.56	12.00
68.58	8.00
68.6	10.00
68.62	12.00
68.64	6.00
68.66	10.00
68.68	6.00
68.7	10.00
68.72	14.00
68.74	10.00
68.76	4.00
68.78	2.00
68.8	10.00
68.82	10.00
68.84	10.00
68.86	8.00
68.88	12.00
68.9	4.00
68.92	12.00
68.94	12.00
68.96	12.00
68.98	8.00
69	12.00
69.02	12.00
69.04	10.00
69.06	8.00
69.08	12.00
69.1	8.00
69.12	14.00
69.14	20.00
69.16	12.00
69.18	22.00
69.2	10.00
69.22	16.00
69.24	18.00
69.26	22.00
69.28	12.00
69.3	20.00
69.32	16.00
69.34	12.00
69.36	12.00
69.38	28.00
69.4	20.00
69.42	16.00
69.44	22.00
69.46	16.00
69.48	20.00
69.5	22.00
69.52	14.00
69.54	18.00
69.56	20.00
69.58	16.00
69.6	18.00
69.62	24.00
69.64	16.00
69.66	20.00
69.68	14.00
69.7	12.00
69.72	10.00
69.74	10.00
69.76	22.00
69.78	16.00
69.8	20.00
69.82	8.00
69.84	14.00
69.86	12.00
69.88	6.00
69.9	14.00
69.92	12.00
69.94	10.00
69.96	10.00
69.98	6.00
70	14.00
70.02	14.00
70.04	10.00
70.06	16.00
70.08	12.00
70.1	10.00
70.12	6.00
70.14	10.00
70.16	14.00
70.18	10.00
70.2	12.00
70.22	8.00
70.24	10.00
70.26	10.00
70.28	10.00
70.3	14.00
70.32	24.00
70.34	10.00
70.36	18.00
70.38	10.00
70.4	16.00
70.42	12.00
70.44	16.00
70.46	10.00
70.48	12.00
70.5	10.00
70.52	18.00
70.54	14.00
70.56	16.00
70.58	14.00
70.6	12.00
70.62	12.00
70.64	14.00
70.66	10.00
70.68	14.00
70.7	10.00
70.72	12.00
70.74	12.00
70.76	4.00
70.78	8.00
70.8	8.00
70.82	10.00
70.84	12.00
70.86	14.00
70.88	10.00
70.9	8.00
70.92	6.00
70.94	8.00
70.96	10.00
70.98	8.00
71	12.00
71.02	8.00
71.04	4.00
71.06	6.00
71.08	4.00
71.1	10.00
71.12	10.00
71.14	10.00
71.16	8.00
71.18	12.00
71.2	8.00
71.22	4.00
71.24	12.00
71.26	8.00
71.28	10.00
71.3	14.00
71.32	8.00
71.34	4.00
71.36	14.00
71.38	12.00
71.4	10.00
71.42	16.00
71.44	14.00
71.46	12.00
71.48	12.00
71.5	14.00
71.52	12.00
71.54	10.00
71.56	10.00
71.58	20.00
71.6	22.00
71.62	16.00
71.64	20.00
71.66	8.00
71.68	30.00
71.7	12.00
71.72	14.00
71.74	28.00
71.76	16.00
71.78	28.00
71.8	24.00
71.82	22.00
71.84	18.00
71.86	22.00
71.88	14.00
71.9	20.00
71.92	14.00
71.94	18.00
71.96	20.00
71.98	20.00
72	16.00
72.02	22.00
72.04	16.00
72.06	12.00
72.08	12.00
72.1	20.00
72.12	8.00
72.14	18.00
72.16	8.00
72.18	12.00
72.2	18.00
72.22	12.00
72.24	12.00
72.26	10.00
72.28	4.00
72.3	8.00
72.32	12.00
72.34	4.00
72.36	10.00
72.38	8.00
72.4	10.00
72.42	12.00
72.44	16.00
72.46	12.00
72.48	16.00
72.5	10.00
72.52	6.00
72.54	18.00
72.56	8.00
72.58	6.00
72.6	10.00
72.62	8.00
72.64	4.00
72.66	8.00
72.68	8.00
72.7	12.00
72.72	10.00
72.74	8.00
72.76	8.00
72.78	8.00
72.8	12.00
72.82	10.00
72.84	8.00
72.86	8.00
72.88	10.00
72.9	6.00
72.92	8.00
72.94	8.00
72.96	6.00
72.98	10.00
73	10.00
73.02	10.00
73.04	8.00
73.06	12.00
73.08	6.00
73.1	14.00
73.12	8.00
73.14	8.00
73.16	10.00
73.18	14.00
73.2	16.00
73.22	8.00
73.24	14.00
73.26	18.00
73.28	4.00
73.3	18.00
73.32	18.00
73.34	10.00
73.36	14.00
73.38	14.00
73.4	14.00
73.42	26.00
73.44	20.00
73.46	28.00
73.48	14.00
73.5	30.00
73.52	24.00
73.54	24.00
73.56	22.00
73.58	32.00
73.6	30.00
73.62	34.00
73.64	40.00
73.66	28.00
73.68	30.00
73.7	24.00
73.72	42.00
73.74	30.00
73.76	40.00
73.78	34.00
73.8	38.00
73.82	48.00
73.84	46.00
73.86	40.00
73.88	44.00
73.9	54.00
73.92	40.00
73.94	40.00
73.96	38.00
73.98	30.00
74	34.00
74.02	40.00
74.04	40.00
74.06	32.00
74.08	24.00
74.1	28.00
74.12	32.00
74.14	34.00
74.16	26.00
74.18	18.00
74.2	16.00
74.22	18.00
74.24	12.00
74.26	22.00
74.28	20.00
74.3	16.00
74.32	10.00
74.34	16.00
74.36	10.00
74.38	10.00
74.4	10.00
74.42	10.00
74.44	12.00
74.46	6.00
74.48	12.00
74.5	8.00
74.52	6.00
74.54	12.00
74.56	12.00
74.58	16.00
74.6	16.00
74.62	14.00
74.64	16.00
74.66	20.00
74.68	20.00
74.7	8.00
74.72	18.00
74.74	18.00
74.76	20.00
74.78	16.00
74.8	24.00
74.82	18.00
74.84	26.00
74.86	28.00
74.88	26.00
74.9	34.00
74.92	22.00
74.94	32.00
74.96	30.00
74.98	20.00
75	24.00
75.02	24.00
75.04	32.00
75.06	46.00
75.08	26.00
75.1	20.00
75.12	42.00
75.14	26.00
75.16	18.00
75.18	24.00
75.2	20.00
75.22	22.00
75.24	24.00
75.26	36.00
75.28	28.00
75.3	22.00
75.32	24.00
75.34	16.00
75.36	16.00
75.38	22.00
75.4	14.00
75.42	20.00
75.44	18.00
75.46	12.00
75.48	8.00
75.5	16.00
75.52	14.00
75.54	18.00
75.56	16.00
75.58	22.00
75.6	12.00
75.62	18.00
75.64	16.00
75.66	8.00
75.68	12.00
75.7	10.00
75.72	10.00
75.74	4.00
75.76	12.00
75.78	12.00
75.8	14.00
75.82	10.00
75.84	22.00
75.86	10.00
75.88	6.00
75.9	6.00
75.92	6.00
75.94	8.00
75.96	10.00
75.98	12.00
76	8.00
76.02	8.00
76.04	6.00
76.06	4.00
76.08	8.00
76.1	12.00
76.12	10.00
76.14	8.00
76.16	6.00
76.18	4.00
76.2	4.00
76.22	10.00
76.24	8.00
76.26	6.00
76.28	4.00
76.3	10.00
76.32	6.00
76.34	8.00
76.36	6.00
76.38	8.00
76.4	8.00
76.42	6.00
76.44	10.00
76.46	4.00
76.48	8.00
76.5	8.00
76.52	4.00
76.54	8.00
76.56	10.00
76.58	8.00
76.6	10.00
76.62	12.00
76.64	8.00
76.66	6.00
76.68	10.00
76.7	10.00
76.72	4.00
76.74	8.00
76.76	10.00
76.78	6.00
76.8	4.00
76.82	10.00
76.84	12.00
76.86	10.00
76.88	12.00
76.9	12.00
76.92	14.00
76.94	4.00
76.96	12.00
76.98	8.00
77	12.00
77.02	16.00
77.04	6.00
77.06	12.00
77.08	8.00
77.1	14.00
77.12	16.00
77.14	14.00
77.16	16.00
77.18	18.00
77.2	12.00
77.22	16.00
77.24	12.00
77.26	14.00
77.28	22.00
77.3	22.00
77.32	24.00
77.34	20.00
77.36	22.00
77.38	18.00
77.4	24.00
77.42	20.00
77.44	14.00
77.46	24.00
77.48	22.00
77.5	22.00
77.52	14.00
77.54	14.00
77.56	22.00
77.58	24.00
77.6	24.00
77.62	18.00
77.64	14.00
77.66	20.00
77.68	10.00
77.7	18.00
77.72	10.00
77.74	18.00
77.76	12.00
77.78	8.00
77.8	8.00
77.82	10.00
77.84	12.00
77.86	8.00
77.88	10.00
77.9	10.00
77.92	4.00
77.94	10.00
77.96	4.00
77.98	6.00
78	6.00
78.02	10.00
78.04	8.00
78.06	6.00
78.08	6.00
78.1	8.00
78.12	8.00
78.14	6.00
78.16	6.00
78.18	2.00
78.2	6.00
78.22	10.00
78.24	8.00
78.26	8.00
78.28	6.00
78.3	6.00
78.32	6.00
78.34	4.00
78.36	8.00
78.38	10.00
78.4	10.00
78.42	4.00
78.44	8.00
78.46	4.00
78.48	2.00
78.5	12.00
78.52	4.00
78.54	12.00
78.56	6.00
78.58	10.00
78.6	6.00
78.62	2.00
78.64	10.00
78.66	4.00
78.68	8.00
78.7	8.00
78.72	8.00
78.74	12.00
78.76	6.00
78.78	8.00
78.8	8.00
78.82	8.00
78.84	10.00
78.86	8.00
78.88	6.00
78.9	6.00
78.92	4.00
78.94	6.00
78.96	10.00
78.98	6.00
79	4.00
79.02	8.00
79.04	6.00
79.06	8.00
79.08	8.00
79.1	6.00
79.12	8.00
79.14	8.00
79.16	10.00
79.18	4.00
79.2	8.00
79.22	6.00
79.24	6.00
79.26	10.00
79.28	4.00
79.3	8.00
79.32	10.00
79.34	10.00
79.36	10.00
79.38	10.00
79.4	12.00
79.42	10.00
79.44	8.00
79.46	10.00
79.48	6.00
79.5	6.00
79.52	6.00
79.54	6.00
79.56	6.00
79.58	6.00
79.6	4.00
79.62	8.00
79.64	6.00
79.66	12.00
79.68	10.00
79.7	4.00
79.72	6.00
79.74	6.00
79.76	2.00
79.78	4.00
79.8	10.00
79.82	4.00
79.84	6.00
79.86	4.00
79.88	4.00
79.9	6.00
79.92	6.00
79.94	8.00
79.96	8.00
79.98	6.00
80	8.00
