test
Wavelength = 1.54059
10	4.00
10.02	8.00
10.04	6.00
10.06	10.00
10.08	6.00
10.1	10.00
10.12	4.00
10.14	4.00
10.16	8.00
10.18	4.00
10.2	4.00
10.22	2.00
10.24	2.00
10.26	4.00
10.28	4.00
10.3	6.00
10.32	8.00
10.34	4.00
10.36	4.00
10.38	6.00
10.4	4.00
10.42	12.00
10.44	6.00
10.46	4.00
10.48	6.00
10.5	6.00
10.52	6.00
10.54	2.00
10.56	6.00
10.58	6.00
10.6	4.00
10.62	6.00
10.64	0.00
10.66	6.00
10.68	10.00
10.7	4.00
10.72	2.00
10.74	6.00
10.76	4.00
10.78	6.00
10.8	2.00
10.82	2.00
10.84	4.00
10.86	4.00
10.88	6.00
10.9	4.00
10.92	4.00
10.94	8.00
10.96	2.00
10.98	6.00
11	4.00
11.02	6.00
11.04	6.00
11.06	6.00
11.08	6.00
11.1	4.00
11.12	6.00
11.14	6.00
11.16	2.00
11.18	4.00
11.2	6.00
11.22	4.00
11.24	8.00
11.26	4.00
11.28	4.00
11.3	2.00
11.32	6.00
11.34	2.00
11.36	4.00
11.38	4.00
11.4	8.00
11.42	2.00
11.44	4.00
11.46	2.00
11.48	6.00
11.5	2.00
11.52	0.00
11.54	6.00
11.56	4.00
11.58	6.00
11.6	8.00
11.62	6.00
11.64	4.00
11.66	2.00
11.68	6.00
11.7	2.00
11.72	6.00
11.74	2.00
11.76	10.00
11.78	4.00
11.8	6.00
11.82	2.00
11.84	2.00
11.86	4.00
11.88	2.00
11.9	0.00
11.92	6.00
11.94	4.00
11.96	6.00
11.98	2.00
12	4.00
12.02	2.00
12.04	4.00
12.06	4.00
12.08	2.00
12.1	4.00
12.12	4.00
12.14	2.00
12.16	2.00
12.18	8.00
12.2	4.00
12.22	2.00
12.24	2.00
12.26	2.00
12.28	4.00
12.3	2.00
12.32	4.00
12.34	2.00
12.36	4.00
12.38	6.00
12.4	2.00
12.42	4.00
12.44	4.00
12.46	2.00
12.48	4.00
12.5	4.00
12.52	4.00
12.54	4.00
12.56	6.00
12.58	0.00
12.6	2.00
12.62	2.00
12.64	2.00
12.66	6.00
12.68	4.00
12.7	2.00
12.72	2.00
12.74	8.00
12.76	2.00
12.78	2.00
12.8	2.00
12.82	2.00
12.84	2.00
12.86	2.00
12.88	4.00
12.9	6.00
12.92	2.00
12.94	4.00
12.96	2.00
12.98	4.00
13	4.00
13.02	2.00
13.04	2.00
13.06	2.00
13.08	2.00
13.1	4.00
13.12	2.00
13.14	4.00
13.16	0.00
13.18	4.00
13.2	4.00
13.22	2.00
13.24	4.00
13.26	2.00
13.28	4.00
13.3	2.00
13.32	0.00
13.34	2.00
13.36	2.00
13.38	6.00
13.4	2.00
13.42	0.00
13.44	4.00
13.46	2.00
13.48	8.00
13.5	2.00
13.52	4.00
13.54	2.00
13.56	4.00
13.58	4.00
13.6	6.00
13.62	4.00
13.64	4.00
13.66	6.00
13.68	0.00
13.7	0.00
13.72	2.00
13.74	4.00
13.76	2.00
13.78	4.00
13.8	2.00
13.82	2.00
13.84	2.00
13.86	6.00
13.88	4.00
13.9	4.00
13.92	2.00
13.94	2.00
13.96	6.00
13.98	4.00
14	2.00
14.02	4.00
14.04	4.00
14.06	0.00
14.08	0.00
14.1	4.00
14.12	8.00
14.14	4.00
14.16	4.00
14.18	4.00
14.2	4.00
14.22	0.00
14.24	2.00
14.26	4.00
14.28	4.00
14.3	2.00
14.32	0.00
14.34	4.00
14.36	0.00
14.38	6.00
14.4	2.00
14.42	4.00
14.44	0.00
14.46	8.00
14.48	2.00
14.5	4.00
14.52	2.00
14.54	2.00
14.56	4.00
14.58	2.00
14.6	6.00
14.62	4.00
14.64	6.00
14.66	4.00
14.68	4.00
14.7	4.00
14.72	0.00
14.74	2.00
14.76	4.00
14.78	2.00
14.8	2.00
14.82	6.00
14.84	2.00
14.86	2.00
14.88	4.00
14.9	4.00
14.92	2.00
14.94	4.00
14.96	0.00
14.98	4.00
15	2.00
15.02	4.00
15.04	8.00
15.06	0.00
15.08	4.00
15.1	2.00
15.12	0.00
15.14	4.00
15.16	2.00
15.18	2.00
15.2	2.00
15.22	2.00
15.24	2.00
15.26	2.00
15.28	2.00
15.3	2.00
15.32	0.00
15.34	2.00
15.36	4.00
15.38	4.00
15.4	0.00
15.42	4.00
15.44	2.00
15.46	2.00
15.48	2.00
15.5	0.00
15.52	6.00
15.54	2.00
15.56	6.00
15.58	6.00
15.6	0.00
15.62	4.00
15.64	4.00
15.66	2.00
15.68	4.00
15.7	2.00
15.72	0.00
15.74	8.00
15.76	4.00
15.78	4.00
15.8	2.00
15.82	2.00
15.84	4.00
15.86	4.00
15.88	8.00
15.9	4.00
15.92	4.00
15.94	4.00
15.96	2.00
15.98	2.00
16	2.00
16.02	2.00
16.04	4.00
16.06	2.00
16.08	2.00
16.1	4.00
16.12	4.00
16.14	2.00
16.16	2.00
16.18	2.00
16.2	2.00
16.22	2.00
16.24	4.00
16.26	0.00
16.28	4.00
16.3	2.00
16.32	2.00
16.34	0.00
16.36	6.00
16.38	4.00
16.4	2.00
16.42	4.00
16.44	6.00
16.46	0.00
16.48	6.00
16.5	2.00
16.52	4.00
16.54	0.00
16.56	2.00
16.58	6.00
16.6	2.00
16.62	0.00
16.64	2.00
16.66	6.00
16.68	4.00
16.7	4.00
16.72	2.00
16.74	4.00
16.76	8.00
16.78	2.00
16.8	6.00
16.82	6.00
16.84	2.00
16.86	4.00
16.88	4.00
16.9	8.00
16.92	6.00
16.94	6.00
16.96	8.00
16.98	10.00
17	4.00
17.02	2.00
17.04	14.00
17.06	12.00
17.08	12.00
17.1	2.00
17.12	4.00
17.14	8.00
17.16	2.00
17.18	6.00
17.2	8.00
17.22	10.00
17.24	10.00
17.26	4.00
17.28	8.00
17.3	2.00
17.32	6.00
17.34	2.00
17.36	6.00
17.38	0.00
17.4	8.00
17.42	4.00
17.44	4.00
17.46	6.00
17.48	4.00
17.5	6.00
17.52	2.00
17.54	4.00
17.56	4.00
17.58	2.00
17.6	4.00
17.62	0.00
17.64	4.00
17.66	2.00
17.68	4.00
17.7	4.00
17.72	2.00
17.74	6.00
17.76	0.00
17.78	2.00
17.8	6.00
17.82	2.00
17.84	0.00
17.86	4.00
17.88	0.00
17.9	4.00
17.92	0.00
17.94	2.00
17.96	4.00
17.98	6.00
18	2.00
18.02	2.00
18.04	6.00
18.06	4.00
18.08	2.00
18.1	6.00
18.12	2.00
18.14	4.00
18.16	4.00
18.18	10.00
18.2	6.00
18.22	6.00
18.24	8.00
18.26	8.00
18.28	4.00
18.3	10.00
18.32	4.00
18.34	4.00
18.36	6.00
18.38	8.00
18.4	6.00
18.42	10.00
18.44	16.00
18.46	16.00
18.48	12.00
18.5	12.00
18.52	16.00
18.54	16.00
18.56	22.00
18.58	22.00
18.6	26.00
18.62	24.00
18.64	34.00
18.66	30.00
18.68	30.00
18.7	30.00
18.72	26.00
18.74	28.00
18.76	22.00
18.78	24.00
18.8	22.00
18.82	20.00
18.84	20.00
18.86	22.00
18.88	18.00
18.9	6.00
18.92	16.00
18.94	8.00
18.96	12.00
18.98	12.00
19	8.00
19.02	6.00
19.04	6.00
19.06	2.00
19.08	4.00
19.1	6.00
19.12	2.00
19.14	6.00
19.16	4.00
19.18	4.00
19.2	6.00
19.22	4.00
19.24	4.00
19.26	4.00
19.28	2.00
19.3	2.00
19.32	2.00
19.34	6.00
19.36	2.00
19.38	6.00
19.4	2.00
19.42	4.00
19.44	2.00
19.46	2.00
19.48	0.00
19.5	0.00
19.52	4.00
19.54	2.00
19.56	2.00
19.58	2.00
19.6	2.00
19.62	6.00
19.64	0.00
19.66	4.00
19.68	2.00
19.7	4.00
19.72	2.00
19.74	0.00
19.76	2.00
19.78	4.00
19.8	0.00
19.82	4.00
19.84	2.00
19.86	4.00
19.88	2.00
19.9	2.00
19.92	0.00
19.94	6.00
19.96	6.00
19.98	0.00
20	2.00
20.02	0.00
20.04	2.00
20.06	2.00
20.08	4.00
20.1	4.00
20.12	4.00
20.14	4.00
20.16	4.00
20.18	4.00
20.2	4.00
20.22	8.00
20.24	6.00
20.26	2.00
20.28	10.00
20.3	4.00
20.32	8.00
20.34	4.00
20.36	8.00
20.38	4.00
20.4	8.00
20.42	4.00
20.44	10.00
20.46	10.00
20.48	4.00
20.5	8.00
20.52	6.00
20.54	6.00
20.56	6.00
20.58	4.00
20.6	8.00
20.62	8.00
20.64	12.00
20.66	6.00
20.68	8.00
20.7	8.00
20.72	8.00
20.74	6.00
20.76	10.00
20.78	8.00
20.8	6.00
20.82	8.00
20.84	10.00
20.86	6.00
20.88	8.00
20.9	6.00
20.92	0.00
20.94	2.00
20.96	8.00
20.98	6.00
21	6.00
21.02	6.00
21.04	4.00
21.06	4.00
21.08	6.00
21.1	8.00
21.12	8.00
21.14	4.00
21.16	2.00
21.18	12.00
21.2	8.00
21.22	6.00
21.24	8.00
21.26	6.00
21.28	8.00
21.3	0.00
21.32	4.00
21.34	6.00
21.36	8.00
21.38	6.00
21.4	4.00
21.42	6.00
21.44	4.00
21.46	4.00
21.48	4.00
21.5	8.00
21.52	2.00
21.54	8.00
21.56	8.00
21.58	6.00
21.6	4.00
21.62	4.00
21.64	2.00
21.66	8.00
21.68	6.00
21.7	6.00
21.72	6.00
21.74	8.00
21.76	4.00
21.78	0.00
21.8	2.00
21.82	4.00
21.84	6.00
21.86	2.00
21.88	4.00
21.9	6.00
21.92	10.00
21.94	12.00
21.96	2.00
21.98	4.00
22	4.00
22.02	4.00
22.04	2.00
22.06	8.00
22.08	4.00
22.1	8.00
22.12	6.00
22.14	2.00
22.16	6.00
22.18	10.00
22.2	6.00
22.22	8.00
22.24	16.00
22.26	6.00
22.28	12.00
22.3	8.00
22.32	14.00
22.34	12.00
22.36	16.00
22.38	22.00
22.4	6.00
22.42	18.00
22.44	26.00
22.46	28.00
22.48	34.00
22.5	22.00
22.52	40.00
22.54	34.00
22.56	16.00
22.58	22.00
22.6	14.00
22.62	28.00
22.64	30.00
22.66	28.00
22.68	20.00
22.7	28.00
22.72	18.00
22.74	12.00
22.76	10.00
22.78	10.00
22.8	10.00
22.82	8.00
22.84	10.00
22.86	14.00
22.88	8.00
22.9	6.00
22.92	12.00
22.94	8.00
22.96	8.00
22.98	6.00
23	6.00
23.02	6.00
23.04	6.00
23.06	8.00
23.08	8.00
23.1	4.00
23.12	4.00
23.14	4.00
23.16	10.00
23.18	8.00
23.2	2.00
23.22	6.00
23.24	4.00
23.26	10.00
23.28	10.00
23.3	12.00
23.32	10.00
23.34	18.00
23.36	16.00
23.38	12.00
23.4	16.00
23.42	20.00
23.44	14.00
23.46	12.00
23.48	14.00
23.5	24.00
23.52	18.00
23.54	26.00
23.56	24.00
23.58	22.00
23.6	26.00
23.62	14.00
23.64	12.00
23.66	14.00
23.68	28.00
23.7	12.00
23.72	16.00
23.74	18.00
23.76	10.00
23.78	12.00
23.8	8.00
23.82	8.00
23.84	6.00
23.86	8.00
23.88	10.00
23.9	10.00
23.92	8.00
23.94	2.00
23.96	0.00
23.98	4.00
24	8.00
24.02	4.00
24.04	4.00
24.06	6.00
24.08	4.00
24.1	2.00
24.12	10.00
24.14	2.00
24.16	6.00
24.18	2.00
24.2	2.00
24.22	6.00
24.24	8.00
24.26	6.00
24.28	4.00
24.3	2.00
24.32	2.00
24.34	6.00
24.36	6.00
24.38	4.00
24.4	0.00
24.42	2.00
24.44	6.00
24.46	4.00
24.48	8.00
24.5	0.00
24.52	4.00
24.54	2.00
24.56	6.00
24.58	2.00
24.6	2.00
24.62	8.00
24.64	6.00
24.66	4.00
24.68	6.00
24.7	2.00
24.72	2.00
24.74	2.00
24.76	2.00
24.78	6.00
24.8	4.00
24.82	6.00
24.84	6.00
24.86	4.00
24.88	12.00
24.9	4.00
24.92	6.00
24.94	4.00
24.96	12.00
24.98	8.00
25	4.00
25.02	18.00
25.04	16.00
25.06	20.00
25.08	14.00
25.1	18.00
25.12	16.00
25.14	16.00
25.16	26.00
25.18	24.00
25.2	18.00
25.22	18.00
25.24	34.00
25.26	28.00
25.28	52.00
25.3	32.00
25.32	52.00
25.34	56.00
25.36	70.00
25.38	78.00
25.4	68.00
25.42	88.00
25.44	104.00
25.46	118.00
25.48	122.00
25.5	124.00
25.52	132.00
25.54	120.00
25.56	128.00
25.58	118.00
25.6	96.00
25.62	132.00
25.64	110.00
25.66	98.00
25.68	76.00
25.7	84.00
25.72	74.00
25.74	48.00
25.76	44.00
25.78	40.00
25.8	32.00
25.82	28.00
25.84	22.00
25.86	16.00
25.88	10.00
25.9	10.00
25.92	14.00
25.94	12.00
25.96	4.00
25.98	14.00
26	8.00
26.02	4.00
26.04	4.00
26.06	6.00
26.08	6.00
26.1	6.00
26.12	2.00
26.14	4.00
26.16	4.00
26.18	2.00
26.2	4.00
26.22	4.00
26.24	2.00
26.26	4.00
26.28	4.00
26.3	4.00
26.32	6.00
26.34	2.00
26.36	2.00
26.38	2.00
26.4	6.00
26.42	4.00
26.44	6.00
26.46	6.00
26.48	4.00
26.5	2.00
26.52	2.00
26.54	2.00
26.56	4.00
26.58	4.00
26.6	2.00
26.62	2.00
26.64	2.00
26.66	2.00
26.68	0.00
26.7	0.00
26.72	4.00
26.74	4.00
26.76	0.00
26.78	2.00
26.8	4.00
26.82	4.00
26.84	0.00
26.86	2.00
26.88	4.00
26.9	2.00
26.92	2.00
26.94	2.00
26.96	4.00
26.98	4.00
27	0.00
27.02	4.00
27.04	0.00
27.06	10.00
27.08	0.00
27.1	6.00
27.12	2.00
27.14	4.00
27.16	6.00
27.18	2.00
27.2	4.00
27.22	6.00
27.24	4.00
27.26	4.00
27.28	12.00
27.3	10.00
27.32	8.00
27.34	16.00
27.36	4.00
27.38	14.00
27.4	24.00
27.42	18.00
27.44	32.00
27.46	32.00
27.48	36.00
27.5	28.00
27.52	38.00
27.54	52.00
27.56	78.00
27.58	78.00
27.6	84.00
27.62	104.00
27.64	98.00
27.66	90.00
27.68	98.00
27.7	100.00
27.72	104.00
27.74	96.00
27.76	76.00
27.78	80.00
27.8	84.00
27.82	80.00
27.84	56.00
27.86	76.00
27.88	56.00
27.9	32.00
27.92	30.00
27.94	16.00
27.96	26.00
27.98	10.00
28	10.00
28.02	10.00
28.04	4.00
28.06	6.00
28.08	4.00
28.1	0.00
28.12	2.00
28.14	8.00
28.16	4.00
28.18	4.00
28.2	4.00
28.22	4.00
28.24	4.00
28.26	2.00
28.28	2.00
28.3	6.00
28.32	4.00
28.34	6.00
28.36	6.00
28.38	2.00
28.4	4.00
28.42	0.00
28.44	2.00
28.46	4.00
28.48	2.00
28.5	2.00
28.52	2.00
28.54	2.00
28.56	2.00
28.58	4.00
28.6	2.00
28.62	4.00
28.64	0.00
28.66	4.00
28.68	2.00
28.7	0.00
28.72	6.00
28.74	4.00
28.76	6.00
28.78	4.00
28.8	2.00
28.82	2.00
28.84	0.00
28.86	2.00
28.88	0.00
28.9	4.00
28.92	4.00
28.94	2.00
28.96	2.00
28.98	2.00
29	4.00
29.02	6.00
29.04	2.00
29.06	2.00
29.08	8.00
29.1	6.00
29.12	4.00
29.14	6.00
29.16	8.00
29.18	6.00
29.2	10.00
29.22	8.00
29.24	4.00
29.26	6.00
29.28	6.00
29.3	12.00
29.32	10.00
29.34	8.00
29.36	10.00
29.38	8.00
29.4	14.00
29.42	12.00
29.44	6.00
29.46	6.00
29.48	6.00
29.5	6.00
29.52	2.00
29.54	4.00
29.56	4.00
29.58	4.00
29.6	2.00
29.62	2.00
29.64	4.00
29.66	4.00
29.68	4.00
29.7	2.00
29.72	4.00
29.74	2.00
29.76	0.00
29.78	2.00
29.8	4.00
29.82	2.00
29.84	2.00
29.86	4.00
29.88	2.00
29.9	2.00
29.92	0.00
29.94	4.00
29.96	4.00
29.98	2.00
30	2.00
30.02	0.00
30.04	2.00
30.06	2.00
30.08	2.00
30.1	2.00
30.12	4.00
30.14	2.00
30.16	2.00
30.18	4.00
30.2	2.00
30.22	0.00
30.24	2.00
30.26	0.00
30.28	2.00
30.3	2.00
30.32	4.00
30.34	2.00
30.36	4.00
30.38	4.00
30.4	2.00
30.42	2.00
30.44	2.00
30.46	2.00
30.48	2.00
30.5	4.00
30.52	4.00
30.54	4.00
30.56	0.00
30.58	2.00
30.6	2.00
30.62	4.00
30.64	2.00
30.66	2.00
30.68	0.00
30.7	4.00
30.72	0.00
30.74	0.00
30.76	0.00
30.78	0.00
30.8	2.00
30.82	2.00
30.84	0.00
30.86	2.00
30.88	2.00
30.9	2.00
30.92	0.00
30.94	4.00
30.96	0.00
30.98	2.00
31	6.00
31.02	0.00
31.04	2.00
31.06	4.00
31.08	0.00
31.1	2.00
31.12	2.00
31.14	0.00
31.16	4.00
31.18	2.00
31.2	2.00
31.22	4.00
31.24	6.00
31.26	2.00
31.28	2.00
31.3	2.00
31.32	6.00
31.34	4.00
31.36	2.00
31.38	4.00
31.4	2.00
31.42	2.00
31.44	0.00
31.46	2.00
31.48	2.00
31.5	2.00
31.52	0.00
31.54	2.00
31.56	0.00
31.58	2.00
31.6	2.00
31.62	2.00
31.64	2.00
31.66	2.00
31.68	2.00
31.7	2.00
31.72	2.00
31.74	0.00
31.76	2.00
31.78	4.00
31.8	2.00
31.82	2.00
31.84	2.00
31.86	0.00
31.88	0.00
31.9	2.00
31.92	2.00
31.94	2.00
31.96	2.00
31.98	0.00
32	4.00
32.02	2.00
32.04	0.00
32.06	4.00
32.08	2.00
32.1	4.00
32.12	2.00
32.14	2.00
32.16	0.00
32.18	2.00
32.2	0.00
32.22	2.00
32.24	4.00
32.26	2.00
32.28	0.00
32.3	0.00
32.32	4.00
32.34	2.00
32.36	2.00
32.38	2.00
32.4	0.00
32.42	2.00
32.44	2.00
32.46	2.00
32.48	6.00
32.5	0.00
32.52	0.00
32.54	2.00
32.56	0.00
32.58	2.00
32.6	2.00
32.62	2.00
32.64	0.00
32.66	4.00
32.68	0.00
32.7	0.00
32.72	2.00
32.74	4.00
32.76	4.00
32.78	0.00
32.8	2.00
32.82	0.00
32.84	4.00
32.86	2.00
32.88	4.00
32.9	0.00
32.92	6.00
32.94	0.00
32.96	4.00
32.98	2.00
33	4.00
33.02	2.00
33.04	2.00
33.06	4.00
33.08	4.00
33.1	2.00
33.12	2.00
33.14	0.00
33.16	0.00
33.18	2.00
33.2	0.00
33.22	2.00
33.24	2.00
33.26	2.00
33.28	2.00
33.3	2.00
33.32	0.00
33.34	2.00
33.36	4.00
33.38	0.00
33.4	2.00
33.42	0.00
33.44	4.00
33.46	4.00
33.48	2.00
33.5	2.00
33.52	2.00
33.54	2.00
33.56	2.00
33.58	4.00
33.6	0.00
33.62	2.00
33.64	0.00
33.66	2.00
33.68	6.00
33.7	4.00
33.72	2.00
33.74	2.00
33.76	2.00
33.78	2.00
33.8	4.00
33.82	4.00
33.84	10.00
33.86	6.00
33.88	6.00
33.9	6.00
33.92	6.00
33.94	8.00
33.96	10.00
33.98	10.00
34	10.00
34.02	12.00
34.04	16.00
34.06	10.00
34.08	16.00
34.1	14.00
34.12	20.00
34.14	20.00
34.16	16.00
34.18	24.00
34.2	22.00
34.22	18.00
34.24	24.00
34.26	14.00
34.28	12.00
34.3	16.00
34.32	16.00
34.34	12.00
34.36	16.00
34.38	16.00
34.4	16.00
34.42	26.00
34.44	12.00
34.46	14.00
34.48	14.00
34.5	12.00
34.52	10.00
34.54	12.00
34.56	10.00
34.58	10.00
34.6	14.00
34.62	10.00
34.64	6.00
34.66	6.00
34.68	8.00
34.7	4.00
34.72	2.00
34.74	2.00
34.76	0.00
34.78	4.00
34.8	6.00
34.82	6.00
34.84	6.00
34.86	2.00
34.88	2.00
34.9	2.00
34.92	2.00
34.94	2.00
34.96	6.00
34.98	4.00
35	2.00
35.02	2.00
35.04	6.00
35.06	0.00
35.08	2.00
35.1	4.00
35.12	2.00
35.14	4.00
35.16	6.00
35.18	2.00
35.2	2.00
35.22	2.00
35.24	2.00
35.26	2.00
35.28	2.00
35.3	2.00
35.32	4.00
35.34	0.00
35.36	2.00
35.38	2.00
35.4	2.00
35.42	2.00
35.44	0.00
35.46	4.00
35.48	0.00
35.5	6.00
35.52	0.00
35.54	6.00
35.56	2.00
35.58	2.00
35.6	2.00
35.62	4.00
35.64	0.00
35.66	0.00
35.68	2.00
35.7	4.00
35.72	4.00
35.74	2.00
35.76	4.00
35.78	6.00
35.8	6.00
35.82	2.00
35.84	4.00
35.86	4.00
35.88	4.00
35.9	2.00
35.92	4.00
35.94	4.00
35.96	4.00
35.98	6.00
36	8.00
36.02	8.00
36.04	4.00
36.06	10.00
36.08	20.00
36.1	16.00
36.12	22.00
36.14	14.00
36.16	28.00
36.18	36.00
36.2	32.00
36.22	44.00
36.24	48.00
36.26	48.00
36.28	42.00
36.3	52.00
36.32	52.00
36.34	46.00
36.36	60.00
36.38	52.00
36.4	46.00
36.42	50.00
36.44	48.00
36.46	30.00
36.48	36.00
36.5	22.00
36.52	24.00
36.54	24.00
36.56	16.00
36.58	16.00
36.6	20.00
36.62	10.00
36.64	6.00
36.66	2.00
36.68	2.00
36.7	6.00
36.72	8.00
36.74	2.00
36.76	10.00
36.78	8.00
36.8	2.00
36.82	2.00
36.84	8.00
36.86	8.00
36.88	8.00
36.9	12.00
36.92	4.00
36.94	10.00
36.96	12.00
36.98	12.00
37	12.00
37.02	10.00
37.04	16.00
37.06	18.00
37.08	10.00
37.1	16.00
37.12	22.00
37.14	18.00
37.16	20.00
37.18	18.00
37.2	22.00
37.22	22.00
37.24	26.00
37.26	14.00
37.28	8.00
37.3	16.00
37.32	20.00
37.34	12.00
37.36	18.00
37.38	10.00
37.4	14.00
37.42	12.00
37.44	8.00
37.46	6.00
37.48	10.00
37.5	6.00
37.52	4.00
37.54	6.00
37.56	8.00
37.58	4.00
37.6	6.00
37.62	8.00
37.64	6.00
37.66	6.00
37.68	4.00
37.7	6.00
37.72	4.00
37.74	6.00
37.76	6.00
37.78	2.00
37.8	8.00
37.82	10.00
37.84	6.00
37.86	10.00
37.88	26.00
37.9	22.00
37.92	24.00
37.94	22.00
37.96	20.00
37.98	22.00
38	26.00
38.02	30.00
38.04	26.00
38.06	22.00
38.08	30.00
38.1	34.00
38.12	24.00
38.14	12.00
38.16	28.00
38.18	18.00
38.2	14.00
38.22	20.00
38.24	20.00
38.26	16.00
38.28	12.00
38.3	8.00
38.32	10.00
38.34	6.00
38.36	6.00
38.38	4.00
38.4	6.00
38.42	2.00
38.44	4.00
38.46	0.00
38.48	2.00
38.5	0.00
38.52	4.00
38.54	4.00
38.56	4.00
38.58	6.00
38.6	6.00
38.62	4.00
38.64	4.00
38.66	8.00
38.68	8.00
38.7	4.00
38.72	10.00
38.74	14.00
38.76	12.00
38.78	8.00
38.8	12.00
38.82	8.00
38.84	16.00
38.86	10.00
38.88	12.00
38.9	16.00
38.92	10.00
38.94	6.00
38.96	18.00
38.98	14.00
39	8.00
39.02	8.00
39.04	10.00
39.06	6.00
39.08	4.00
39.1	10.00
39.12	2.00
39.14	4.00
39.16	2.00
39.18	2.00
39.2	4.00
39.22	8.00
39.24	10.00
39.26	2.00
39.28	8.00
39.3	8.00
39.32	2.00
39.34	8.00
39.36	0.00
39.38	10.00
39.4	10.00
39.42	10.00
39.44	8.00
39.46	8.00
39.48	10.00
39.5	6.00
39.52	12.00
39.54	6.00
39.56	4.00
39.58	8.00
39.6	2.00
39.62	6.00
39.64	4.00
39.66	8.00
39.68	2.00
39.7	4.00
39.72	2.00
39.74	8.00
39.76	4.00
39.78	2.00
39.8	0.00
39.82	4.00
39.84	0.00
39.86	2.00
39.88	4.00
39.9	2.00
39.92	4.00
39.94	2.00
39.96	4.00
39.98	2.00
40	2.00
40.02	0.00
40.04	2.00
40.06	2.00
40.08	2.00
40.1	0.00
40.12	2.00
40.14	4.00
40.16	0.00
40.18	2.00
40.2	2.00
40.22	2.00
40.24	2.00
40.26	4.00
40.28	2.00
40.3	0.00
40.32	2.00
40.34	0.00
40.36	4.00
40.38	0.00
40.4	2.00
40.42	2.00
40.44	2.00
40.46	4.00
40.48	0.00
40.5	4.00
40.52	2.00
40.54	2.00
40.56	4.00
40.58	4.00
40.6	0.00
40.62	2.00
40.64	2.00
40.66	2.00
40.68	2.00
40.7	2.00
40.72	0.00
40.74	2.00
40.76	2.00
40.78	4.00
40.8	2.00
40.82	0.00
40.84	2.00
40.86	0.00
40.88	2.00
40.9	4.00
40.92	2.00
40.94	2.00
40.96	2.00
40.98	2.00
41	2.00
41.02	0.00
41.04	4.00
41.06	4.00
41.08	8.00
41.1	2.00
41.12	0.00
41.14	4.00
41.16	2.00
41.18	4.00
41.2	6.00
41.22	6.00
41.24	6.00
41.26	2.00
41.28	6.00
41.3	8.00
41.32	12.00
41.34	8.00
41.36	16.00
41.38	18.00
41.4	12.00
41.42	22.00
41.44	18.00
41.46	14.00
41.48	26.00
41.5	22.00
41.52	32.00
41.54	12.00
41.56	30.00
41.58	16.00
41.6	20.00
41.62	16.00
41.64	20.00
41.66	18.00
41.68	18.00
41.7	10.00
41.72	10.00
41.74	12.00
41.76	10.00
41.78	6.00
41.8	2.00
41.82	6.00
41.84	2.00
41.86	4.00
41.88	4.00
41.9	4.00
41.92	4.00
41.94	4.00
41.96	2.00
41.98	2.00
42	2.00
42.02	2.00
42.04	4.00
42.06	4.00
42.08	2.00
42.1	2.00
42.12	2.00
42.14	2.00
42.16	4.00
42.18	6.00
42.2	6.00
42.22	0.00
42.24	0.00
42.26	2.00
42.28	0.00
42.3	2.00
42.32	0.00
42.34	2.00
42.36	0.00
42.38	2.00
42.4	2.00
42.42	0.00
42.44	2.00
42.46	4.00
42.48	2.00
42.5	4.00
42.52	2.00
42.54	2.00
42.56	4.00
42.58	2.00
42.6	4.00
42.62	0.00
42.64	0.00
42.66	2.00
42.68	2.00
42.7	2.00
42.72	2.00
42.74	6.00
42.76	0.00
42.78	4.00
42.8	2.00
42.82	2.00
42.84	4.00
42.86	2.00
42.88	2.00
42.9	0.00
42.92	2.00
42.94	2.00
42.96	2.00
42.98	0.00
43	2.00
43.02	0.00
43.04	2.00
43.06	0.00
43.08	0.00
43.1	2.00
43.12	4.00
43.14	0.00
43.16	4.00
43.18	0.00
43.2	2.00
43.22	8.00
43.24	0.00
43.26	4.00
43.28	4.00
43.3	0.00
43.32	2.00
43.34	2.00
43.36	2.00
43.38	2.00
43.4	4.00
43.42	2.00
43.44	6.00
43.46	2.00
43.48	4.00
43.5	4.00
43.52	6.00
43.54	8.00
43.56	6.00
43.58	8.00
43.6	12.00
43.62	14.00
43.64	16.00
43.66	18.00
43.68	20.00
43.7	24.00
43.72	26.00
43.74	28.00
43.76	38.00
43.78	36.00
43.8	36.00
43.82	36.00
43.84	46.00
43.86	58.00
43.88	44.00
43.9	56.00
43.92	56.00
43.94	44.00
43.96	48.00
43.98	40.00
44	30.00
44.02	40.00
44.04	32.00
44.06	30.00
44.08	32.00
44.1	28.00
44.12	26.00
44.14	18.00
44.16	30.00
44.18	26.00
44.2	20.00
44.22	18.00
44.24	10.00
44.26	20.00
44.28	20.00
44.3	8.00
44.32	14.00
44.34	12.00
44.36	18.00
44.38	4.00
44.4	8.00
44.42	12.00
44.44	12.00
44.46	10.00
44.48	10.00
44.5	6.00
44.52	12.00
44.54	4.00
44.56	2.00
44.58	6.00
44.6	0.00
44.62	6.00
44.64	2.00
44.66	4.00
44.68	2.00
44.7	2.00
44.72	2.00
44.74	2.00
44.76	0.00
44.78	4.00
44.8	2.00
44.82	0.00
44.84	0.00
44.86	2.00
44.88	2.00
44.9	2.00
44.92	4.00
44.94	0.00
44.96	0.00
44.98	2.00
45	0.00
45.02	4.00
45.04	0.00
45.06	0.00
45.08	2.00
45.1	0.00
45.12	2.00
45.14	0.00
45.16	2.00
45.18	0.00
45.2	4.00
45.22	2.00
45.24	2.00
45.26	4.00
45.28	0.00
45.3	0.00
45.32	0.00
45.34	0.00
45.36	0.00
45.38	0.00
45.4	2.00
45.42	2.00
45.44	2.00
45.46	4.00
45.48	2.00
45.5	0.00
45.52	4.00
45.54	0.00
45.56	0.00
45.58	2.00
45.6	0.00
45.62	2.00
45.64	0.00
45.66	4.00
45.68	2.00
45.7	0.00
45.72	0.00
45.74	2.00
45.76	2.00
45.78	2.00
45.8	0.00
45.82	2.00
45.84	2.00
45.86	0.00
45.88	2.00
45.9	2.00
45.92	0.00
45.94	2.00
45.96	4.00
45.98	2.00
46	2.00
46.02	0.00
46.04	4.00
46.06	0.00
46.08	0.00
46.1	2.00
46.12	2.00
46.14	2.00
46.16	2.00
46.18	0.00
46.2	2.00
46.22	4.00
46.24	2.00
46.26	0.00
46.28	2.00
46.3	2.00
46.32	0.00
46.34	4.00
46.36	2.00
46.38	0.00
46.4	2.00
46.42	2.00
46.44	0.00
46.46	2.00
46.48	0.00
46.5	4.00
46.52	2.00
46.54	0.00
46.56	4.00
46.58	4.00
46.6	2.00
46.62	2.00
46.64	2.00
46.66	2.00
46.68	2.00
46.7	0.00
46.72	0.00
46.74	0.00
46.76	2.00
46.78	2.00
46.8	0.00
46.82	2.00
46.84	0.00
46.86	2.00
46.88	0.00
46.9	0.00
46.92	2.00
46.94	2.00
46.96	2.00
46.98	2.00
47	0.00
47.02	0.00
47.04	2.00
47.06	2.00
47.08	2.00
47.1	0.00
47.12	0.00
47.14	2.00
47.16	4.00
47.18	2.00
47.2	0.00
47.22	2.00
47.24	0.00
47.26	0.00
47.28	2.00
47.3	2.00
47.32	2.00
47.34	0.00
47.36	2.00
47.38	0.00
47.4	0.00
47.42	2.00
47.44	0.00
47.46	4.00
47.48	2.00
47.5	0.00
47.52	4.00
47.54	2.00
47.56	2.00
47.58	4.00
47.6	0.00
47.62	2.00
47.64	2.00
47.66	2.00
47.68	0.00
47.7	6.00
47.72	4.00
47.74	2.00
47.76	4.00
47.78	4.00
47.8	2.00
47.82	6.00
47.84	4.00
47.86	4.00
47.88	2.00
47.9	6.00
47.92	0.00
47.94	6.00
47.96	6.00
47.98	10.00
48	2.00
48.02	8.00
48.04	8.00
48.06	12.00
48.08	12.00
48.1	16.00
48.12	20.00
48.14	30.00
48.16	22.00
48.18	30.00
48.2	26.00
48.22	30.00
48.24	22.00
48.26	38.00
48.28	32.00
48.3	36.00
48.32	42.00
48.34	46.00
48.36	36.00
48.38	28.00
48.4	34.00
48.42	28.00
48.44	24.00
48.46	30.00
48.48	16.00
48.5	24.00
48.52	16.00
48.54	14.00
48.56	14.00
48.58	14.00
48.6	6.00
48.62	4.00
48.64	8.00
48.66	2.00
48.68	10.00
48.7	6.00
48.72	4.00
48.74	2.00
48.76	2.00
48.78	0.00
48.8	0.00
48.82	4.00
48.84	2.00
48.86	4.00
48.88	4.00
48.9	2.00
48.92	2.00
48.94	2.00
48.96	4.00
48.98	0.00
49	0.00
49.02	4.00
49.04	2.00
49.06	0.00
49.08	4.00
49.1	4.00
49.12	0.00
49.14	2.00
49.16	2.00
49.18	0.00
49.2	2.00
49.22	0.00
49.24	2.00
49.26	2.00
49.28	0.00
49.3	4.00
49.32	0.00
49.34	2.00
49.36	2.00
49.38	2.00
49.4	4.00
49.42	2.00
49.44	0.00
49.46	0.00
49.48	2.00
49.5	2.00
49.52	0.00
49.54	2.00
49.56	0.00
49.58	2.00
49.6	2.00
49.62	2.00
49.64	6.00
49.66	2.00
49.68	2.00
49.7	4.00
49.72	2.00
49.74	2.00
49.76	0.00
49.78	2.00
49.8	4.00
49.82	4.00
49.84	2.00
49.86	0.00
49.88	0.00
49.9	2.00
49.92	0.00
49.94	2.00
49.96	2.00
49.98	0.00
50	2.00
50.02	2.00
50.04	0.00
50.06	4.00
50.08	0.00
50.1	2.00
50.12	0.00
50.14	2.00
50.16	0.00
50.18	0.00
50.2	0.00
50.22	6.00
50.24	0.00
50.26	0.00
50.28	0.00
50.3	2.00
50.32	2.00
50.34	2.00
50.36	0.00
50.38	0.00
50.4	4.00
50.42	2.00
50.44	2.00
50.46	0.00
50.48	2.00
50.5	2.00
50.52	4.00
50.54	0.00
50.56	0.00
50.58	4.00
50.6	2.00
50.62	2.00
50.64	2.00
50.66	0.00
50.68	2.00
50.7	4.00
50.72	0.00
50.74	0.00
50.76	4.00
50.78	2.00
50.8	4.00
50.82	2.00
50.84	2.00
50.86	4.00
50.88	4.00
50.9	6.00
50.92	4.00
50.94	6.00
50.96	2.00
50.98	4.00
51	4.00
51.02	6.00
51.04	0.00
51.06	4.00
51.08	4.00
51.1	4.00
51.12	10.00
51.14	4.00
51.16	8.00
51.18	6.00
51.2	8.00
51.22	10.00
51.24	6.00
51.26	6.00
51.28	8.00
51.3	6.00
51.32	4.00
51.34	4.00
51.36	10.00
51.38	4.00
51.4	4.00
51.42	2.00
51.44	8.00
51.46	4.00
51.48	0.00
51.5	4.00
51.52	2.00
51.54	2.00
51.56	0.00
51.58	4.00
51.6	4.00
51.62	2.00
51.64	6.00
51.66	4.00
51.68	2.00
51.7	4.00
51.72	0.00
51.74	4.00
51.76	2.00
51.78	2.00
51.8	6.00
51.82	2.00
51.84	2.00
51.86	8.00
51.88	0.00
51.9	2.00
51.92	4.00
51.94	0.00
51.96	8.00
51.98	4.00
52	2.00
52.02	2.00
52.04	2.00
52.06	0.00
52.08	0.00
52.1	4.00
52.12	4.00
52.14	2.00
52.16	2.00
52.18	2.00
52.2	0.00
52.22	2.00
52.24	4.00
52.26	2.00
52.28	2.00
52.3	2.00
52.32	4.00
52.34	0.00
52.36	2.00
52.38	4.00
52.4	0.00
52.42	0.00
52.44	0.00
52.46	4.00
52.48	0.00
52.5	2.00
52.52	2.00
52.54	0.00
52.56	4.00
52.58	0.00
52.6	4.00
52.62	2.00
52.64	2.00
52.66	4.00
52.68	0.00
52.7	0.00
52.72	4.00
52.74	0.00
52.76	0.00
52.78	2.00
52.8	2.00
52.82	2.00
52.84	2.00
52.86	2.00
52.88	2.00
52.9	4.00
52.92	2.00
52.94	2.00
52.96	0.00
52.98	0.00
53	0.00
53.02	0.00
53.04	2.00
53.06	4.00
53.08	2.00
53.1	2.00
53.12	2.00
53.14	0.00
53.16	0.00
53.18	0.00
53.2	2.00
53.22	6.00
53.24	0.00
53.26	4.00
53.28	2.00
53.3	2.00
53.32	2.00
53.34	2.00
53.36	4.00
53.38	2.00
53.4	2.00
53.42	2.00
53.44	4.00
53.46	0.00
53.48	2.00
53.5	2.00
53.52	4.00
53.54	0.00
53.56	4.00
53.58	2.00
53.6	2.00
53.62	0.00
53.64	2.00
53.66	2.00
53.68	0.00
53.7	6.00
53.72	2.00
53.74	4.00
53.76	2.00
53.78	4.00
53.8	0.00
53.82	6.00
53.84	2.00
53.86	6.00
53.88	6.00
53.9	12.00
53.92	8.00
53.94	12.00
53.96	18.00
53.98	14.00
54	14.00
54.02	14.00
54.04	18.00
54.06	18.00
54.08	20.00
54.1	16.00
54.12	20.00
54.14	28.00
54.16	18.00
54.18	20.00
54.2	14.00
54.22	26.00
54.24	34.00
54.26	26.00
54.28	18.00
54.3	24.00
54.32	26.00
54.34	26.00
54.36	18.00
54.38	26.00
54.4	30.00
54.42	48.00
54.44	38.00
54.46	36.00
54.48	60.00
54.5	44.00
54.52	42.00
54.54	58.00
54.56	50.00
54.58	52.00
54.6	56.00
54.62	52.00
54.64	44.00
54.66	56.00
54.68	54.00
54.7	40.00
54.72	30.00
54.74	32.00
54.76	32.00
54.78	36.00
54.8	16.00
54.82	26.00
54.84	20.00
54.86	20.00
54.88	14.00
54.9	6.00
54.92	12.00
54.94	2.00
54.96	6.00
54.98	8.00
55	10.00
55.02	6.00
55.04	8.00
55.06	8.00
55.08	6.00
55.1	8.00
55.12	14.00
55.14	8.00
55.16	10.00
55.18	22.00
55.2	14.00
55.22	10.00
55.24	18.00
55.26	24.00
55.28	20.00
55.3	18.00
55.32	24.00
55.34	26.00
55.36	28.00
55.38	36.00
55.4	20.00
55.42	18.00
55.44	20.00
55.46	20.00
55.48	26.00
55.5	18.00
55.52	16.00
55.54	16.00
55.56	18.00
55.58	14.00
55.6	6.00
55.62	12.00
55.64	4.00
55.66	6.00
55.68	2.00
55.7	4.00
55.72	2.00
55.74	2.00
55.76	2.00
55.78	4.00
55.8	2.00
55.82	6.00
55.84	2.00
55.86	0.00
55.88	2.00
55.9	2.00
55.92	6.00
55.94	2.00
55.96	0.00
55.98	4.00
56	2.00
56.02	4.00
56.04	4.00
56.06	6.00
56.08	2.00
56.1	4.00
56.12	4.00
56.14	6.00
56.16	4.00
56.18	6.00
56.2	4.00
56.22	2.00
56.24	0.00
56.26	6.00
56.28	0.00
56.3	4.00
56.32	4.00
56.34	2.00
56.36	4.00
56.38	4.00
56.4	4.00
56.42	4.00
56.44	2.00
56.46	2.00
56.48	4.00
56.5	4.00
56.52	2.00
56.54	4.00
56.56	2.00
56.58	4.00
56.6	4.00
56.62	2.00
56.64	8.00
56.66	2.00
56.68	4.00
56.7	10.00
56.72	6.00
56.74	8.00
56.76	10.00
56.78	20.00
56.8	20.00
56.82	12.00
56.84	20.00
56.86	24.00
56.88	10.00
56.9	20.00
56.92	12.00
56.94	18.00
56.96	18.00
56.98	24.00
57	14.00
57.02	12.00
57.04	10.00
57.06	14.00
57.08	14.00
57.1	10.00
57.12	8.00
57.14	6.00
57.16	10.00
57.18	6.00
57.2	6.00
57.22	6.00
57.24	8.00
57.26	0.00
57.28	4.00
57.3	4.00
57.32	2.00
57.34	8.00
57.36	2.00
57.38	2.00
57.4	4.00
57.42	2.00
57.44	4.00
57.46	2.00
57.48	0.00
57.5	2.00
57.52	4.00
57.54	8.00
57.56	2.00
57.58	2.00
57.6	2.00
57.62	0.00
57.64	4.00
57.66	6.00
57.68	4.00
57.7	2.00
57.72	6.00
57.74	8.00
57.76	6.00
57.78	2.00
57.8	6.00
57.82	6.00
57.84	2.00
57.86	8.00
57.88	8.00
57.9	6.00
57.92	8.00
57.94	8.00
57.96	6.00
57.98	2.00
58	6.00
58.02	2.00
58.04	2.00
58.06	10.00
58.08	8.00
58.1	6.00
58.12	6.00
58.14	6.00
58.16	4.00
58.18	4.00
58.2	0.00
58.22	6.00
58.24	4.00
58.26	6.00
58.28	10.00
58.3	0.00
58.32	4.00
58.34	4.00
58.36	2.00
58.38	2.00
58.4	0.00
58.42	2.00
58.44	2.00
58.46	2.00
58.48	6.00
58.5	4.00
58.52	2.00
58.54	2.00
58.56	0.00
58.58	4.00
58.6	2.00
58.62	2.00
58.64	2.00
58.66	2.00
58.68	4.00
58.7	2.00
58.72	2.00
58.74	2.00
58.76	4.00
58.78	2.00
58.8	2.00
58.82	4.00
58.84	6.00
58.86	0.00
58.88	4.00
58.9	4.00
58.92	0.00
58.94	4.00
58.96	0.00
58.98	0.00
59	4.00
59.02	0.00
59.04	4.00
59.06	0.00
59.08	2.00
59.1	0.00
59.12	6.00
59.14	2.00
59.16	0.00
59.18	4.00
59.2	6.00
59.22	2.00
59.24	4.00
59.26	4.00
59.28	0.00
59.3	0.00
59.32	2.00
59.34	4.00
59.36	2.00
59.38	4.00
59.4	0.00
59.42	4.00
59.44	6.00
59.46	0.00
59.48	4.00
59.5	4.00
59.52	2.00
59.54	4.00
59.56	0.00
59.58	2.00
59.6	6.00
59.62	2.00
59.64	0.00
59.66	4.00
59.68	0.00
59.7	0.00
59.72	2.00
59.74	2.00
59.76	2.00
59.78	2.00
59.8	2.00
59.82	0.00
59.84	2.00
59.86	4.00
59.88	0.00
59.9	2.00
59.92	4.00
59.94	0.00
59.96	6.00
59.98	4.00
60	0.00
60.02	2.00
60.04	0.00
60.06	4.00
60.08	2.00
60.1	2.00
60.12	2.00
60.14	2.00
60.16	0.00
60.18	6.00
60.2	2.00
60.22	0.00
60.24	0.00
60.26	2.00
60.28	0.00
60.3	0.00
60.32	0.00
60.34	0.00
60.36	2.00
60.38	2.00
60.4	2.00
60.42	2.00
60.44	2.00
60.46	2.00
60.48	2.00
60.5	0.00
60.52	0.00
60.54	2.00
60.56	2.00
60.58	4.00
60.6	2.00
60.62	4.00
60.64	8.00
60.66	6.00
60.68	4.00
60.7	4.00
60.72	4.00
60.74	2.00
60.76	4.00
60.78	6.00
60.8	2.00
60.82	4.00
60.84	6.00
60.86	4.00
60.88	4.00
60.9	8.00
60.92	2.00
60.94	6.00
60.96	4.00
60.98	4.00
61	4.00
61.02	2.00
61.04	2.00
61.06	4.00
61.08	6.00
61.1	8.00
61.12	4.00
61.14	6.00
61.16	4.00
61.18	10.00
61.2	8.00
61.22	6.00
61.24	2.00
61.26	10.00
61.28	4.00
61.3	14.00
61.32	8.00
61.34	2.00
61.36	8.00
61.38	6.00
61.4	2.00
61.42	6.00
61.44	4.00
61.46	2.00
61.48	0.00
61.5	6.00
61.52	2.00
61.54	6.00
61.56	6.00
61.58	8.00
61.6	8.00
61.62	2.00
61.64	4.00
61.66	2.00
61.68	4.00
61.7	2.00
61.72	4.00
61.74	0.00
61.76	2.00
61.78	2.00
61.8	2.00
61.82	2.00
61.84	4.00
61.86	0.00
61.88	6.00
61.9	4.00
61.92	2.00
61.94	2.00
61.96	2.00
61.98	4.00
62	0.00
62.02	0.00
62.04	0.00
62.06	6.00
62.08	2.00
62.1	0.00
62.12	2.00
62.14	0.00
62.16	2.00
62.18	2.00
62.2	2.00
62.22	6.00
62.24	8.00
62.26	2.00
62.28	4.00
62.3	6.00
62.32	4.00
62.34	6.00
62.36	4.00
62.38	8.00
62.4	4.00
62.42	8.00
62.44	2.00
62.46	6.00
62.48	2.00
62.5	10.00
62.52	6.00
62.54	6.00
62.56	0.00
62.58	6.00
62.6	0.00
62.62	8.00
62.64	6.00
62.66	6.00
62.68	8.00
62.7	4.00
62.72	8.00
62.74	10.00
62.76	8.00
62.78	10.00
62.8	18.00
62.82	14.00
62.84	20.00
62.86	20.00
62.88	22.00
62.9	16.00
62.92	16.00
62.94	20.00
62.96	24.00
62.98	30.00
63	22.00
63.02	30.00
63.04	22.00
63.06	26.00
63.08	28.00
63.1	14.00
63.12	22.00
63.14	14.00
63.16	14.00
63.18	14.00
63.2	20.00
63.22	12.00
63.24	10.00
63.26	20.00
63.28	12.00
63.3	10.00
63.32	14.00
63.34	8.00
63.36	12.00
63.38	8.00
63.4	8.00
63.42	8.00
63.44	12.00
63.46	10.00
63.48	14.00
63.5	16.00
63.52	16.00
63.54	22.00
63.56	16.00
63.58	10.00
63.6	14.00
63.62	10.00
63.64	20.00
63.66	20.00
63.68	16.00
63.7	22.00
63.72	16.00
63.74	14.00
63.76	18.00
63.78	22.00
63.8	12.00
63.82	16.00
63.84	22.00
63.86	22.00
63.88	14.00
63.9	20.00
63.92	10.00
63.94	6.00
63.96	14.00
63.98	8.00
64	10.00
64.02	8.00
64.04	14.00
64.06	10.00
64.08	8.00
64.1	10.00
64.12	14.00
64.14	14.00
64.16	12.00
64.18	12.00
64.2	16.00
64.22	4.00
64.24	8.00
64.26	10.00
64.28	10.00
64.3	8.00
64.32	12.00
64.34	12.00
64.36	12.00
64.38	12.00
64.4	14.00
64.42	10.00
64.44	6.00
64.46	6.00
64.48	8.00
64.5	4.00
64.52	8.00
64.54	2.00
64.56	6.00
64.58	6.00
64.6	6.00
64.62	6.00
64.64	4.00
64.66	4.00
64.68	6.00
64.7	6.00
64.72	2.00
64.74	4.00
64.76	4.00
64.78	2.00
64.8	2.00
64.82	2.00
64.84	6.00
64.86	6.00
64.88	2.00
64.9	2.00
64.92	2.00
64.94	0.00
64.96	2.00
64.98	2.00
65	0.00
65.02	2.00
65.04	0.00
65.06	0.00
65.08	4.00
65.1	0.00
65.12	2.00
65.14	0.00
65.16	2.00
65.18	0.00
65.2	0.00
65.22	2.00
65.24	4.00
65.26	0.00
65.28	2.00
65.3	0.00
65.32	2.00
65.34	0.00
65.36	2.00
65.38	0.00
65.4	4.00
65.42	2.00
65.44	2.00
65.46	4.00
65.48	0.00
65.5	2.00
65.52	2.00
65.54	2.00
65.56	2.00
65.58	2.00
65.6	0.00
65.62	2.00
65.64	0.00
65.66	2.00
65.68	2.00
65.7	4.00
65.72	4.00
65.74	2.00
65.76	4.00
65.78	6.00
65.8	2.00
65.82	0.00
65.84	2.00
65.86	2.00
65.88	2.00
65.9	2.00
65.92	4.00
65.94	0.00
65.96	2.00
65.98	4.00
66	2.00
66.02	4.00
66.04	4.00
66.06	0.00
66.08	2.00
66.1	0.00
66.12	2.00
66.14	0.00
66.16	2.00
66.18	4.00
66.2	2.00
66.22	0.00
66.24	2.00
66.26	4.00
66.28	0.00
66.3	4.00
66.32	2.00
66.34	2.00
66.36	2.00
66.38	2.00
66.4	2.00
66.42	2.00
66.44	2.00
66.46	4.00
66.48	0.00
66.5	2.00
66.52	2.00
66.54	4.00
66.56	0.00
66.58	2.00
66.6	2.00
66.62	2.00
66.64	2.00
66.66	4.00
66.68	4.00
66.7	0.00
66.72	6.00
66.74	4.00
66.76	4.00
66.78	2.00
66.8	2.00
66.82	2.00
66.84	2.00
66.86	4.00
66.88	4.00
66.9	4.00
66.92	2.00
66.94	4.00
66.96	12.00
66.98	6.00
67	4.00
67.02	2.00
67.04	4.00
67.06	10.00
67.08	4.00
67.1	8.00
67.12	2.00
67.14	4.00
67.16	8.00
67.18	8.00
67.2	4.00
67.22	6.00
67.24	8.00
67.26	4.00
67.28	4.00
67.3	4.00
67.32	2.00
67.34	4.00
67.36	6.00
67.38	2.00
67.4	4.00
67.42	4.00
67.44	4.00
67.46	2.00
67.48	2.00
67.5	2.00
67.52	4.00
67.54	0.00
67.56	2.00
67.58	0.00
67.6	0.00
67.62	4.00
67.64	4.00
67.66	2.00
67.68	2.00
67.7	2.00
67.72	0.00
67.74	0.00
67.76	2.00
67.78	2.00
67.8	4.00
67.82	6.00
67.84	2.00
67.86	2.00
67.88	2.00
67.9	2.00
67.92	8.00
67.94	0.00
67.96	2.00
67.98	0.00
68	4.00
68.02	8.00
68.04	0.00
68.06	4.00
68.08	6.00
68.1	2.00
68.12	6.00
68.14	0.00
68.16	2.00
68.18	0.00
68.2	0.00
68.22	0.00
68.24	2.00
68.26	2.00
68.28	4.00
68.3	4.00
68.32	2.00
68.34	2.00
68.36	4.00
68.38	2.00
68.4	4.00
68.42	4.00
68.44	0.00
68.46	2.00
68.48	2.00
68.5	2.00
68.52	2.00
68.54	2.00
68.56	2.00
68.58	0.00
68.6	4.00
68.62	0.00
68.64	4.00
68.66	2.00
68.68	2.00
68.7	4.00
68.72	4.00
68.74	6.00
68.76	4.00
68.78	2.00
68.8	8.00
68.82	8.00
68.84	10.00
68.86	2.00
68.88	6.00
68.9	10.00
68.92	6.00
68.94	10.00
68.96	12.00
68.98	6.00
69	6.00
69.02	8.00
69.04	24.00
69.06	14.00
69.08	18.00
69.1	16.00
69.12	12.00
69.14	22.00
69.16	24.00
69.18	20.00
69.2	28.00
69.22	24.00
69.24	20.00
69.26	16.00
69.28	20.00
69.3	18.00
69.32	18.00
69.34	34.00
69.36	20.00
69.38	22.00
69.4	12.00
69.42	24.00
69.44	16.00
69.46	16.00
69.48	14.00
69.5	8.00
69.52	10.00
69.54	8.00
69.56	4.00
69.58	10.00
69.6	8.00
69.62	4.00
69.64	8.00
69.66	6.00
69.68	6.00
69.7	2.00
69.72	2.00
69.74	4.00
69.76	4.00
69.78	2.00
69.8	2.00
69.82	4.00
69.84	6.00
69.86	8.00
69.88	8.00
69.9	6.00
69.92	8.00
69.94	8.00
69.96	8.00
69.98	16.00
70	12.00
70.02	12.00
70.04	6.00
70.06	12.00
70.08	8.00
70.1	10.00
70.12	10.00
70.14	8.00
70.16	10.00
70.18	12.00
70.2	6.00
70.22	8.00
70.24	4.00
70.26	8.00
70.28	6.00
70.3	6.00
70.32	8.00
70.34	8.00
70.36	6.00
70.38	2.00
70.4	12.00
70.42	10.00
70.44	4.00
70.46	10.00
70.48	4.00
70.5	6.00
70.52	6.00
70.54	10.00
70.56	10.00
70.58	8.00
70.6	8.00
70.62	12.00
70.64	8.00
70.66	8.00
70.68	10.00
70.7	6.00
70.72	4.00
70.74	4.00
70.76	4.00
70.78	6.00
70.8	4.00
70.82	4.00
70.84	4.00
70.86	6.00
70.88	2.00
70.9	6.00
70.92	0.00
70.94	2.00
70.96	4.00
70.98	0.00
71	2.00
71.02	2.00
71.04	6.00
71.06	0.00
71.08	0.00
71.1	6.00
71.12	0.00
71.14	2.00
71.16	2.00
71.18	2.00
71.2	2.00
71.22	0.00
71.24	2.00
71.26	0.00
71.28	2.00
71.3	0.00
71.32	4.00
71.34	4.00
71.36	2.00
71.38	2.00
71.4	0.00
71.42	2.00
71.44	0.00
71.46	2.00
71.48	2.00
71.5	2.00
71.52	2.00
71.54	4.00
71.56	0.00
71.58	2.00
71.6	6.00
71.62	2.00
71.64	2.00
71.66	4.00
71.68	2.00
71.7	0.00
71.72	0.00
71.74	2.00
71.76	2.00
71.78	2.00
71.8	2.00
71.82	0.00
71.84	4.00
71.86	2.00
71.88	4.00
71.9	0.00
71.92	4.00
71.94	2.00
71.96	0.00
71.98	2.00
72	2.00
72.02	0.00
72.04	2.00
72.06	0.00
72.08	0.00
72.1	6.00
72.12	0.00
72.14	2.00
72.16	2.00
72.18	2.00
72.2	0.00
72.22	2.00
72.24	0.00
72.26	4.00
72.28	0.00
72.3	2.00
72.32	2.00
72.34	2.00
72.36	2.00
72.38	2.00
72.4	0.00
72.42	2.00
72.44	2.00
72.46	0.00
72.48	2.00
72.5	0.00
72.52	2.00
72.54	2.00
72.56	0.00
72.58	0.00
72.6	2.00
72.62	4.00
72.64	0.00
72.66	0.00
72.68	2.00
72.7	2.00
72.72	4.00
72.74	2.00
72.76	2.00
72.78	2.00
72.8	6.00
72.82	2.00
72.84	4.00
72.86	2.00
72.88	0.00
72.9	4.00
72.92	0.00
72.94	4.00
72.96	4.00
72.98	6.00
73	0.00
73.02	2.00
73.04	2.00
73.06	2.00
73.08	4.00
73.1	0.00
73.12	4.00
73.14	4.00
73.16	4.00
73.18	0.00
73.2	2.00
73.22	2.00
73.24	4.00
73.26	6.00
73.28	2.00
73.3	4.00
73.32	4.00
73.34	2.00
73.36	6.00
73.38	2.00
73.4	4.00
73.42	4.00
73.44	2.00
73.46	2.00
73.48	2.00
73.5	2.00
73.52	4.00
73.54	0.00
73.56	4.00
73.58	4.00
73.6	6.00
73.62	6.00
73.64	2.00
73.66	2.00
73.68	2.00
73.7	6.00
73.72	6.00
73.74	2.00
73.76	6.00
73.78	0.00
73.8	4.00
73.82	6.00
73.84	4.00
73.86	2.00
73.88	0.00
73.9	6.00
73.92	2.00
73.94	2.00
73.96	2.00
73.98	6.00
74	2.00
74.02	2.00
74.04	4.00
74.06	2.00
74.08	4.00
74.1	2.00
74.12	4.00
74.14	2.00
74.16	6.00
74.18	6.00
74.2	4.00
74.22	2.00
74.24	4.00
74.26	2.00
74.28	4.00
74.3	2.00
74.32	6.00
74.34	2.00
74.36	6.00
74.38	0.00
74.4	6.00
74.42	0.00
74.44	4.00
74.46	4.00
74.48	4.00
74.5	4.00
74.52	4.00
74.54	6.00
74.56	4.00
74.58	6.00
74.6	2.00
74.62	4.00
74.64	2.00
74.66	2.00
74.68	2.00
74.7	2.00
74.72	2.00
74.74	2.00
74.76	2.00
74.78	2.00
74.8	0.00
74.82	0.00
74.84	4.00
74.86	2.00
74.88	2.00
74.9	4.00
74.92	4.00
74.94	4.00
74.96	2.00
74.98	4.00
75	4.00
75.02	6.00
75.04	4.00
75.06	6.00
75.08	4.00
75.1	6.00
75.12	6.00
75.14	10.00
75.16	6.00
75.18	16.00
75.2	10.00
75.22	8.00
75.24	14.00
75.26	16.00
75.28	10.00
75.3	10.00
75.32	12.00
75.34	12.00
75.36	10.00
75.38	10.00
75.4	6.00
75.42	10.00
75.44	8.00
75.46	8.00
75.48	6.00
75.5	8.00
75.52	12.00
75.54	6.00
75.56	8.00
75.58	2.00
75.6	8.00
75.62	6.00
75.64	8.00
75.66	0.00
75.68	10.00
75.7	6.00
75.72	2.00
75.74	2.00
75.76	2.00
75.78	8.00
75.8	4.00
75.82	2.00
75.84	0.00
75.86	6.00
75.88	2.00
75.9	2.00
75.92	2.00
75.94	2.00
75.96	2.00
75.98	2.00
76	2.00
76.02	4.00
76.04	2.00
76.06	2.00
76.08	4.00
76.1	4.00
76.12	2.00
76.14	4.00
76.16	4.00
76.18	4.00
76.2	10.00
76.22	2.00
76.24	4.00
76.26	6.00
76.28	6.00
76.3	4.00
76.32	10.00
76.34	4.00
76.36	6.00
76.38	6.00
76.4	4.00
76.42	8.00
76.44	6.00
76.46	4.00
76.48	4.00
76.5	8.00
76.52	4.00
76.54	0.00
76.56	2.00
76.58	8.00
76.6	4.00
76.62	8.00
76.64	2.00
76.66	0.00
76.68	8.00
76.7	2.00
76.72	6.00
76.74	2.00
76.76	2.00
76.78	6.00
76.8	2.00
76.82	4.00
76.84	4.00
76.86	6.00
76.88	2.00
76.9	4.00
76.92	4.00
76.94	4.00
76.96	4.00
76.98	2.00
77	0.00
77.02	2.00
77.04	2.00
77.06	4.00
77.08	6.00
77.1	2.00
77.12	2.00
77.14	0.00
77.16	0.00
77.18	2.00
77.2	2.00
77.22	4.00
77.24	0.00
77.26	2.00
77.28	2.00
77.3	4.00
77.32	2.00
77.34	4.00
77.36	2.00
77.38	0.00
77.4	0.00
77.42	4.00
77.44	0.00
77.46	2.00
77.48	0.00
77.5	2.00
77.52	2.00
77.54	2.00
77.56	2.00
77.58	2.00
77.6	0.00
77.62	2.00
77.64	0.00
77.66	2.00
77.68	0.00
77.7	4.00
77.72	0.00
77.74	2.00
77.76	2.00
77.78	2.00
77.8	2.00
77.82	2.00
77.84	0.00
77.86	2.00
77.88	2.00
77.9	2.00
77.92	0.00
77.94	2.00
77.96	0.00
77.98	2.00
78	0.00
78.02	2.00
78.04	2.00
78.06	2.00
78.08	0.00
78.1	0.00
78.12	2.00
78.14	2.00
78.16	4.00
78.18	2.00
78.2	2.00
78.22	0.00
78.24	2.00
78.26	0.00
78.28	2.00
78.3	0.00
78.32	0.00
78.34	0.00
78.36	2.00
78.38	0.00
78.4	2.00
78.42	0.00
78.44	0.00
78.46	2.00
78.48	0.00
78.5	0.00
78.52	2.00
78.54	0.00
78.56	2.00
78.58	0.00
78.6	2.00
78.62	0.00
78.64	4.00
78.66	0.00
78.68	2.00
78.7	2.00
78.72	0.00
78.74	0.00
78.76	0.00
78.78	2.00
78.8	2.00
78.82	0.00
78.84	4.00
78.86	0.00
78.88	2.00
78.9	0.00
78.92	2.00
78.94	2.00
78.96	0.00
78.98	2.00
79	2.00
79.02	2.00
79.04	0.00
79.06	2.00
79.08	0.00
79.1	2.00
79.12	2.00
79.14	2.00
79.16	0.00
79.18	0.00
79.2	4.00
79.22	0.00
79.24	0.00
79.26	0.00
79.28	0.00
79.3	0.00
79.32	2.00
79.34	2.00
79.36	4.00
79.38	2.00
79.4	2.00
79.42	2.00
79.44	0.00
79.46	2.00
79.48	2.00
79.5	0.00
79.52	4.00
79.54	2.00
79.56	2.00
79.58	0.00
79.6	0.00
79.62	4.00
79.64	6.00
79.66	2.00
79.68	2.00
79.7	2.00
79.72	0.00
79.74	4.00
79.76	0.00
79.78	2.00
79.8	4.00
79.82	4.00
79.84	0.00
79.86	0.00
79.88	4.00
79.9	2.00
79.92	6.00
79.94	6.00
79.96	4.00
79.98	4.00
80	2.00
