test
Wavelength = 1.54059
10	34.00
10.02	24.00
10.04	28.00
10.06	30.00
10.08	20.00
10.1	24.00
10.12	20.00
10.14	32.00
10.16	32.00
10.18	24.00
10.2	24.00
10.22	28.00
10.24	20.00
10.26	20.00
10.28	22.00
10.3	28.00
10.32	20.00
10.34	20.00
10.36	26.00
10.38	26.00
10.4	28.00
10.42	16.00
10.44	22.00
10.46	22.00
10.48	22.00
10.5	20.00
10.52	26.00
10.54	24.00
10.56	20.00
10.58	22.00
10.6	28.00
10.62	30.00
10.64	16.00
10.66	22.00
10.68	28.00
10.7	22.00
10.72	28.00
10.74	22.00
10.76	26.00
10.78	26.00
10.8	16.00
10.82	24.00
10.84	16.00
10.86	30.00
10.88	14.00
10.9	26.00
10.92	16.00
10.94	18.00
10.96	12.00
10.98	18.00
11	20.00
11.02	24.00
11.04	24.00
11.06	20.00
11.08	30.00
11.1	24.00
11.12	22.00
11.14	18.00
11.16	22.00
11.18	18.00
11.2	28.00
11.22	12.00
11.24	22.00
11.26	24.00
11.28	20.00
11.3	20.00
11.32	18.00
11.34	16.00
11.36	26.00
11.38	24.00
11.4	16.00
11.42	16.00
11.44	20.00
11.46	20.00
11.48	22.00
11.5	20.00
11.52	14.00
11.54	16.00
11.56	20.00
11.58	20.00
11.6	22.00
11.62	26.00
11.64	16.00
11.66	24.00
11.68	18.00
11.7	20.00
11.72	16.00
11.74	18.00
11.76	28.00
11.78	14.00
11.8	24.00
11.82	24.00
11.84	18.00
11.86	20.00
11.88	24.00
11.9	22.00
11.92	18.00
11.94	16.00
11.96	20.00
11.98	24.00
12	18.00
12.02	22.00
12.04	16.00
12.06	16.00
12.08	20.00
12.1	16.00
12.12	14.00
12.14	20.00
12.16	10.00
12.18	22.00
12.2	22.00
12.22	22.00
12.24	20.00
12.26	26.00
12.28	18.00
12.3	22.00
12.32	20.00
12.34	22.00
12.36	14.00
12.38	20.00
12.4	16.00
12.42	20.00
12.44	18.00
12.46	18.00
12.48	16.00
12.5	22.00
12.52	14.00
12.54	16.00
12.56	18.00
12.58	18.00
12.6	16.00
12.62	12.00
12.64	20.00
12.66	24.00
12.68	16.00
12.7	16.00
12.72	10.00
12.74	18.00
12.76	30.00
12.78	22.00
12.8	12.00
12.82	18.00
12.84	12.00
12.86	20.00
12.88	14.00
12.9	16.00
12.92	22.00
12.94	12.00
12.96	18.00
12.98	16.00
13	14.00
13.02	20.00
13.04	10.00
13.06	18.00
13.08	12.00
13.1	22.00
13.12	16.00
13.14	22.00
13.16	20.00
13.18	20.00
13.2	18.00
13.22	18.00
13.24	12.00
13.26	16.00
13.28	16.00
13.3	14.00
13.32	16.00
13.34	14.00
13.36	16.00
13.38	20.00
13.4	20.00
13.42	16.00
13.44	10.00
13.46	20.00
13.48	16.00
13.5	16.00
13.52	20.00
13.54	28.00
13.56	12.00
13.58	14.00
13.6	16.00
13.62	14.00
13.64	16.00
13.66	20.00
13.68	24.00
13.7	12.00
13.72	14.00
13.74	10.00
13.76	12.00
13.78	12.00
13.8	14.00
13.82	14.00
13.84	14.00
13.86	22.00
13.88	18.00
13.9	16.00
13.92	16.00
13.94	14.00
13.96	12.00
13.98	16.00
14	10.00
14.02	10.00
14.04	8.00
14.06	16.00
14.08	14.00
14.1	20.00
14.12	12.00
14.14	18.00
14.16	14.00
14.18	10.00
14.2	12.00
14.22	22.00
14.24	10.00
14.26	10.00
14.28	12.00
14.3	12.00
14.32	14.00
14.34	10.00
14.36	16.00
14.38	12.00
14.4	12.00
14.42	14.00
14.44	12.00
14.46	18.00
14.48	12.00
14.5	10.00
14.52	18.00
14.54	8.00
14.56	12.00
14.58	14.00
14.6	14.00
14.62	14.00
14.64	10.00
14.66	10.00
14.68	16.00
14.7	12.00
14.72	14.00
14.74	22.00
14.76	14.00
14.78	16.00
14.8	14.00
14.82	16.00
14.84	16.00
14.86	20.00
14.88	20.00
14.9	10.00
14.92	16.00
14.94	16.00
14.96	10.00
14.98	18.00
15	16.00
15.02	18.00
15.04	24.00
15.06	16.00
15.08	16.00
15.1	18.00
15.12	14.00
15.14	14.00
15.16	14.00
15.18	16.00
15.2	18.00
15.22	14.00
15.24	6.00
15.26	12.00
15.28	12.00
15.3	10.00
15.32	16.00
15.34	8.00
15.36	12.00
15.38	14.00
15.4	12.00
15.42	14.00
15.44	6.00
15.46	16.00
15.48	16.00
15.5	18.00
15.52	22.00
15.54	20.00
15.56	20.00
15.58	12.00
15.6	2.00
15.62	8.00
15.64	8.00
15.66	12.00
15.68	12.00
15.7	8.00
15.72	16.00
15.74	10.00
15.76	20.00
15.78	10.00
15.8	16.00
15.82	12.00
15.84	10.00
15.86	10.00
15.88	16.00
15.9	20.00
15.92	16.00
15.94	18.00
15.96	12.00
15.98	14.00
16	12.00
16.02	14.00
16.04	12.00
16.06	12.00
16.08	12.00
16.1	8.00
16.12	12.00
16.14	18.00
16.16	14.00
16.18	12.00
16.2	14.00
16.22	10.00
16.24	12.00
16.26	10.00
16.28	12.00
16.3	14.00
16.32	10.00
16.34	12.00
16.36	14.00
16.38	16.00
16.4	14.00
16.42	18.00
16.44	12.00
16.46	14.00
16.48	12.00
16.5	16.00
16.52	12.00
16.54	16.00
16.56	14.00
16.58	14.00
16.6	10.00
16.62	14.00
16.64	8.00
16.66	22.00
16.68	12.00
16.7	12.00
16.72	12.00
16.74	10.00
16.76	8.00
16.78	12.00
16.8	16.00
16.82	12.00
16.84	12.00
16.86	14.00
16.88	14.00
16.9	12.00
16.92	10.00
16.94	10.00
16.96	12.00
16.98	12.00
17	20.00
17.02	18.00
17.04	8.00
17.06	18.00
17.08	14.00
17.1	12.00
17.12	12.00
17.14	22.00
17.16	18.00
17.18	20.00
17.2	10.00
17.22	14.00
17.24	14.00
17.26	14.00
17.28	12.00
17.3	26.00
17.32	16.00
17.34	14.00
17.36	18.00
17.38	16.00
17.4	24.00
17.42	20.00
17.44	10.00
17.46	16.00
17.48	10.00
17.5	18.00
17.52	14.00
17.54	20.00
17.56	18.00
17.58	18.00
17.6	28.00
17.62	26.00
17.64	22.00
17.66	14.00
17.68	12.00
17.7	18.00
17.72	22.00
17.74	22.00
17.76	22.00
17.78	26.00
17.8	24.00
17.82	28.00
17.84	32.00
17.86	32.00
17.88	30.00
17.9	48.00
17.92	50.00
17.94	48.00
17.96	56.00
17.98	56.00
18	60.00
18.02	64.00
18.04	76.00
18.06	60.00
18.08	96.00
18.1	82.00
18.12	102.00
18.14	110.00
18.16	124.00
18.18	136.00
18.2	162.00
18.22	146.00
18.24	178.00
18.26	194.00
18.28	220.00
18.3	266.00
18.32	300.00
18.34	350.00
18.36	350.00
18.38	416.00
18.4	400.00
18.42	450.00
18.44	448.00
18.46	464.00
18.48	442.00
18.5	418.00
18.52	440.00
18.54	406.00
18.56	418.00
18.58	364.00
18.6	386.00
18.62	398.00
18.64	324.00
18.66	292.00
18.68	262.00
18.7	222.00
18.72	172.00
18.74	140.00
18.76	106.00
18.78	104.00
18.8	72.00
18.82	84.00
18.84	72.00
18.86	72.00
18.88	60.00
18.9	46.00
18.92	46.00
18.94	58.00
18.96	42.00
18.98	40.00
19	34.00
19.02	30.00
19.04	30.00
19.06	26.00
19.08	34.00
19.1	34.00
19.12	30.00
19.14	32.00
19.16	30.00
19.18	28.00
19.2	22.00
19.22	16.00
19.24	20.00
19.26	24.00
19.28	30.00
19.3	26.00
19.32	16.00
19.34	20.00
19.36	26.00
19.38	20.00
19.4	20.00
19.42	12.00
19.44	20.00
19.46	20.00
19.48	18.00
19.5	18.00
19.52	22.00
19.54	14.00
19.56	12.00
19.58	20.00
19.6	22.00
19.62	20.00
19.64	22.00
19.66	22.00
19.68	20.00
19.7	26.00
19.72	26.00
19.74	18.00
19.76	22.00
19.78	22.00
19.8	20.00
19.82	22.00
19.84	30.00
19.86	24.00
19.88	36.00
19.9	34.00
19.92	26.00
19.94	38.00
19.96	30.00
19.98	40.00
20	52.00
20.02	54.00
20.04	48.00
20.06	60.00
20.08	54.00
20.1	54.00
20.12	70.00
20.14	68.00
20.16	74.00
20.18	74.00
20.2	64.00
20.22	98.00
20.24	100.00
20.26	92.00
20.28	124.00
20.3	124.00
20.32	106.00
20.34	104.00
20.36	102.00
20.38	106.00
20.4	106.00
20.42	114.00
20.44	92.00
20.46	100.00
20.48	98.00
20.5	106.00
20.52	94.00
20.54	88.00
20.56	72.00
20.58	80.00
20.6	88.00
20.62	76.00
20.64	62.00
20.66	62.00
20.68	76.00
20.7	82.00
20.72	56.00
20.74	64.00
20.76	70.00
20.78	78.00
20.8	62.00
20.82	80.00
20.84	64.00
20.86	68.00
20.88	56.00
20.9	58.00
20.92	66.00
20.94	72.00
20.96	48.00
20.98	44.00
21	62.00
21.02	64.00
21.04	58.00
21.06	58.00
21.08	58.00
21.1	52.00
21.12	44.00
21.14	68.00
21.16	60.00
21.18	66.00
21.2	52.00
21.22	62.00
21.24	52.00
21.26	62.00
21.28	58.00
21.3	58.00
21.32	54.00
21.34	58.00
21.36	50.00
21.38	46.00
21.4	36.00
21.42	50.00
21.44	50.00
21.46	58.00
21.48	54.00
21.5	42.00
21.52	48.00
21.54	44.00
21.56	42.00
21.58	48.00
21.6	54.00
21.62	42.00
21.64	36.00
21.66	56.00
21.68	36.00
21.7	48.00
21.72	38.00
21.74	52.00
21.76	42.00
21.78	38.00
21.8	46.00
21.82	38.00
21.84	38.00
21.86	30.00
21.88	26.00
21.9	40.00
21.92	38.00
21.94	40.00
21.96	50.00
21.98	38.00
22	26.00
22.02	54.00
22.04	42.00
22.06	34.00
22.08	36.00
22.1	32.00
22.12	30.00
22.14	36.00
22.16	32.00
22.18	38.00
22.2	36.00
22.22	32.00
22.24	32.00
22.26	26.00
22.28	34.00
22.3	32.00
22.32	38.00
22.34	40.00
22.36	28.00
22.38	28.00
22.4	26.00
22.42	32.00
22.44	32.00
22.46	26.00
22.48	42.00
22.5	34.00
22.52	40.00
22.54	32.00
22.56	30.00
22.58	30.00
22.6	32.00
22.62	30.00
22.64	26.00
22.66	28.00
22.68	32.00
22.7	26.00
22.72	34.00
22.74	28.00
22.76	24.00
22.78	22.00
22.8	26.00
22.82	22.00
22.84	36.00
22.86	22.00
22.88	22.00
22.9	34.00
22.92	26.00
22.94	28.00
22.96	18.00
22.98	32.00
23	28.00
23.02	28.00
23.04	22.00
23.06	26.00
23.08	30.00
23.1	32.00
23.12	30.00
23.14	22.00
23.16	28.00
23.18	26.00
23.2	32.00
23.22	18.00
23.24	22.00
23.26	24.00
23.28	28.00
23.3	28.00
23.32	26.00
23.34	36.00
23.36	26.00
23.38	26.00
23.4	26.00
23.42	26.00
23.44	22.00
23.46	40.00
23.48	24.00
23.5	20.00
23.52	26.00
23.54	38.00
23.56	34.00
23.58	26.00
23.6	38.00
23.62	38.00
23.64	38.00
23.66	36.00
23.68	30.00
23.7	28.00
23.72	24.00
23.74	18.00
23.76	24.00
23.78	30.00
23.8	18.00
23.82	36.00
23.84	24.00
23.86	28.00
23.88	26.00
23.9	26.00
23.92	34.00
23.94	30.00
23.96	28.00
23.98	28.00
24	20.00
24.02	24.00
24.04	24.00
24.06	26.00
24.08	24.00
24.1	22.00
24.12	22.00
24.14	20.00
24.16	24.00
24.18	18.00
24.2	28.00
24.22	26.00
24.24	22.00
24.26	18.00
24.28	22.00
24.3	16.00
24.32	18.00
24.34	24.00
24.36	20.00
24.38	20.00
24.4	22.00
24.42	24.00
24.44	12.00
24.46	22.00
24.48	20.00
24.5	20.00
24.52	26.00
24.54	24.00
24.56	14.00
24.58	32.00
24.6	22.00
24.62	14.00
24.64	28.00
24.66	26.00
24.68	16.00
24.7	20.00
24.72	18.00
24.74	24.00
24.76	26.00
24.78	16.00
24.8	18.00
24.82	14.00
24.84	20.00
24.86	18.00
24.88	22.00
24.9	26.00
24.92	8.00
24.94	14.00
24.96	20.00
24.98	22.00
25	18.00
25.02	20.00
25.04	18.00
25.06	16.00
25.08	34.00
25.1	28.00
25.12	12.00
25.14	28.00
25.16	22.00
25.18	30.00
25.2	16.00
25.22	18.00
25.24	12.00
25.26	10.00
25.28	14.00
25.3	16.00
25.32	18.00
25.34	20.00
25.36	18.00
25.38	24.00
25.4	24.00
25.42	32.00
25.44	18.00
25.46	14.00
25.48	16.00
25.5	12.00
25.52	12.00
25.54	18.00
25.56	12.00
25.58	18.00
25.6	18.00
25.62	14.00
25.64	16.00
25.66	14.00
25.68	18.00
25.7	18.00
25.72	18.00
25.74	24.00
25.76	16.00
25.78	12.00
25.8	14.00
25.82	20.00
25.84	10.00
25.86	8.00
25.88	14.00
25.9	12.00
25.92	10.00
25.94	20.00
25.96	12.00
25.98	18.00
26	12.00
26.02	22.00
26.04	14.00
26.06	18.00
26.08	20.00
26.1	24.00
26.12	20.00
26.14	16.00
26.16	16.00
26.18	18.00
26.2	14.00
26.22	20.00
26.24	16.00
26.26	18.00
26.28	16.00
26.3	14.00
26.32	14.00
26.34	16.00
26.36	8.00
26.38	18.00
26.4	12.00
26.42	24.00
26.44	16.00
26.46	22.00
26.48	18.00
26.5	20.00
26.52	12.00
26.54	14.00
26.56	18.00
26.58	22.00
26.6	14.00
26.62	16.00
26.64	16.00
26.66	16.00
26.68	20.00
26.7	14.00
26.72	12.00
26.74	10.00
26.76	18.00
26.78	22.00
26.8	16.00
26.82	18.00
26.84	10.00
26.86	14.00
26.88	20.00
26.9	16.00
26.92	16.00
26.94	12.00
26.96	18.00
26.98	16.00
27	18.00
27.02	14.00
27.04	26.00
27.06	10.00
27.08	14.00
27.1	18.00
27.12	14.00
27.14	12.00
27.16	12.00
27.18	14.00
27.2	8.00
27.22	20.00
27.24	16.00
27.26	12.00
27.28	18.00
27.3	6.00
27.32	20.00
27.34	18.00
27.36	16.00
27.38	12.00
27.4	18.00
27.42	14.00
27.44	26.00
27.46	24.00
27.48	10.00
27.5	14.00
27.52	18.00
27.54	14.00
27.56	20.00
27.58	12.00
27.6	16.00
27.62	24.00
27.64	20.00
27.66	20.00
27.68	8.00
27.7	18.00
27.72	16.00
27.74	18.00
27.76	10.00
27.78	24.00
27.8	16.00
27.82	18.00
27.84	14.00
27.86	4.00
27.88	18.00
27.9	18.00
27.92	16.00
27.94	16.00
27.96	10.00
27.98	22.00
28	12.00
28.02	18.00
28.04	12.00
28.06	22.00
28.08	16.00
28.1	20.00
28.12	14.00
28.14	14.00
28.16	16.00
28.18	18.00
28.2	8.00
28.22	14.00
28.24	14.00
28.26	20.00
28.28	14.00
28.3	12.00
28.32	12.00
28.34	14.00
28.36	14.00
28.38	10.00
28.4	16.00
28.42	16.00
28.44	8.00
28.46	12.00
28.48	12.00
28.5	18.00
28.52	18.00
28.54	6.00
28.56	14.00
28.58	14.00
28.6	16.00
28.62	12.00
28.64	12.00
28.66	10.00
28.68	16.00
28.7	12.00
28.72	8.00
28.74	16.00
28.76	10.00
28.78	10.00
28.8	10.00
28.82	4.00
28.84	18.00
28.86	8.00
28.88	14.00
28.9	6.00
28.92	12.00
28.94	10.00
28.96	10.00
28.98	6.00
29	6.00
29.02	12.00
29.04	12.00
29.06	18.00
29.08	18.00
29.1	8.00
29.12	16.00
29.14	16.00
29.16	10.00
29.18	10.00
29.2	14.00
29.22	8.00
29.24	16.00
29.26	18.00
29.28	8.00
29.3	18.00
29.32	18.00
29.34	12.00
29.36	10.00
29.38	8.00
29.4	12.00
29.42	12.00
29.44	12.00
29.46	8.00
29.48	12.00
29.5	14.00
29.52	14.00
29.54	14.00
29.56	10.00
29.58	10.00
29.6	16.00
29.62	14.00
29.64	8.00
29.66	14.00
29.68	20.00
29.7	10.00
29.72	4.00
29.74	16.00
29.76	12.00
29.78	14.00
29.8	12.00
29.82	6.00
29.84	12.00
29.86	14.00
29.88	12.00
29.9	18.00
29.92	10.00
29.94	16.00
29.96	8.00
29.98	12.00
30	10.00
30.02	12.00
30.04	6.00
30.06	8.00
30.08	2.00
30.1	10.00
30.12	16.00
30.14	10.00
30.16	10.00
30.18	8.00
30.2	6.00
30.22	14.00
30.24	16.00
30.26	14.00
30.28	12.00
30.3	14.00
30.32	8.00
30.34	12.00
30.36	10.00
30.38	12.00
30.4	18.00
30.42	8.00
30.44	8.00
30.46	10.00
30.48	8.00
30.5	10.00
30.52	12.00
30.54	18.00
30.56	12.00
30.58	10.00
30.6	10.00
30.62	12.00
30.64	16.00
30.66	8.00
30.68	8.00
30.7	14.00
30.72	14.00
30.74	10.00
30.76	8.00
30.78	14.00
30.8	18.00
30.82	12.00
30.84	10.00
30.86	8.00
30.88	14.00
30.9	6.00
30.92	24.00
30.94	6.00
30.96	8.00
30.98	16.00
31	10.00
31.02	12.00
31.04	16.00
31.06	10.00
31.08	12.00
31.1	14.00
31.12	10.00
31.14	12.00
31.16	16.00
31.18	12.00
31.2	2.00
31.22	10.00
31.24	14.00
31.26	18.00
31.28	4.00
31.3	10.00
31.32	12.00
31.34	12.00
31.36	12.00
31.38	16.00
31.4	16.00
31.42	12.00
31.44	4.00
31.46	14.00
31.48	16.00
31.5	12.00
31.52	8.00
31.54	6.00
31.56	16.00
31.58	12.00
31.6	14.00
31.62	10.00
31.64	14.00
31.66	20.00
31.68	14.00
31.7	12.00
31.72	18.00
31.74	10.00
31.76	16.00
31.78	14.00
31.8	16.00
31.82	12.00
31.84	8.00
31.86	20.00
31.88	8.00
31.9	10.00
31.92	12.00
31.94	16.00
31.96	18.00
31.98	14.00
32	12.00
32.02	12.00
32.04	8.00
32.06	6.00
32.08	14.00
32.1	18.00
32.12	8.00
32.14	12.00
32.16	8.00
32.18	10.00
32.2	10.00
32.22	12.00
32.24	10.00
32.26	10.00
32.28	10.00
32.3	6.00
32.32	12.00
32.34	14.00
32.36	8.00
32.38	10.00
32.4	6.00
32.42	8.00
32.44	6.00
32.46	8.00
32.48	10.00
32.5	12.00
32.52	10.00
32.54	10.00
32.56	8.00
32.58	8.00
32.6	12.00
32.62	8.00
32.64	8.00
32.66	10.00
32.68	6.00
32.7	10.00
32.72	6.00
32.74	8.00
32.76	12.00
32.78	8.00
32.8	8.00
32.82	8.00
32.84	6.00
32.86	6.00
32.88	10.00
32.9	10.00
32.92	10.00
32.94	8.00
32.96	14.00
32.98	8.00
33	8.00
33.02	16.00
33.04	10.00
33.06	14.00
33.08	6.00
33.1	12.00
33.12	4.00
33.14	2.00
33.16	8.00
33.18	10.00
33.2	2.00
33.22	8.00
33.24	12.00
33.26	8.00
33.28	8.00
33.3	6.00
33.32	10.00
33.34	12.00
33.36	8.00
33.38	10.00
33.4	6.00
33.42	8.00
33.44	8.00
33.46	8.00
33.48	10.00
33.5	6.00
33.52	8.00
33.54	8.00
33.56	4.00
33.58	8.00
33.6	12.00
33.62	8.00
33.64	6.00
33.66	10.00
33.68	10.00
33.7	4.00
33.72	4.00
33.74	8.00
33.76	8.00
33.78	10.00
33.8	12.00
33.82	12.00
33.84	14.00
33.86	12.00
33.88	14.00
33.9	8.00
33.92	10.00
33.94	10.00
33.96	8.00
33.98	8.00
34	10.00
34.02	6.00
34.04	10.00
34.06	10.00
34.08	16.00
34.1	10.00
34.12	6.00
34.14	8.00
34.16	12.00
34.18	16.00
34.2	12.00
34.22	10.00
34.24	8.00
34.26	8.00
34.28	8.00
34.3	10.00
34.32	10.00
34.34	10.00
34.36	16.00
34.38	12.00
34.4	10.00
34.42	12.00
34.44	16.00
34.46	4.00
34.48	6.00
34.5	10.00
34.52	10.00
34.54	6.00
34.56	10.00
34.58	4.00
34.6	8.00
34.62	14.00
34.64	8.00
34.66	8.00
34.68	8.00
34.7	10.00
34.72	12.00
34.74	6.00
34.76	10.00
34.78	10.00
34.8	12.00
34.82	4.00
34.84	12.00
34.86	10.00
34.88	6.00
34.9	10.00
34.92	12.00
34.94	14.00
34.96	12.00
34.98	8.00
35	10.00
35.02	12.00
35.04	12.00
35.06	10.00
35.08	12.00
35.1	8.00
35.12	10.00
35.14	12.00
35.16	10.00
35.18	10.00
35.2	10.00
35.22	12.00
35.24	16.00
35.26	12.00
35.28	14.00
35.3	16.00
35.32	10.00
35.34	8.00
35.36	12.00
35.38	16.00
35.4	14.00
35.42	12.00
35.44	16.00
35.46	18.00
35.48	20.00
35.5	16.00
35.52	20.00
35.54	16.00
35.56	18.00
35.58	20.00
35.6	30.00
35.62	18.00
35.64	36.00
35.66	30.00
35.68	40.00
35.7	42.00
35.72	42.00
35.74	52.00
35.76	54.00
35.78	62.00
35.8	66.00
35.82	76.00
35.84	94.00
35.86	102.00
35.88	98.00
35.9	122.00
35.92	128.00
35.94	144.00
35.96	142.00
35.98	162.00
36	150.00
36.02	162.00
36.04	138.00
36.06	142.00
36.08	170.00
36.1	118.00
36.12	134.00
36.14	118.00
36.16	110.00
36.18	92.00
36.2	90.00
36.22	74.00
36.24	68.00
36.26	62.00
36.28	48.00
36.3	44.00
36.32	48.00
36.34	42.00
36.36	30.00
36.38	32.00
36.4	20.00
36.42	22.00
36.44	24.00
36.46	16.00
36.48	14.00
36.5	20.00
36.52	8.00
36.54	16.00
36.56	16.00
36.58	12.00
36.6	10.00
36.62	12.00
36.64	8.00
36.66	18.00
36.68	8.00
36.7	14.00
36.72	20.00
36.74	4.00
36.76	14.00
36.78	12.00
36.8	10.00
36.82	2.00
36.84	18.00
36.86	12.00
36.88	8.00
36.9	12.00
36.92	10.00
36.94	12.00
36.96	12.00
36.98	14.00
37	10.00
37.02	16.00
37.04	16.00
37.06	16.00
37.08	10.00
37.1	6.00
37.12	8.00
37.14	10.00
37.16	14.00
37.18	4.00
37.2	10.00
37.22	8.00
37.24	10.00
37.26	8.00
37.28	10.00
37.3	6.00
37.32	10.00
37.34	8.00
37.36	4.00
37.38	10.00
37.4	18.00
37.42	16.00
37.44	12.00
37.46	10.00
37.48	10.00
37.5	12.00
37.52	12.00
37.54	12.00
37.56	6.00
37.58	16.00
37.6	10.00
37.62	14.00
37.64	14.00
37.66	18.00
37.68	18.00
37.7	12.00
37.72	14.00
37.74	12.00
37.76	14.00
37.78	12.00
37.8	8.00
37.82	14.00
37.84	8.00
37.86	6.00
37.88	10.00
37.9	8.00
37.92	6.00
37.94	10.00
37.96	12.00
37.98	8.00
38	6.00
38.02	10.00
38.04	8.00
38.06	8.00
38.08	4.00
38.1	6.00
38.12	12.00
38.14	8.00
38.16	8.00
38.18	10.00
38.2	4.00
38.22	4.00
38.24	10.00
38.26	4.00
38.28	12.00
38.3	6.00
38.32	12.00
38.34	8.00
38.36	8.00
38.38	10.00
38.4	8.00
38.42	6.00
38.44	8.00
38.46	8.00
38.48	4.00
38.5	2.00
38.52	8.00
38.54	4.00
38.56	10.00
38.58	8.00
38.6	6.00
38.62	8.00
38.64	10.00
38.66	8.00
38.68	4.00
38.7	6.00
38.72	6.00
38.74	6.00
38.76	8.00
38.78	4.00
38.8	6.00
38.82	6.00
38.84	2.00
38.86	8.00
38.88	2.00
38.9	8.00
38.92	6.00
38.94	10.00
38.96	8.00
38.98	12.00
39	4.00
39.02	6.00
39.04	6.00
39.06	6.00
39.08	6.00
39.1	4.00
39.12	10.00
39.14	4.00
39.16	4.00
39.18	6.00
39.2	6.00
39.22	8.00
39.24	4.00
39.26	6.00
39.28	10.00
39.3	6.00
39.32	2.00
39.34	4.00
39.36	8.00
39.38	6.00
39.4	12.00
39.42	2.00
39.44	8.00
39.46	2.00
39.48	6.00
39.5	6.00
39.52	6.00
39.54	4.00
39.56	8.00
39.58	2.00
39.6	12.00
39.62	6.00
39.64	14.00
39.66	2.00
39.68	6.00
39.7	4.00
39.72	6.00
39.74	4.00
39.76	12.00
39.78	10.00
39.8	2.00
39.82	8.00
39.84	8.00
39.86	6.00
39.88	4.00
39.9	8.00
39.92	6.00
39.94	4.00
39.96	4.00
39.98	6.00
40	6.00
40.02	8.00
40.04	6.00
40.06	8.00
40.08	6.00
40.1	6.00
40.12	4.00
40.14	4.00
40.16	12.00
40.18	10.00
40.2	4.00
40.22	8.00
40.24	6.00
40.26	8.00
40.28	4.00
40.3	8.00
40.32	8.00
40.34	8.00
40.36	10.00
40.38	4.00
40.4	6.00
40.42	4.00
40.44	6.00
40.46	12.00
40.48	8.00
40.5	8.00
40.52	6.00
40.54	4.00
40.56	10.00
40.58	4.00
40.6	6.00
40.62	6.00
40.64	8.00
40.66	6.00
40.68	6.00
40.7	10.00
40.72	6.00
40.74	6.00
40.76	6.00
40.78	8.00
40.8	8.00
40.82	4.00
40.84	10.00
40.86	4.00
40.88	4.00
40.9	10.00
40.92	8.00
40.94	4.00
40.96	8.00
40.98	8.00
41	16.00
41.02	8.00
41.04	10.00
41.06	8.00
41.08	8.00
41.1	8.00
41.12	14.00
41.14	10.00
41.16	18.00
41.18	14.00
41.2	12.00
41.22	8.00
41.24	6.00
41.26	8.00
41.28	8.00
41.3	12.00
41.32	14.00
41.34	10.00
41.36	8.00
41.38	14.00
41.4	6.00
41.42	14.00
41.44	16.00
41.46	8.00
41.48	12.00
41.5	16.00
41.52	6.00
41.54	10.00
41.56	14.00
41.58	6.00
41.6	8.00
41.62	10.00
41.64	8.00
41.66	4.00
41.68	6.00
41.7	6.00
41.72	10.00
41.74	6.00
41.76	10.00
41.78	14.00
41.8	6.00
41.82	8.00
41.84	12.00
41.86	10.00
41.88	8.00
41.9	10.00
41.92	6.00
41.94	8.00
41.96	8.00
41.98	16.00
42	14.00
42.02	10.00
42.04	8.00
42.06	6.00
42.08	8.00
42.1	8.00
42.12	10.00
42.14	12.00
42.16	12.00
42.18	6.00
42.2	16.00
42.22	10.00
42.24	12.00
42.26	14.00
42.28	8.00
42.3	10.00
42.32	10.00
42.34	18.00
42.36	6.00
42.38	10.00
42.4	6.00
42.42	14.00
42.44	12.00
42.46	8.00
42.48	8.00
42.5	6.00
42.52	12.00
42.54	14.00
42.56	12.00
42.58	16.00
42.6	12.00
42.62	6.00
42.64	12.00
42.66	8.00
42.68	10.00
42.7	14.00
42.72	14.00
42.74	18.00
42.76	10.00
42.78	20.00
42.8	18.00
42.82	12.00
42.84	22.00
42.86	10.00
42.88	16.00
42.9	14.00
42.92	16.00
42.94	14.00
42.96	18.00
42.98	12.00
43	16.00
43.02	18.00
43.04	14.00
43.06	24.00
43.08	22.00
43.1	24.00
43.12	26.00
43.14	30.00
43.16	30.00
43.18	30.00
43.2	40.00
43.22	34.00
43.24	44.00
43.26	44.00
43.28	52.00
43.3	58.00
43.32	70.00
43.34	84.00
43.36	106.00
43.38	136.00
43.4	132.00
43.42	146.00
43.44	168.00
43.46	224.00
43.48	232.00
43.5	272.00
43.52	340.00
43.54	338.00
43.56	352.00
43.58	464.00
43.6	462.00
43.62	494.00
43.64	546.00
43.66	574.00
43.68	584.00
43.7	592.00
43.72	610.00
43.74	572.00
43.76	570.00
43.78	562.00
43.8	516.00
43.82	510.00
43.84	432.00
43.86	442.00
43.88	436.00
43.9	382.00
43.92	274.00
43.94	274.00
43.96	228.00
43.98	178.00
44	162.00
44.02	140.00
44.04	120.00
44.06	94.00
44.08	74.00
44.1	76.00
44.12	68.00
44.14	66.00
44.16	50.00
44.18	46.00
44.2	40.00
44.22	22.00
44.24	34.00
44.26	34.00
44.28	30.00
44.3	18.00
44.32	20.00
44.34	16.00
44.36	22.00
44.38	14.00
44.4	22.00
44.42	18.00
44.44	14.00
44.46	12.00
44.48	18.00
44.5	16.00
44.52	14.00
44.54	12.00
44.56	8.00
44.58	18.00
44.6	10.00
44.62	16.00
44.64	8.00
44.66	10.00
44.68	14.00
44.7	18.00
44.72	14.00
44.74	12.00
44.76	8.00
44.78	8.00
44.8	12.00
44.82	6.00
44.84	10.00
44.86	14.00
44.88	12.00
44.9	10.00
44.92	6.00
44.94	12.00
44.96	10.00
44.98	8.00
45	10.00
45.02	6.00
45.04	2.00
45.06	14.00
45.08	8.00
45.1	10.00
45.12	8.00
45.14	8.00
45.16	8.00
45.18	8.00
45.2	4.00
45.22	12.00
45.24	8.00
45.26	10.00
45.28	8.00
45.3	6.00
45.32	6.00
45.34	14.00
45.36	10.00
45.38	8.00
45.4	10.00
45.42	6.00
45.44	8.00
45.46	6.00
45.48	10.00
45.5	12.00
45.52	10.00
45.54	10.00
45.56	4.00
45.58	8.00
45.6	6.00
45.62	4.00
45.64	12.00
45.66	4.00
45.68	4.00
45.7	6.00
45.72	12.00
45.74	8.00
45.76	6.00
45.78	14.00
45.8	10.00
45.82	12.00
45.84	2.00
45.86	14.00
45.88	6.00
45.9	4.00
45.92	8.00
45.94	10.00
45.96	12.00
45.98	4.00
46	4.00
46.02	10.00
46.04	10.00
46.06	8.00
46.08	10.00
46.1	8.00
46.12	8.00
46.14	10.00
46.16	2.00
46.18	10.00
46.2	4.00
46.22	12.00
46.24	4.00
46.26	10.00
46.28	8.00
46.3	6.00
46.32	4.00
46.34	10.00
46.36	2.00
46.38	6.00
46.4	6.00
46.42	4.00
46.44	6.00
46.46	16.00
46.48	16.00
46.5	4.00
46.52	8.00
46.54	8.00
46.56	6.00
46.58	4.00
46.6	4.00
46.62	6.00
46.64	10.00
46.66	6.00
46.68	10.00
46.7	6.00
46.72	8.00
46.74	6.00
46.76	18.00
46.78	8.00
46.8	10.00
46.82	8.00
46.84	6.00
46.86	8.00
46.88	8.00
46.9	6.00
46.92	8.00
46.94	10.00
46.96	12.00
46.98	8.00
47	10.00
47.02	8.00
47.04	10.00
47.06	8.00
47.08	6.00
47.1	6.00
47.12	6.00
47.14	2.00
47.16	8.00
47.18	6.00
47.2	10.00
47.22	6.00
47.24	6.00
47.26	12.00
47.28	6.00
47.3	8.00
47.32	10.00
47.34	10.00
47.36	8.00
47.38	10.00
47.4	6.00
47.42	10.00
47.44	14.00
47.46	12.00
47.48	18.00
47.5	10.00
47.52	16.00
47.54	20.00
47.56	20.00
47.58	22.00
47.6	18.00
47.62	24.00
47.64	20.00
47.66	24.00
47.68	26.00
47.7	30.00
47.72	30.00
47.74	44.00
47.76	30.00
47.78	38.00
47.8	36.00
47.82	40.00
47.84	42.00
47.86	42.00
47.88	40.00
47.9	28.00
47.92	30.00
47.94	32.00
47.96	28.00
47.98	30.00
48	32.00
48.02	30.00
48.04	36.00
48.06	30.00
48.08	30.00
48.1	22.00
48.12	18.00
48.14	14.00
48.16	12.00
48.18	16.00
48.2	14.00
48.22	6.00
48.24	14.00
48.26	12.00
48.28	18.00
48.3	12.00
48.32	8.00
48.34	6.00
48.36	14.00
48.38	10.00
48.4	8.00
48.42	16.00
48.44	10.00
48.46	10.00
48.48	2.00
48.5	10.00
48.52	10.00
48.54	6.00
48.56	6.00
48.58	6.00
48.6	8.00
48.62	6.00
48.64	8.00
48.66	10.00
48.68	12.00
48.7	6.00
48.72	8.00
48.74	10.00
48.76	8.00
48.78	12.00
48.8	4.00
48.82	6.00
48.84	6.00
48.86	6.00
48.88	6.00
48.9	4.00
48.92	8.00
48.94	8.00
48.96	8.00
48.98	4.00
49	8.00
49.02	10.00
49.04	10.00
49.06	8.00
49.08	6.00
49.1	12.00
49.12	8.00
49.14	10.00
49.16	10.00
49.18	10.00
49.2	6.00
49.22	12.00
49.24	6.00
49.26	6.00
49.28	2.00
49.3	4.00
49.32	6.00
49.34	12.00
49.36	2.00
49.38	8.00
49.4	4.00
49.42	6.00
49.44	8.00
49.46	8.00
49.48	10.00
49.5	10.00
49.52	12.00
49.54	6.00
49.56	8.00
49.58	12.00
49.6	4.00
49.62	4.00
49.64	8.00
49.66	4.00
49.68	8.00
49.7	2.00
49.72	10.00
49.74	4.00
49.76	4.00
49.78	4.00
49.8	4.00
49.82	6.00
49.84	6.00
49.86	8.00
49.88	6.00
49.9	8.00
49.92	10.00
49.94	6.00
49.96	8.00
49.98	10.00
50	6.00
50.02	12.00
50.04	8.00
50.06	10.00
50.08	4.00
50.1	10.00
50.12	6.00
50.14	4.00
50.16	2.00
50.18	6.00
50.2	6.00
50.22	4.00
50.24	2.00
50.26	10.00
50.28	8.00
50.3	6.00
50.32	8.00
50.34	6.00
50.36	6.00
50.38	4.00
50.4	8.00
50.42	6.00
50.44	8.00
50.46	4.00
50.48	6.00
50.5	10.00
50.52	8.00
50.54	4.00
50.56	6.00
50.58	10.00
50.6	6.00
50.62	4.00
50.64	8.00
50.66	4.00
50.68	6.00
50.7	6.00
50.72	8.00
50.74	4.00
50.76	4.00
50.78	4.00
50.8	4.00
50.82	8.00
50.84	8.00
50.86	6.00
50.88	6.00
50.9	4.00
50.92	6.00
50.94	6.00
50.96	10.00
50.98	4.00
51	8.00
51.02	6.00
51.04	6.00
51.06	2.00
51.08	6.00
51.1	2.00
51.12	10.00
51.14	6.00
51.16	2.00
51.18	6.00
51.2	4.00
51.22	6.00
51.24	10.00
51.26	6.00
51.28	6.00
51.3	6.00
51.32	8.00
51.34	6.00
51.36	4.00
51.38	6.00
51.4	2.00
51.42	6.00
51.44	8.00
51.46	4.00
51.48	10.00
51.5	4.00
51.52	4.00
51.54	8.00
51.56	6.00
51.58	12.00
51.6	8.00
51.62	6.00
51.64	6.00
51.66	4.00
51.68	6.00
51.7	12.00
51.72	6.00
51.74	4.00
51.76	14.00
51.78	4.00
51.8	2.00
51.82	6.00
51.84	4.00
51.86	6.00
51.88	4.00
51.9	2.00
51.92	8.00
51.94	10.00
51.96	4.00
51.98	4.00
52	8.00
52.02	8.00
52.04	8.00
52.06	8.00
52.08	8.00
52.1	6.00
52.12	6.00
52.14	10.00
52.16	6.00
52.18	6.00
52.2	0.00
52.22	8.00
52.24	4.00
52.26	8.00
52.28	4.00
52.3	6.00
52.32	8.00
52.34	4.00
52.36	4.00
52.38	6.00
52.4	6.00
52.42	4.00
52.44	6.00
52.46	4.00
52.48	6.00
52.5	6.00
52.52	4.00
52.54	2.00
52.56	4.00
52.58	12.00
52.6	8.00
52.62	6.00
52.64	6.00
52.66	10.00
52.68	4.00
52.7	2.00
52.72	8.00
52.74	8.00
52.76	4.00
52.78	8.00
52.8	6.00
52.82	10.00
52.84	8.00
52.86	4.00
52.88	4.00
52.9	10.00
52.92	2.00
52.94	6.00
52.96	4.00
52.98	2.00
53	10.00
53.02	12.00
53.04	4.00
53.06	2.00
53.08	8.00
53.1	8.00
53.12	8.00
53.14	10.00
53.16	10.00
53.18	10.00
53.2	4.00
53.22	8.00
53.24	8.00
53.26	4.00
53.28	8.00
53.3	2.00
53.32	6.00
53.34	8.00
53.36	4.00
53.38	2.00
53.4	10.00
53.42	2.00
53.44	4.00
53.46	6.00
53.48	6.00
53.5	2.00
53.52	4.00
53.54	4.00
53.56	2.00
53.58	10.00
53.6	10.00
53.62	4.00
53.64	8.00
53.66	6.00
53.68	4.00
53.7	4.00
53.72	8.00
53.74	6.00
53.76	2.00
53.78	6.00
53.8	2.00
53.82	6.00
53.84	8.00
53.86	6.00
53.88	2.00
53.9	6.00
53.92	10.00
53.94	4.00
53.96	4.00
53.98	6.00
54	2.00
54.02	10.00
54.04	10.00
54.06	8.00
54.08	8.00
54.1	6.00
54.12	4.00
54.14	4.00
54.16	6.00
54.18	4.00
54.2	8.00
54.22	8.00
54.24	2.00
54.26	12.00
54.28	12.00
54.3	4.00
54.32	4.00
54.34	4.00
54.36	8.00
54.38	6.00
54.4	6.00
54.42	2.00
54.44	8.00
54.46	12.00
54.48	6.00
54.5	4.00
54.52	8.00
54.54	10.00
54.56	4.00
54.58	8.00
54.6	4.00
54.62	6.00
54.64	10.00
54.66	6.00
54.68	8.00
54.7	8.00
54.72	6.00
54.74	6.00
54.76	4.00
54.78	4.00
54.8	6.00
54.82	4.00
54.84	4.00
54.86	6.00
54.88	4.00
54.9	6.00
54.92	6.00
54.94	2.00
54.96	10.00
54.98	4.00
55	4.00
55.02	16.00
55.04	8.00
55.06	12.00
55.08	4.00
55.1	10.00
55.12	10.00
55.14	8.00
55.16	8.00
55.18	12.00
55.2	16.00
55.22	10.00
55.24	8.00
55.26	6.00
55.28	10.00
55.3	10.00
55.32	16.00
55.34	14.00
55.36	12.00
55.38	12.00
55.4	10.00
55.42	12.00
55.44	18.00
55.46	18.00
55.48	14.00
55.5	14.00
55.52	22.00
55.54	22.00
55.56	12.00
55.58	10.00
55.6	14.00
55.62	20.00
55.64	18.00
55.66	14.00
55.68	20.00
55.7	8.00
55.72	12.00
55.74	16.00
55.76	14.00
55.78	18.00
55.8	16.00
55.82	14.00
55.84	18.00
55.86	8.00
55.88	8.00
55.9	18.00
55.92	14.00
55.94	14.00
55.96	8.00
55.98	14.00
56	14.00
56.02	16.00
56.04	10.00
56.06	10.00
56.08	14.00
56.1	12.00
56.12	18.00
56.14	14.00
56.16	8.00
56.18	12.00
56.2	14.00
56.22	12.00
56.24	12.00
56.26	12.00
56.28	8.00
56.3	16.00
56.32	10.00
56.34	10.00
56.36	6.00
56.38	10.00
56.4	14.00
56.42	16.00
56.44	10.00
56.46	10.00
56.48	12.00
56.5	10.00
56.52	10.00
56.54	14.00
56.56	6.00
56.58	14.00
56.6	6.00
56.62	10.00
56.64	10.00
56.66	14.00
56.68	10.00
56.7	16.00
56.72	8.00
56.74	14.00
56.76	12.00
56.78	12.00
56.8	18.00
56.82	10.00
56.84	10.00
56.86	14.00
56.88	16.00
56.9	8.00
56.92	18.00
56.94	14.00
56.96	14.00
56.98	10.00
57	16.00
57.02	16.00
57.04	14.00
57.06	12.00
57.08	8.00
57.1	18.00
57.12	10.00
57.14	14.00
57.16	24.00
57.18	12.00
57.2	18.00
57.22	20.00
57.24	16.00
57.26	20.00
57.28	10.00
57.3	20.00
57.32	20.00
57.34	18.00
57.36	30.00
57.38	24.00
57.4	28.00
57.42	28.00
57.44	26.00
57.46	32.00
57.48	32.00
57.5	32.00
57.52	46.00
57.54	48.00
57.56	54.00
57.58	50.00
57.6	48.00
57.62	56.00
57.64	54.00
57.66	62.00
57.68	60.00
57.7	62.00
57.72	70.00
57.74	62.00
57.76	72.00
57.78	44.00
57.8	52.00
57.82	62.00
57.84	58.00
57.86	52.00
57.88	48.00
57.9	52.00
57.92	48.00
57.94	46.00
57.96	40.00
57.98	44.00
58	38.00
58.02	32.00
58.04	36.00
58.06	28.00
58.08	24.00
58.1	20.00
58.12	24.00
58.14	22.00
58.16	12.00
58.18	12.00
58.2	24.00
58.22	20.00
58.24	12.00
58.26	12.00
58.28	14.00
58.3	16.00
58.32	14.00
58.34	8.00
58.36	12.00
58.38	8.00
58.4	10.00
58.42	20.00
58.44	12.00
58.46	12.00
58.48	16.00
58.5	8.00
58.52	14.00
58.54	14.00
58.56	12.00
58.58	4.00
58.6	18.00
58.62	14.00
58.64	6.00
58.66	14.00
58.68	14.00
58.7	8.00
58.72	12.00
58.74	12.00
58.76	12.00
58.78	14.00
58.8	12.00
58.82	10.00
58.84	16.00
58.86	10.00
58.88	8.00
58.9	8.00
58.92	14.00
58.94	12.00
58.96	10.00
58.98	8.00
59	12.00
59.02	10.00
59.04	10.00
59.06	6.00
59.08	14.00
59.1	10.00
59.12	14.00
59.14	8.00
59.16	6.00
59.18	12.00
59.2	12.00
59.22	10.00
59.24	10.00
59.26	8.00
59.28	10.00
59.3	12.00
59.32	12.00
59.34	10.00
59.36	10.00
59.38	10.00
59.4	10.00
59.42	10.00
59.44	8.00
59.46	6.00
59.48	4.00
59.5	10.00
59.52	8.00
59.54	10.00
59.56	8.00
59.58	6.00
59.6	8.00
59.62	6.00
59.64	12.00
59.66	8.00
59.68	10.00
59.7	8.00
59.72	14.00
59.74	10.00
59.76	16.00
59.78	6.00
59.8	8.00
59.82	12.00
59.84	12.00
59.86	8.00
59.88	8.00
59.9	8.00
59.92	8.00
59.94	6.00
59.96	6.00
59.98	4.00
60	4.00
60.02	6.00
60.04	16.00
60.06	8.00
60.08	10.00
60.1	12.00
60.12	6.00
60.14	2.00
60.16	6.00
60.18	14.00
60.2	8.00
60.22	10.00
60.24	12.00
60.26	8.00
60.28	6.00
60.3	8.00
60.32	8.00
60.34	6.00
60.36	12.00
60.38	6.00
60.4	6.00
60.42	2.00
60.44	12.00
60.46	8.00
60.48	8.00
60.5	6.00
60.52	12.00
60.54	6.00
60.56	8.00
60.58	8.00
60.6	6.00
60.62	14.00
60.64	6.00
60.66	12.00
60.68	8.00
60.7	12.00
60.72	10.00
60.74	4.00
60.76	6.00
60.78	4.00
60.8	8.00
60.82	12.00
60.84	6.00
60.86	12.00
60.88	6.00
60.9	8.00
60.92	4.00
60.94	8.00
60.96	6.00
60.98	6.00
61	8.00
61.02	8.00
61.04	4.00
61.06	8.00
61.08	10.00
61.1	4.00
61.12	8.00
61.14	6.00
61.16	6.00
61.18	4.00
61.2	8.00
61.22	8.00
61.24	10.00
61.26	4.00
61.28	8.00
61.3	8.00
61.32	4.00
61.34	10.00
61.36	4.00
61.38	14.00
61.4	8.00
61.42	6.00
61.44	14.00
61.46	6.00
61.48	8.00
61.5	8.00
61.52	14.00
61.54	8.00
61.56	10.00
61.58	12.00
61.6	10.00
61.62	8.00
61.64	10.00
61.66	8.00
61.68	10.00
61.7	6.00
61.72	10.00
61.74	10.00
61.76	4.00
61.78	10.00
61.8	8.00
61.82	10.00
61.84	10.00
61.86	8.00
61.88	6.00
61.9	8.00
61.92	10.00
61.94	6.00
61.96	6.00
61.98	12.00
62	4.00
62.02	6.00
62.04	10.00
62.06	8.00
62.08	8.00
62.1	10.00
62.12	12.00
62.14	10.00
62.16	6.00
62.18	12.00
62.2	10.00
62.22	12.00
62.24	10.00
62.26	6.00
62.28	10.00
62.3	8.00
62.32	10.00
62.34	8.00
62.36	16.00
62.38	12.00
62.4	8.00
62.42	8.00
62.44	6.00
62.46	10.00
62.48	6.00
62.5	10.00
62.52	12.00
62.54	10.00
62.56	12.00
62.58	8.00
62.6	10.00
62.62	12.00
62.64	8.00
62.66	18.00
62.68	18.00
62.7	16.00
62.72	14.00
62.74	12.00
62.76	10.00
62.78	16.00
62.8	26.00
62.82	10.00
62.84	18.00
62.86	22.00
62.88	20.00
62.9	20.00
62.92	24.00
62.94	20.00
62.96	24.00
62.98	24.00
63	30.00
63.02	32.00
63.04	42.00
63.06	38.00
63.08	40.00
63.1	46.00
63.12	62.00
63.14	74.00
63.16	70.00
63.18	92.00
63.2	90.00
63.22	90.00
63.24	112.00
63.26	138.00
63.28	118.00
63.3	142.00
63.32	152.00
63.34	150.00
63.36	182.00
63.38	178.00
63.4	176.00
63.42	184.00
63.44	190.00
63.46	208.00
63.48	216.00
63.5	232.00
63.52	206.00
63.54	226.00
63.56	232.00
63.58	204.00
63.6	204.00
63.62	204.00
63.64	212.00
63.66	178.00
63.68	194.00
63.7	158.00
63.72	184.00
63.74	142.00
63.76	150.00
63.78	128.00
63.8	100.00
63.82	110.00
63.84	96.00
63.86	84.00
63.88	68.00
63.9	74.00
63.92	36.00
63.94	48.00
63.96	56.00
63.98	38.00
64	28.00
64.02	24.00
64.04	20.00
64.06	28.00
64.08	22.00
64.1	22.00
64.12	18.00
64.14	20.00
64.16	12.00
64.18	18.00
64.2	20.00
64.22	18.00
64.24	8.00
64.26	14.00
64.28	22.00
64.3	14.00
64.32	14.00
64.34	8.00
64.36	8.00
64.38	12.00
64.4	8.00
64.42	6.00
64.44	14.00
64.46	8.00
64.48	14.00
64.5	10.00
64.52	8.00
64.54	12.00
64.56	8.00
64.58	8.00
64.6	8.00
64.62	10.00
64.64	14.00
64.66	10.00
64.68	8.00
64.7	2.00
64.72	8.00
64.74	4.00
64.76	10.00
64.78	12.00
64.8	8.00
64.82	8.00
64.84	10.00
64.86	14.00
64.88	6.00
64.9	10.00
64.92	6.00
64.94	14.00
64.96	6.00
64.98	2.00
65	10.00
65.02	4.00
65.04	14.00
65.06	6.00
65.08	10.00
65.1	10.00
65.12	8.00
65.14	10.00
65.16	2.00
65.18	8.00
65.2	12.00
65.22	10.00
65.24	10.00
65.26	2.00
65.28	8.00
65.3	8.00
65.32	6.00
65.34	8.00
65.36	6.00
65.38	12.00
65.4	6.00
65.42	8.00
65.44	6.00
65.46	8.00
65.48	6.00
65.5	6.00
65.52	10.00
65.54	4.00
65.56	4.00
65.58	6.00
65.6	10.00
65.62	10.00
65.64	10.00
65.66	6.00
65.68	14.00
65.7	4.00
65.72	8.00
65.74	12.00
65.76	6.00
65.78	6.00
65.8	2.00
65.82	4.00
65.84	6.00
65.86	8.00
65.88	12.00
65.9	6.00
65.92	6.00
65.94	6.00
65.96	12.00
65.98	12.00
66	10.00
66.02	8.00
66.04	8.00
66.06	10.00
66.08	6.00
66.1	8.00
66.12	6.00
66.14	8.00
66.16	10.00
66.18	8.00
66.2	4.00
66.22	8.00
66.24	6.00
66.26	8.00
66.28	10.00
66.3	10.00
66.32	16.00
66.34	10.00
66.36	8.00
66.38	12.00
66.4	8.00
66.42	8.00
66.44	12.00
66.46	26.00
66.48	14.00
66.5	12.00
66.52	18.00
66.54	22.00
66.56	24.00
66.58	20.00
66.6	24.00
66.62	32.00
66.64	36.00
66.66	32.00
66.68	34.00
66.7	40.00
66.72	40.00
66.74	38.00
66.76	30.00
66.78	56.00
66.8	54.00
66.82	56.00
66.84	44.00
66.86	52.00
66.88	32.00
66.9	62.00
66.92	54.00
66.94	52.00
66.96	48.00
66.98	62.00
67	48.00
67.02	44.00
67.04	44.00
67.06	36.00
67.08	44.00
67.1	28.00
67.12	30.00
67.14	28.00
67.16	34.00
67.18	24.00
67.2	20.00
67.22	22.00
67.24	18.00
67.26	14.00
67.28	10.00
67.3	14.00
67.32	14.00
67.34	10.00
67.36	10.00
67.38	6.00
67.4	8.00
67.42	10.00
67.44	6.00
67.46	6.00
67.48	6.00
67.5	8.00
67.52	8.00
67.54	8.00
67.56	8.00
67.58	8.00
67.6	6.00
67.62	6.00
67.64	6.00
67.66	6.00
67.68	4.00
67.7	6.00
67.72	8.00
67.74	6.00
67.76	8.00
67.78	6.00
67.8	4.00
67.82	6.00
67.84	6.00
67.86	8.00
67.88	6.00
67.9	8.00
67.92	6.00
67.94	6.00
67.96	8.00
67.98	4.00
68	10.00
68.02	4.00
68.04	2.00
68.06	6.00
68.08	8.00
68.1	2.00
68.12	4.00
68.14	4.00
68.16	6.00
68.18	4.00
68.2	4.00
68.22	6.00
68.24	8.00
68.26	8.00
68.28	6.00
68.3	2.00
68.32	6.00
68.34	12.00
68.36	0.00
68.38	8.00
68.4	10.00
68.42	4.00
68.44	8.00
68.46	6.00
68.48	6.00
68.5	8.00
68.52	6.00
68.54	4.00
68.56	6.00
68.58	8.00
68.6	2.00
68.62	6.00
68.64	10.00
68.66	8.00
68.68	8.00
68.7	12.00
68.72	4.00
68.74	6.00
68.76	8.00
68.78	10.00
68.8	4.00
68.82	4.00
68.84	8.00
68.86	10.00
68.88	4.00
68.9	2.00
68.92	6.00
68.94	8.00
68.96	4.00
68.98	6.00
69	4.00
69.02	4.00
69.04	6.00
69.06	6.00
69.08	8.00
69.1	2.00
69.12	6.00
69.14	8.00
69.16	4.00
69.18	6.00
69.2	4.00
69.22	8.00
69.24	2.00
69.26	2.00
69.28	4.00
69.3	4.00
69.32	2.00
69.34	8.00
69.36	4.00
69.38	6.00
69.4	6.00
69.42	8.00
69.44	4.00
69.46	6.00
69.48	8.00
69.5	2.00
69.52	8.00
69.54	4.00
69.56	6.00
69.58	4.00
69.6	4.00
69.62	4.00
69.64	6.00
69.66	4.00
69.68	8.00
69.7	2.00
69.72	4.00
69.74	8.00
69.76	6.00
69.78	8.00
69.8	4.00
69.82	4.00
69.84	4.00
69.86	4.00
69.88	6.00
69.9	6.00
69.92	4.00
69.94	0.00
69.96	8.00
69.98	6.00
70	0.00
70.02	6.00
70.04	0.00
70.06	4.00
70.08	2.00
70.1	8.00
70.12	4.00
70.14	2.00
70.16	8.00
70.18	4.00
70.2	6.00
70.22	6.00
70.24	4.00
70.26	4.00
70.28	6.00
70.3	8.00
70.32	4.00
70.34	6.00
70.36	4.00
70.38	0.00
70.4	8.00
70.42	2.00
70.44	6.00
70.46	8.00
70.48	6.00
70.5	4.00
70.52	6.00
70.54	6.00
70.56	2.00
70.58	2.00
70.6	4.00
70.62	8.00
70.64	4.00
70.66	6.00
70.68	4.00
70.7	4.00
70.72	2.00
70.74	6.00
70.76	8.00
70.78	2.00
70.8	6.00
70.82	6.00
70.84	10.00
70.86	2.00
70.88	6.00
70.9	8.00
70.92	4.00
70.94	4.00
70.96	4.00
70.98	2.00
71	6.00
71.02	4.00
71.04	4.00
71.06	6.00
71.08	12.00
71.1	8.00
71.12	4.00
71.14	6.00
71.16	10.00
71.18	6.00
71.2	8.00
71.22	8.00
71.24	4.00
71.26	4.00
71.28	14.00
71.3	4.00
71.32	4.00
71.34	10.00
71.36	0.00
71.38	4.00
71.4	4.00
71.42	4.00
71.44	4.00
71.46	6.00
71.48	4.00
71.5	6.00
71.52	4.00
71.54	4.00
71.56	6.00
71.58	6.00
71.6	6.00
71.62	4.00
71.64	2.00
71.66	4.00
71.68	2.00
71.7	4.00
71.72	2.00
71.74	8.00
71.76	4.00
71.78	6.00
71.8	4.00
71.82	6.00
71.84	2.00
71.86	4.00
71.88	4.00
71.9	12.00
71.92	4.00
71.94	6.00
71.96	10.00
71.98	6.00
72	6.00
72.02	4.00
72.04	6.00
72.06	2.00
72.08	6.00
72.1	4.00
72.12	8.00
72.14	2.00
72.16	10.00
72.18	4.00
72.2	2.00
72.22	10.00
72.24	4.00
72.26	6.00
72.28	8.00
72.3	2.00
72.32	4.00
72.34	8.00
72.36	4.00
72.38	4.00
72.4	2.00
72.42	4.00
72.44	6.00
72.46	6.00
72.48	2.00
72.5	2.00
72.52	4.00
72.54	6.00
72.56	6.00
72.58	4.00
72.6	6.00
72.62	2.00
72.64	4.00
72.66	6.00
72.68	8.00
72.7	2.00
72.72	4.00
72.74	4.00
72.76	2.00
72.78	6.00
72.8	2.00
72.82	2.00
72.84	4.00
72.86	2.00
72.88	6.00
72.9	8.00
72.92	2.00
72.94	2.00
72.96	2.00
72.98	2.00
73	4.00
73.02	4.00
73.04	2.00
73.06	6.00
73.08	4.00
73.1	6.00
73.12	6.00
73.14	6.00
73.16	6.00
73.18	0.00
73.2	6.00
73.22	2.00
73.24	8.00
73.26	10.00
73.28	2.00
73.3	4.00
73.32	2.00
73.34	2.00
73.36	6.00
73.38	4.00
73.4	4.00
73.42	2.00
73.44	6.00
73.46	6.00
73.48	4.00
73.5	2.00
73.52	6.00
73.54	4.00
73.56	6.00
73.58	4.00
73.6	4.00
73.62	2.00
73.64	2.00
73.66	2.00
73.68	2.00
73.7	2.00
73.72	8.00
73.74	4.00
73.76	4.00
73.78	6.00
73.8	4.00
73.82	8.00
73.84	6.00
73.86	4.00
73.88	8.00
73.9	10.00
73.92	4.00
73.94	4.00
73.96	4.00
73.98	6.00
74	2.00
74.02	8.00
74.04	6.00
74.06	2.00
74.08	2.00
74.1	4.00
74.12	2.00
74.14	8.00
74.16	8.00
74.18	2.00
74.2	6.00
74.22	2.00
74.24	6.00
74.26	2.00
74.28	6.00
74.3	10.00
74.32	4.00
74.34	4.00
74.36	4.00
74.38	6.00
74.4	6.00
74.42	6.00
74.44	2.00
74.46	2.00
74.48	4.00
74.5	4.00
74.52	2.00
74.54	4.00
74.56	10.00
74.58	2.00
74.6	6.00
74.62	6.00
74.64	4.00
74.66	6.00
74.68	10.00
74.7	6.00
74.72	10.00
74.74	4.00
74.76	0.00
74.78	10.00
74.8	4.00
74.82	4.00
74.84	6.00
74.86	8.00
74.88	4.00
74.9	4.00
74.92	6.00
74.94	12.00
74.96	8.00
74.98	4.00
75	6.00
75.02	8.00
75.04	4.00
75.06	8.00
75.08	12.00
75.1	10.00
75.12	16.00
75.14	12.00
75.16	20.00
75.18	12.00
75.2	6.00
75.22	12.00
75.24	12.00
75.26	24.00
75.28	16.00
75.3	10.00
75.32	16.00
75.34	16.00
75.36	16.00
75.38	12.00
75.4	12.00
75.42	12.00
75.44	12.00
75.46	14.00
75.48	22.00
75.5	14.00
75.52	10.00
75.54	10.00
75.56	8.00
75.58	10.00
75.6	6.00
75.62	10.00
75.64	10.00
75.66	8.00
75.68	10.00
75.7	10.00
75.72	8.00
75.74	8.00
75.76	8.00
75.78	12.00
75.8	6.00
75.82	14.00
75.84	6.00
75.86	10.00
75.88	6.00
75.9	14.00
75.92	10.00
75.94	22.00
75.96	12.00
75.98	10.00
76	8.00
76.02	16.00
76.04	16.00
76.06	16.00
76.08	12.00
76.1	16.00
76.12	12.00
76.14	22.00
76.16	14.00
76.18	14.00
76.2	14.00
76.22	22.00
76.24	20.00
76.26	16.00
76.28	14.00
76.3	14.00
76.32	22.00
76.34	14.00
76.36	6.00
76.38	14.00
76.4	16.00
76.42	12.00
76.44	14.00
76.46	14.00
76.48	8.00
76.5	10.00
76.52	12.00
76.54	16.00
76.56	18.00
76.58	14.00
76.6	6.00
76.62	4.00
76.64	8.00
76.66	4.00
76.68	6.00
76.7	8.00
76.72	10.00
76.74	14.00
76.76	6.00
76.78	6.00
76.8	10.00
76.82	4.00
76.84	4.00
76.86	6.00
76.88	4.00
76.9	2.00
76.92	10.00
76.94	6.00
76.96	6.00
76.98	2.00
77	4.00
77.02	2.00
77.04	6.00
77.06	2.00
77.08	6.00
77.1	4.00
77.12	8.00
77.14	4.00
77.16	2.00
77.18	4.00
77.2	4.00
77.22	4.00
77.24	6.00
77.26	2.00
77.28	8.00
77.3	2.00
77.32	6.00
77.34	0.00
77.36	4.00
77.38	4.00
77.4	2.00
77.42	4.00
77.44	0.00
77.46	8.00
77.48	4.00
77.5	6.00
77.52	6.00
77.54	6.00
77.56	4.00
77.58	6.00
77.6	4.00
77.62	4.00
77.64	0.00
77.66	8.00
77.68	2.00
77.7	4.00
77.72	4.00
77.74	4.00
77.76	6.00
77.78	2.00
77.8	4.00
77.82	2.00
77.84	6.00
77.86	6.00
77.88	4.00
77.9	6.00
77.92	6.00
77.94	6.00
77.96	6.00
77.98	4.00
78	2.00
78.02	4.00
78.04	6.00
78.06	6.00
78.08	4.00
78.1	2.00
78.12	6.00
78.14	6.00
78.16	6.00
78.18	4.00
78.2	6.00
78.22	12.00
78.24	2.00
78.26	4.00
78.28	2.00
78.3	6.00
78.32	2.00
78.34	8.00
78.36	10.00
78.38	8.00
78.4	16.00
78.42	8.00
78.44	10.00
78.46	8.00
78.48	4.00
78.5	10.00
78.52	4.00
78.54	10.00
78.56	12.00
78.58	4.00
78.6	6.00
78.62	8.00
78.64	12.00
78.66	10.00
78.68	8.00
78.7	8.00
78.72	12.00
78.74	16.00
78.76	10.00
78.78	16.00
78.8	14.00
78.82	14.00
78.84	6.00
78.86	14.00
78.88	8.00
78.9	6.00
78.92	6.00
78.94	12.00
78.96	14.00
78.98	4.00
79	12.00
79.02	10.00
79.04	8.00
79.06	16.00
79.08	12.00
79.1	12.00
79.12	10.00
79.14	10.00
79.16	10.00
79.18	16.00
79.2	10.00
79.22	6.00
79.24	12.00
79.26	14.00
79.28	6.00
79.3	10.00
79.32	6.00
79.34	8.00
79.36	6.00
79.38	8.00
79.4	4.00
79.42	8.00
79.44	12.00
79.46	10.00
79.48	6.00
79.5	12.00
79.52	12.00
79.54	12.00
79.56	10.00
79.58	8.00
79.6	8.00
79.62	18.00
79.64	10.00
79.66	12.00
79.68	16.00
79.7	12.00
79.72	14.00
79.74	18.00
79.76	20.00
79.78	22.00
79.8	24.00
79.82	20.00
79.84	16.00
79.86	18.00
79.88	26.00
79.9	24.00
79.92	24.00
79.94	32.00
79.96	26.00
79.98	22.00
80	26.00
