test
Wavelength = 1.54059
10	8.00
10.02	8.00
10.04	10.00
10.06	8.00
10.08	6.00
10.1	6.00
10.12	8.00
10.14	10.00
10.16	6.00
10.18	10.00
10.2	6.00
10.22	4.00
10.24	10.00
10.26	14.00
10.28	4.00
10.3	4.00
10.32	6.00
10.34	6.00
10.36	6.00
10.38	14.00
10.4	10.00
10.42	4.00
10.44	12.00
10.46	12.00
10.48	6.00
10.5	6.00
10.52	4.00
10.54	12.00
10.56	10.00
10.58	4.00
10.6	6.00
10.62	6.00
10.64	6.00
10.66	2.00
10.68	4.00
10.7	10.00
10.72	14.00
10.74	6.00
10.76	10.00
10.78	8.00
10.8	6.00
10.82	4.00
10.84	10.00
10.86	6.00
10.88	12.00
10.9	8.00
10.92	2.00
10.94	8.00
10.96	6.00
10.98	12.00
11	6.00
11.02	8.00
11.04	6.00
11.06	8.00
11.08	6.00
11.1	6.00
11.12	4.00
11.14	8.00
11.16	6.00
11.18	12.00
11.2	8.00
11.22	8.00
11.24	10.00
11.26	14.00
11.28	4.00
11.3	8.00
11.32	8.00
11.34	4.00
11.36	12.00
11.38	2.00
11.4	8.00
11.42	8.00
11.44	8.00
11.46	10.00
11.48	4.00
11.5	4.00
11.52	6.00
11.54	4.00
11.56	12.00
11.58	4.00
11.6	8.00
11.62	8.00
11.64	4.00
11.66	10.00
11.68	6.00
11.7	6.00
11.72	10.00
11.74	6.00
11.76	10.00
11.78	6.00
11.8	12.00
11.82	4.00
11.84	12.00
11.86	6.00
11.88	14.00
11.9	6.00
11.92	6.00
11.94	8.00
11.96	4.00
11.98	4.00
12	4.00
12.02	6.00
12.04	6.00
12.06	4.00
12.08	8.00
12.1	6.00
12.12	2.00
12.14	6.00
12.16	4.00
12.18	8.00
12.2	4.00
12.22	6.00
12.24	2.00
12.26	6.00
12.28	4.00
12.3	6.00
12.32	8.00
12.34	4.00
12.36	2.00
12.38	4.00
12.4	10.00
12.42	10.00
12.44	4.00
12.46	4.00
12.48	6.00
12.5	2.00
12.52	6.00
12.54	6.00
12.56	4.00
12.58	8.00
12.6	2.00
12.62	8.00
12.64	6.00
12.66	4.00
12.68	4.00
12.7	6.00
12.72	4.00
12.74	6.00
12.76	2.00
12.78	8.00
12.8	2.00
12.82	4.00
12.84	6.00
12.86	6.00
12.88	6.00
12.9	2.00
12.92	6.00
12.94	2.00
12.96	4.00
12.98	4.00
13	6.00
13.02	10.00
13.04	4.00
13.06	2.00
13.08	2.00
13.1	8.00
13.12	6.00
13.14	8.00
13.16	4.00
13.18	8.00
13.2	4.00
13.22	0.00
13.24	4.00
13.26	4.00
13.28	6.00
13.3	6.00
13.32	10.00
13.34	4.00
13.36	8.00
13.38	6.00
13.4	2.00
13.42	6.00
13.44	2.00
13.46	4.00
13.48	4.00
13.5	4.00
13.52	6.00
13.54	2.00
13.56	6.00
13.58	4.00
13.6	8.00
13.62	2.00
13.64	8.00
13.66	4.00
13.68	6.00
13.7	6.00
13.72	4.00
13.74	4.00
13.76	8.00
13.78	6.00
13.8	2.00
13.82	8.00
13.84	2.00
13.86	4.00
13.88	6.00
13.9	4.00
13.92	8.00
13.94	6.00
13.96	4.00
13.98	4.00
14	2.00
14.02	4.00
14.04	2.00
14.06	2.00
14.08	4.00
14.1	6.00
14.12	4.00
14.14	8.00
14.16	4.00
14.18	4.00
14.2	8.00
14.22	2.00
14.24	6.00
14.26	6.00
14.28	2.00
14.3	2.00
14.32	6.00
14.34	2.00
14.36	6.00
14.38	0.00
14.4	4.00
14.42	10.00
14.44	4.00
14.46	8.00
14.48	4.00
14.5	2.00
14.52	4.00
14.54	4.00
14.56	6.00
14.58	0.00
14.6	4.00
14.62	4.00
14.64	2.00
14.66	8.00
14.68	2.00
14.7	4.00
14.72	10.00
14.74	4.00
14.76	2.00
14.78	4.00
14.8	0.00
14.82	2.00
14.84	2.00
14.86	4.00
14.88	6.00
14.9	2.00
14.92	4.00
14.94	4.00
14.96	6.00
14.98	4.00
15	2.00
15.02	4.00
15.04	2.00
15.06	6.00
15.08	4.00
15.1	2.00
15.12	4.00
15.14	4.00
15.16	8.00
15.18	2.00
15.2	8.00
15.22	2.00
15.24	2.00
15.26	2.00
15.28	4.00
15.3	4.00
15.32	4.00
15.34	4.00
15.36	4.00
15.38	4.00
15.4	4.00
15.42	4.00
15.44	4.00
15.46	6.00
15.48	2.00
15.5	6.00
15.52	2.00
15.54	6.00
15.56	4.00
15.58	6.00
15.6	6.00
15.62	6.00
15.64	4.00
15.66	2.00
15.68	2.00
15.7	6.00
15.72	4.00
15.74	2.00
15.76	4.00
15.78	8.00
15.8	0.00
15.82	2.00
15.84	2.00
15.86	6.00
15.88	2.00
15.9	4.00
15.92	4.00
15.94	4.00
15.96	2.00
15.98	4.00
16	4.00
16.02	4.00
16.04	2.00
16.06	4.00
16.08	4.00
16.1	4.00
16.12	4.00
16.14	4.00
16.16	4.00
16.18	6.00
16.2	6.00
16.22	6.00
16.24	2.00
16.26	6.00
16.28	4.00
16.3	4.00
16.32	6.00
16.34	0.00
16.36	4.00
16.38	2.00
16.4	4.00
16.42	6.00
16.44	2.00
16.46	4.00
16.48	2.00
16.5	4.00
16.52	2.00
16.54	2.00
16.56	6.00
16.58	4.00
16.6	4.00
16.62	4.00
16.64	2.00
16.66	4.00
16.68	4.00
16.7	4.00
16.72	2.00
16.74	0.00
16.76	2.00
16.78	4.00
16.8	4.00
16.82	4.00
16.84	0.00
16.86	2.00
16.88	6.00
16.9	6.00
16.92	6.00
16.94	0.00
16.96	6.00
16.98	4.00
17	4.00
17.02	2.00
17.04	4.00
17.06	6.00
17.08	2.00
17.1	4.00
17.12	2.00
17.14	2.00
17.16	4.00
17.18	2.00
17.2	2.00
17.22	2.00
17.24	4.00
17.26	2.00
17.28	10.00
17.3	4.00
17.32	8.00
17.34	6.00
17.36	2.00
17.38	4.00
17.4	10.00
17.42	4.00
17.44	2.00
17.46	0.00
17.48	2.00
17.5	10.00
17.52	2.00
17.54	0.00
17.56	8.00
17.58	2.00
17.6	2.00
17.62	0.00
17.64	4.00
17.66	4.00
17.68	2.00
17.7	2.00
17.72	6.00
17.74	2.00
17.76	2.00
17.78	2.00
17.8	0.00
17.82	4.00
17.84	6.00
17.86	0.00
17.88	2.00
17.9	2.00
17.92	6.00
17.94	6.00
17.96	6.00
17.98	4.00
18	2.00
18.02	2.00
18.04	6.00
18.06	2.00
18.08	2.00
18.1	2.00
18.12	0.00
18.14	4.00
18.16	2.00
18.18	0.00
18.2	4.00
18.22	2.00
18.24	6.00
18.26	4.00
18.28	8.00
18.3	2.00
18.32	2.00
18.34	0.00
18.36	2.00
18.38	6.00
18.4	4.00
18.42	2.00
18.44	2.00
18.46	4.00
18.48	2.00
18.5	4.00
18.52	2.00
18.54	4.00
18.56	6.00
18.58	4.00
18.6	6.00
18.62	8.00
18.64	2.00
18.66	4.00
18.68	0.00
18.7	4.00
18.72	4.00
18.74	6.00
18.76	2.00
18.78	4.00
18.8	8.00
18.82	6.00
18.84	6.00
18.86	6.00
18.88	0.00
18.9	4.00
18.92	0.00
18.94	4.00
18.96	4.00
18.98	4.00
19	6.00
19.02	4.00
19.04	0.00
19.06	4.00
19.08	0.00
19.1	2.00
19.12	6.00
19.14	0.00
19.16	4.00
19.18	4.00
19.2	4.00
19.22	4.00
19.24	2.00
19.26	2.00
19.28	4.00
19.3	4.00
19.32	6.00
19.34	0.00
19.36	4.00
19.38	4.00
19.4	8.00
19.42	4.00
19.44	0.00
19.46	4.00
19.48	4.00
19.5	2.00
19.52	4.00
19.54	0.00
19.56	0.00
19.58	2.00
19.6	4.00
19.62	4.00
19.64	2.00
19.66	2.00
19.68	4.00
19.7	4.00
19.72	2.00
19.74	0.00
19.76	2.00
19.78	2.00
19.8	2.00
19.82	0.00
19.84	2.00
19.86	2.00
19.88	2.00
19.9	4.00
19.92	4.00
19.94	4.00
19.96	4.00
19.98	6.00
20	8.00
20.02	4.00
20.04	2.00
20.06	6.00
20.08	4.00
20.1	2.00
20.12	2.00
20.14	0.00
20.16	4.00
20.18	2.00
20.2	4.00
20.22	2.00
20.24	0.00
20.26	2.00
20.28	6.00
20.3	4.00
20.32	4.00
20.34	4.00
20.36	6.00
20.38	2.00
20.4	2.00
20.42	4.00
20.44	4.00
20.46	2.00
20.48	0.00
20.5	6.00
20.52	4.00
20.54	6.00
20.56	4.00
20.58	2.00
20.6	4.00
20.62	2.00
20.64	4.00
20.66	6.00
20.68	4.00
20.7	4.00
20.72	4.00
20.74	4.00
20.76	2.00
20.78	6.00
20.8	0.00
20.82	2.00
20.84	2.00
20.86	6.00
20.88	6.00
20.9	2.00
20.92	4.00
20.94	4.00
20.96	2.00
20.98	6.00
21	2.00
21.02	4.00
21.04	6.00
21.06	2.00
21.08	4.00
21.1	4.00
21.12	8.00
21.14	6.00
21.16	8.00
21.18	8.00
21.2	14.00
21.22	12.00
21.24	10.00
21.26	16.00
21.28	20.00
21.3	16.00
21.32	14.00
21.34	20.00
21.36	16.00
21.38	20.00
21.4	18.00
21.42	18.00
21.44	22.00
21.46	20.00
21.48	14.00
21.5	14.00
21.52	12.00
21.54	14.00
21.56	6.00
21.58	4.00
21.6	4.00
21.62	10.00
21.64	4.00
21.66	8.00
21.68	6.00
21.7	2.00
21.72	2.00
21.74	2.00
21.76	2.00
21.78	2.00
21.8	4.00
21.82	4.00
21.84	2.00
21.86	2.00
21.88	4.00
21.9	4.00
21.92	2.00
21.94	6.00
21.96	2.00
21.98	2.00
22	2.00
22.02	2.00
22.04	2.00
22.06	2.00
22.08	4.00
22.1	0.00
22.12	2.00
22.14	2.00
22.16	2.00
22.18	6.00
22.2	4.00
22.22	4.00
22.24	2.00
22.26	2.00
22.28	2.00
22.3	2.00
22.32	4.00
22.34	2.00
22.36	2.00
22.38	2.00
22.4	0.00
22.42	2.00
22.44	2.00
22.46	4.00
22.48	2.00
22.5	2.00
22.52	2.00
22.54	4.00
22.56	2.00
22.58	2.00
22.6	6.00
22.62	6.00
22.64	6.00
22.66	2.00
22.68	6.00
22.7	6.00
22.72	4.00
22.74	8.00
22.76	6.00
22.78	8.00
22.8	4.00
22.82	6.00
22.84	12.00
22.86	6.00
22.88	12.00
22.9	12.00
22.92	12.00
22.94	10.00
22.96	14.00
22.98	18.00
23	28.00
23.02	28.00
23.04	28.00
23.06	22.00
23.08	28.00
23.1	20.00
23.12	32.00
23.14	18.00
23.16	32.00
23.18	46.00
23.2	36.00
23.22	34.00
23.24	20.00
23.26	32.00
23.28	42.00
23.3	16.00
23.32	24.00
23.34	20.00
23.36	22.00
23.38	20.00
23.4	18.00
23.42	18.00
23.44	14.00
23.46	12.00
23.48	12.00
23.5	6.00
23.52	10.00
23.54	6.00
23.56	6.00
23.58	6.00
23.6	6.00
23.62	4.00
23.64	4.00
23.66	4.00
23.68	2.00
23.7	4.00
23.72	2.00
23.74	2.00
23.76	6.00
23.78	6.00
23.8	8.00
23.82	2.00
23.84	2.00
23.86	2.00
23.88	4.00
23.9	4.00
23.92	0.00
23.94	2.00
23.96	4.00
23.98	2.00
24	2.00
24.02	2.00
24.04	2.00
24.06	2.00
24.08	4.00
24.1	0.00
24.12	4.00
24.14	4.00
24.16	0.00
24.18	2.00
24.2	0.00
24.22	2.00
24.24	4.00
24.26	4.00
24.28	2.00
24.3	2.00
24.32	2.00
24.34	2.00
24.36	4.00
24.38	2.00
24.4	2.00
24.42	6.00
24.44	2.00
24.46	2.00
24.48	2.00
24.5	0.00
24.52	2.00
24.54	4.00
24.56	8.00
24.58	8.00
24.6	2.00
24.62	2.00
24.64	0.00
24.66	2.00
24.68	2.00
24.7	2.00
24.72	2.00
24.74	0.00
24.76	4.00
24.78	0.00
24.8	2.00
24.82	2.00
24.84	2.00
24.86	2.00
24.88	4.00
24.9	0.00
24.92	2.00
24.94	4.00
24.96	2.00
24.98	0.00
25	4.00
25.02	0.00
25.04	0.00
25.06	2.00
25.08	4.00
25.1	2.00
25.12	0.00
25.14	2.00
25.16	4.00
25.18	2.00
25.2	0.00
25.22	2.00
25.24	4.00
25.26	6.00
25.28	0.00
25.3	2.00
25.32	4.00
25.34	2.00
25.36	0.00
25.38	2.00
25.4	2.00
25.42	0.00
25.44	2.00
25.46	2.00
25.48	2.00
25.5	4.00
25.52	4.00
25.54	0.00
25.56	2.00
25.58	0.00
25.6	2.00
25.62	2.00
25.64	4.00
25.66	0.00
25.68	4.00
25.7	4.00
25.72	2.00
25.74	4.00
25.76	0.00
25.78	2.00
25.8	0.00
25.82	2.00
25.84	4.00
25.86	0.00
25.88	2.00
25.9	2.00
25.92	6.00
25.94	4.00
25.96	0.00
25.98	0.00
26	4.00
26.02	2.00
26.04	2.00
26.06	2.00
26.08	0.00
26.1	6.00
26.12	2.00
26.14	2.00
26.16	6.00
26.18	2.00
26.2	0.00
26.22	2.00
26.24	2.00
26.26	2.00
26.28	4.00
26.3	0.00
26.32	6.00
26.34	4.00
26.36	2.00
26.38	2.00
26.4	2.00
26.42	0.00
26.44	2.00
26.46	0.00
26.48	4.00
26.5	2.00
26.52	2.00
26.54	2.00
26.56	6.00
26.58	2.00
26.6	2.00
26.62	2.00
26.64	0.00
26.66	4.00
26.68	2.00
26.7	2.00
26.72	0.00
26.74	6.00
26.76	4.00
26.78	0.00
26.8	2.00
26.82	0.00
26.84	2.00
26.86	4.00
26.88	6.00
26.9	2.00
26.92	2.00
26.94	0.00
26.96	2.00
26.98	2.00
27	2.00
27.02	4.00
27.04	4.00
27.06	4.00
27.08	4.00
27.1	2.00
27.12	2.00
27.14	4.00
27.16	0.00
27.18	2.00
27.2	2.00
27.22	2.00
27.24	4.00
27.26	4.00
27.28	0.00
27.3	6.00
27.32	2.00
27.34	6.00
27.36	0.00
27.38	2.00
27.4	2.00
27.42	2.00
27.44	2.00
27.46	6.00
27.48	0.00
27.5	4.00
27.52	0.00
27.54	2.00
27.56	2.00
27.58	0.00
27.6	6.00
27.62	0.00
27.64	0.00
27.66	4.00
27.68	0.00
27.7	2.00
27.72	0.00
27.74	0.00
27.76	0.00
27.78	2.00
27.8	2.00
27.82	0.00
27.84	2.00
27.86	4.00
27.88	2.00
27.9	0.00
27.92	2.00
27.94	2.00
27.96	2.00
27.98	2.00
28	0.00
28.02	6.00
28.04	2.00
28.06	0.00
28.08	2.00
28.1	2.00
28.12	2.00
28.14	4.00
28.16	0.00
28.18	8.00
28.2	2.00
28.22	0.00
28.24	6.00
28.26	0.00
28.28	2.00
28.3	2.00
28.32	2.00
28.34	2.00
28.36	2.00
28.38	4.00
28.4	6.00
28.42	4.00
28.44	4.00
28.46	4.00
28.48	4.00
28.5	2.00
28.52	8.00
28.54	2.00
28.56	6.00
28.58	6.00
28.6	14.00
28.62	6.00
28.64	10.00
28.66	8.00
28.68	6.00
28.7	2.00
28.72	14.00
28.74	10.00
28.76	12.00
28.78	6.00
28.8	8.00
28.82	6.00
28.84	2.00
28.86	8.00
28.88	10.00
28.9	12.00
28.92	4.00
28.94	4.00
28.96	8.00
28.98	6.00
29	4.00
29.02	2.00
29.04	0.00
29.06	6.00
29.08	4.00
29.1	2.00
29.12	4.00
29.14	0.00
29.16	2.00
29.18	4.00
29.2	6.00
29.22	0.00
29.24	4.00
29.26	2.00
29.28	0.00
29.3	4.00
29.32	6.00
29.34	4.00
29.36	0.00
29.38	4.00
29.4	4.00
29.42	4.00
29.44	6.00
29.46	6.00
29.48	6.00
29.5	2.00
29.52	6.00
29.54	6.00
29.56	12.00
29.58	6.00
29.6	0.00
29.62	8.00
29.64	6.00
29.66	4.00
29.68	2.00
29.7	2.00
29.72	6.00
29.74	6.00
29.76	2.00
29.78	4.00
29.8	2.00
29.82	2.00
29.84	4.00
29.86	0.00
29.88	0.00
29.9	4.00
29.92	4.00
29.94	0.00
29.96	4.00
29.98	4.00
30	2.00
30.02	0.00
30.04	2.00
30.06	0.00
30.08	0.00
30.1	4.00
30.12	2.00
30.14	0.00
30.16	0.00
30.18	0.00
30.2	4.00
30.22	0.00
30.24	2.00
30.26	6.00
30.28	0.00
30.3	2.00
30.32	2.00
30.34	2.00
30.36	2.00
30.38	6.00
30.4	6.00
30.42	4.00
30.44	4.00
30.46	4.00
30.48	4.00
30.5	6.00
30.52	6.00
30.54	4.00
30.56	6.00
30.58	8.00
30.6	10.00
30.62	10.00
30.64	8.00
30.66	6.00
30.68	12.00
30.7	12.00
30.72	14.00
30.74	10.00
30.76	8.00
30.78	6.00
30.8	6.00
30.82	6.00
30.84	6.00
30.86	6.00
30.88	4.00
30.9	4.00
30.92	6.00
30.94	2.00
30.96	4.00
30.98	0.00
31	2.00
31.02	2.00
31.04	2.00
31.06	2.00
31.08	2.00
31.1	6.00
31.12	2.00
31.14	2.00
31.16	0.00
31.18	4.00
31.2	6.00
31.22	0.00
31.24	2.00
31.26	2.00
31.28	4.00
31.3	2.00
31.32	2.00
31.34	4.00
31.36	2.00
31.38	0.00
31.4	4.00
31.42	4.00
31.44	2.00
31.46	4.00
31.48	8.00
31.5	6.00
31.52	6.00
31.54	4.00
31.56	8.00
31.58	2.00
31.6	6.00
31.62	12.00
31.64	6.00
31.66	10.00
31.68	16.00
31.7	10.00
31.72	14.00
31.74	20.00
31.76	12.00
31.78	18.00
31.8	14.00
31.82	12.00
31.84	24.00
31.86	10.00
31.88	18.00
31.9	20.00
31.92	20.00
31.94	12.00
31.96	12.00
31.98	14.00
32	10.00
32.02	6.00
32.04	10.00
32.06	4.00
32.08	14.00
32.1	2.00
32.12	6.00
32.14	4.00
32.16	2.00
32.18	6.00
32.2	2.00
32.22	6.00
32.24	2.00
32.26	10.00
32.28	4.00
32.3	2.00
32.32	6.00
32.34	6.00
32.36	4.00
32.38	8.00
32.4	4.00
32.42	8.00
32.44	8.00
32.46	12.00
32.48	12.00
32.5	16.00
32.52	16.00
32.54	18.00
32.56	26.00
32.58	20.00
32.6	24.00
32.62	30.00
32.64	18.00
32.66	44.00
32.68	36.00
32.7	30.00
32.72	48.00
32.74	68.00
32.76	50.00
32.78	74.00
32.8	70.00
32.82	106.00
32.84	104.00
32.86	110.00
32.88	130.00
32.9	140.00
32.92	152.00
32.94	184.00
32.96	184.00
32.98	170.00
33	198.00
33.02	188.00
33.04	170.00
33.06	134.00
33.08	160.00
33.1	152.00
33.12	124.00
33.14	130.00
33.16	114.00
33.18	104.00
33.2	78.00
33.22	74.00
33.24	62.00
33.26	52.00
33.28	52.00
33.3	48.00
33.32	40.00
33.34	28.00
33.36	24.00
33.38	22.00
33.4	18.00
33.42	14.00
33.44	14.00
33.46	10.00
33.48	10.00
33.5	10.00
33.52	14.00
33.54	8.00
33.56	8.00
33.58	10.00
33.6	16.00
33.62	8.00
33.64	6.00
33.66	6.00
33.68	4.00
33.7	8.00
33.72	2.00
33.74	8.00
33.76	4.00
33.78	2.00
33.8	4.00
33.82	4.00
33.84	4.00
33.86	6.00
33.88	4.00
33.9	4.00
33.92	6.00
33.94	6.00
33.96	2.00
33.98	6.00
34	6.00
34.02	4.00
34.04	6.00
34.06	2.00
34.08	6.00
34.1	6.00
34.12	4.00
34.14	8.00
34.16	4.00
34.18	6.00
34.2	10.00
34.22	4.00
34.24	6.00
34.26	6.00
34.28	6.00
34.3	4.00
34.32	12.00
34.34	4.00
34.36	4.00
34.38	2.00
34.4	2.00
34.42	2.00
34.44	2.00
34.46	0.00
34.48	2.00
34.5	4.00
34.52	2.00
34.54	2.00
34.56	0.00
34.58	4.00
34.6	2.00
34.62	2.00
34.64	2.00
34.66	4.00
34.68	0.00
34.7	2.00
34.72	2.00
34.74	4.00
34.76	2.00
34.78	2.00
34.8	6.00
34.82	6.00
34.84	6.00
34.86	8.00
34.88	10.00
34.9	10.00
34.92	12.00
34.94	8.00
34.96	10.00
34.98	6.00
35	12.00
35.02	14.00
35.04	10.00
35.06	10.00
35.08	8.00
35.1	8.00
35.12	8.00
35.14	4.00
35.16	8.00
35.18	6.00
35.2	6.00
35.22	4.00
35.24	4.00
35.26	2.00
35.28	4.00
35.3	4.00
35.32	4.00
35.34	4.00
35.36	6.00
35.38	2.00
35.4	2.00
35.42	4.00
35.44	0.00
35.46	2.00
35.48	2.00
35.5	2.00
35.52	2.00
35.54	0.00
35.56	4.00
35.58	6.00
35.6	4.00
35.62	6.00
35.64	8.00
35.66	4.00
35.68	8.00
35.7	4.00
35.72	6.00
35.74	8.00
35.76	6.00
35.78	2.00
35.8	2.00
35.82	8.00
35.84	8.00
35.86	0.00
35.88	8.00
35.9	6.00
35.92	6.00
35.94	10.00
35.96	4.00
35.98	14.00
36	10.00
36.02	14.00
36.04	12.00
36.06	22.00
36.08	10.00
36.1	12.00
36.12	6.00
36.14	8.00
36.16	18.00
36.18	16.00
36.2	14.00
36.22	16.00
36.24	16.00
36.26	10.00
36.28	18.00
36.3	12.00
36.32	10.00
36.34	6.00
36.36	10.00
36.38	8.00
36.4	6.00
36.42	2.00
36.44	2.00
36.46	2.00
36.48	4.00
36.5	2.00
36.52	4.00
36.54	2.00
36.56	2.00
36.58	0.00
36.6	4.00
36.62	4.00
36.64	6.00
36.66	2.00
36.68	2.00
36.7	2.00
36.72	4.00
36.74	2.00
36.76	0.00
36.78	2.00
36.8	4.00
36.82	4.00
36.84	6.00
36.86	2.00
36.88	4.00
36.9	10.00
36.92	6.00
36.94	4.00
36.96	2.00
36.98	12.00
37	4.00
37.02	8.00
37.04	12.00
37.06	2.00
37.08	6.00
37.1	2.00
37.12	4.00
37.14	4.00
37.16	6.00
37.18	6.00
37.2	4.00
37.22	4.00
37.24	2.00
37.26	2.00
37.28	8.00
37.3	6.00
37.32	4.00
37.34	4.00
37.36	6.00
37.38	2.00
37.4	8.00
37.42	2.00
37.44	0.00
37.46	2.00
37.48	4.00
37.5	10.00
37.52	10.00
37.54	2.00
37.56	4.00
37.58	2.00
37.6	4.00
37.62	8.00
37.64	2.00
37.66	2.00
37.68	2.00
37.7	2.00
37.72	6.00
37.74	2.00
37.76	2.00
37.78	4.00
37.8	6.00
37.82	0.00
37.84	8.00
37.86	2.00
37.88	4.00
37.9	10.00
37.92	8.00
37.94	6.00
37.96	4.00
37.98	6.00
38	10.00
38.02	12.00
38.04	16.00
38.06	10.00
38.08	14.00
38.1	16.00
38.12	14.00
38.14	28.00
38.16	34.00
38.18	32.00
38.2	28.00
38.22	30.00
38.24	26.00
38.26	24.00
38.28	22.00
38.3	42.00
38.32	28.00
38.34	40.00
38.36	24.00
38.38	36.00
38.4	30.00
38.42	28.00
38.44	18.00
38.46	18.00
38.48	20.00
38.5	16.00
38.52	8.00
38.54	12.00
38.56	10.00
38.58	8.00
38.6	6.00
38.62	6.00
38.64	6.00
38.66	2.00
38.68	4.00
38.7	2.00
38.72	2.00
38.74	0.00
38.76	2.00
38.78	4.00
38.8	0.00
38.82	2.00
38.84	0.00
38.86	6.00
38.88	0.00
38.9	2.00
38.92	6.00
38.94	0.00
38.96	2.00
38.98	2.00
39	4.00
39.02	0.00
39.04	2.00
39.06	6.00
39.08	0.00
39.1	0.00
39.12	4.00
39.14	4.00
39.16	2.00
39.18	0.00
39.2	2.00
39.22	0.00
39.24	0.00
39.26	4.00
39.28	2.00
39.3	2.00
39.32	2.00
39.34	0.00
39.36	2.00
39.38	0.00
39.4	4.00
39.42	6.00
39.44	2.00
39.46	4.00
39.48	2.00
39.5	4.00
39.52	6.00
39.54	6.00
39.56	4.00
39.58	4.00
39.6	10.00
39.62	4.00
39.64	6.00
39.66	4.00
39.68	4.00
39.7	6.00
39.72	4.00
39.74	2.00
39.76	4.00
39.78	10.00
39.8	4.00
39.82	2.00
39.84	6.00
39.86	8.00
39.88	2.00
39.9	2.00
39.92	4.00
39.94	0.00
39.96	2.00
39.98	4.00
40	6.00
40.02	2.00
40.04	4.00
40.06	6.00
40.08	4.00
40.1	2.00
40.12	4.00
40.14	0.00
40.16	2.00
40.18	2.00
40.2	6.00
40.22	2.00
40.24	6.00
40.26	2.00
40.28	4.00
40.3	2.00
40.32	0.00
40.34	4.00
40.36	2.00
40.38	6.00
40.4	6.00
40.42	8.00
40.44	4.00
40.46	16.00
40.48	6.00
40.5	18.00
40.52	18.00
40.54	12.00
40.56	14.00
40.58	16.00
40.6	22.00
40.62	20.00
40.64	20.00
40.66	16.00
40.68	10.00
40.7	16.00
40.72	22.00
40.74	14.00
40.76	8.00
40.78	12.00
40.8	10.00
40.82	8.00
40.84	6.00
40.86	6.00
40.88	8.00
40.9	6.00
40.92	2.00
40.94	0.00
40.96	6.00
40.98	4.00
41	2.00
41.02	4.00
41.04	2.00
41.06	2.00
41.08	6.00
41.1	2.00
41.12	2.00
41.14	2.00
41.16	2.00
41.18	2.00
41.2	2.00
41.22	2.00
41.24	2.00
41.26	0.00
41.28	0.00
41.3	2.00
41.32	0.00
41.34	0.00
41.36	2.00
41.38	0.00
41.4	0.00
41.42	2.00
41.44	2.00
41.46	0.00
41.48	2.00
41.5	0.00
41.52	2.00
41.54	0.00
41.56	0.00
41.58	2.00
41.6	2.00
41.62	2.00
41.64	2.00
41.66	2.00
41.68	0.00
41.7	0.00
41.72	0.00
41.74	0.00
41.76	2.00
41.78	2.00
41.8	0.00
41.82	0.00
41.84	2.00
41.86	4.00
41.88	0.00
41.9	4.00
41.92	2.00
41.94	2.00
41.96	2.00
41.98	2.00
42	2.00
42.02	2.00
42.04	0.00
42.06	0.00
42.08	4.00
42.1	2.00
42.12	2.00
42.14	0.00
42.16	0.00
42.18	0.00
42.2	0.00
42.22	2.00
42.24	0.00
42.26	4.00
42.28	2.00
42.3	2.00
42.32	2.00
42.34	2.00
42.36	0.00
42.38	0.00
42.4	2.00
42.42	2.00
42.44	2.00
42.46	2.00
42.48	2.00
42.5	4.00
42.52	0.00
42.54	2.00
42.56	2.00
42.58	2.00
42.6	2.00
42.62	2.00
42.64	2.00
42.66	2.00
42.68	2.00
42.7	4.00
42.72	2.00
42.74	4.00
42.76	2.00
42.78	6.00
42.8	6.00
42.82	4.00
42.84	4.00
42.86	4.00
42.88	4.00
42.9	4.00
42.92	4.00
42.94	2.00
42.96	8.00
42.98	6.00
43	2.00
43.02	4.00
43.04	6.00
43.06	6.00
43.08	4.00
43.1	6.00
43.12	2.00
43.14	2.00
43.16	2.00
43.18	4.00
43.2	2.00
43.22	6.00
43.24	2.00
43.26	4.00
43.28	2.00
43.3	0.00
43.32	2.00
43.34	4.00
43.36	4.00
43.38	4.00
43.4	0.00
43.42	2.00
43.44	2.00
43.46	0.00
43.48	4.00
43.5	2.00
43.52	0.00
43.54	6.00
43.56	4.00
43.58	4.00
43.6	0.00
43.62	2.00
43.64	0.00
43.66	4.00
43.68	4.00
43.7	2.00
43.72	4.00
43.74	4.00
43.76	0.00
43.78	4.00
43.8	4.00
43.82	2.00
43.84	2.00
43.86	2.00
43.88	2.00
43.9	0.00
43.92	0.00
43.94	2.00
43.96	4.00
43.98	0.00
44	2.00
44.02	2.00
44.04	0.00
44.06	0.00
44.08	0.00
44.1	2.00
44.12	0.00
44.14	2.00
44.16	2.00
44.18	0.00
44.2	2.00
44.22	0.00
44.24	2.00
44.26	2.00
44.28	2.00
44.3	2.00
44.32	2.00
44.34	4.00
44.36	2.00
44.38	4.00
44.4	2.00
44.42	0.00
44.44	2.00
44.46	4.00
44.48	2.00
44.5	4.00
44.52	0.00
44.54	4.00
44.56	2.00
44.58	0.00
44.6	2.00
44.62	2.00
44.64	0.00
44.66	2.00
44.68	0.00
44.7	4.00
44.72	2.00
44.74	2.00
44.76	0.00
44.78	4.00
44.8	2.00
44.82	8.00
44.84	2.00
44.86	6.00
44.88	4.00
44.9	6.00
44.92	4.00
44.94	6.00
44.96	6.00
44.98	4.00
45	10.00
45.02	6.00
45.04	10.00
45.06	8.00
45.08	10.00
45.1	14.00
45.12	8.00
45.14	14.00
45.16	16.00
45.18	22.00
45.2	14.00
45.22	18.00
45.24	14.00
45.26	20.00
45.28	14.00
45.3	10.00
45.32	14.00
45.34	20.00
45.36	16.00
45.38	14.00
45.4	14.00
45.42	14.00
45.44	8.00
45.46	6.00
45.48	6.00
45.5	6.00
45.52	8.00
45.54	12.00
45.56	2.00
45.58	8.00
45.6	6.00
45.62	4.00
45.64	8.00
45.66	12.00
45.68	2.00
45.7	4.00
45.72	2.00
45.74	4.00
45.76	4.00
45.78	0.00
45.8	2.00
45.82	0.00
45.84	2.00
45.86	0.00
45.88	2.00
45.9	4.00
45.92	0.00
45.94	2.00
45.96	2.00
45.98	2.00
46	2.00
46.02	2.00
46.04	2.00
46.06	2.00
46.08	2.00
46.1	0.00
46.12	4.00
46.14	2.00
46.16	2.00
46.18	2.00
46.2	6.00
46.22	2.00
46.24	4.00
46.26	2.00
46.28	0.00
46.3	4.00
46.32	4.00
46.34	6.00
46.36	2.00
46.38	2.00
46.4	2.00
46.42	0.00
46.44	4.00
46.46	2.00
46.48	2.00
46.5	2.00
46.52	0.00
46.54	0.00
46.56	0.00
46.58	4.00
46.6	2.00
46.62	4.00
46.64	2.00
46.66	2.00
46.68	2.00
46.7	2.00
46.72	4.00
46.74	2.00
46.76	2.00
46.78	0.00
46.8	2.00
46.82	4.00
46.84	2.00
46.86	4.00
46.88	0.00
46.9	0.00
46.92	2.00
46.94	2.00
46.96	0.00
46.98	2.00
47	4.00
47.02	2.00
47.04	0.00
47.06	0.00
47.08	2.00
47.1	6.00
47.12	0.00
47.14	2.00
47.16	4.00
47.18	2.00
47.2	4.00
47.22	6.00
47.24	2.00
47.26	4.00
47.28	4.00
47.3	2.00
47.32	0.00
47.34	2.00
47.36	6.00
47.38	2.00
47.4	2.00
47.42	4.00
47.44	6.00
47.46	2.00
47.48	2.00
47.5	0.00
47.52	4.00
47.54	2.00
47.56	2.00
47.58	2.00
47.6	4.00
47.62	2.00
47.64	0.00
47.66	2.00
47.68	2.00
47.7	2.00
47.72	2.00
47.74	2.00
47.76	4.00
47.78	0.00
47.8	2.00
47.82	0.00
47.84	2.00
47.86	0.00
47.88	2.00
47.9	4.00
47.92	2.00
47.94	2.00
47.96	2.00
47.98	2.00
48	0.00
48.02	2.00
48.04	2.00
48.06	2.00
48.08	2.00
48.1	2.00
48.12	0.00
48.14	2.00
48.16	4.00
48.18	2.00
48.2	0.00
48.22	0.00
48.24	0.00
48.26	2.00
48.28	4.00
48.3	2.00
48.32	2.00
48.34	2.00
48.36	4.00
48.38	2.00
48.4	2.00
48.42	2.00
48.44	2.00
48.46	2.00
48.48	2.00
48.5	2.00
48.52	2.00
48.54	4.00
48.56	4.00
48.58	2.00
48.6	6.00
48.62	4.00
48.64	2.00
48.66	0.00
48.68	4.00
48.7	4.00
48.72	4.00
48.74	6.00
48.76	2.00
48.78	6.00
48.8	2.00
48.82	2.00
48.84	8.00
48.86	2.00
48.88	4.00
48.9	2.00
48.92	6.00
48.94	4.00
48.96	6.00
48.98	4.00
49	8.00
49.02	2.00
49.04	8.00
49.06	8.00
49.08	4.00
49.1	10.00
49.12	6.00
49.14	8.00
49.16	4.00
49.18	10.00
49.2	10.00
49.22	10.00
49.24	16.00
49.26	14.00
49.28	14.00
49.3	16.00
49.32	18.00
49.34	18.00
49.36	14.00
49.38	22.00
49.4	20.00
49.42	12.00
49.44	14.00
49.46	22.00
49.48	12.00
49.5	16.00
49.52	14.00
49.54	16.00
49.56	16.00
49.58	18.00
49.6	22.00
49.62	14.00
49.64	12.00
49.66	12.00
49.68	10.00
49.7	6.00
49.72	8.00
49.74	4.00
49.76	10.00
49.78	8.00
49.8	8.00
49.82	4.00
49.84	2.00
49.86	2.00
49.88	6.00
49.9	6.00
49.92	4.00
49.94	4.00
49.96	2.00
49.98	2.00
50	0.00
50.02	4.00
50.04	2.00
50.06	2.00
50.08	2.00
50.1	2.00
50.12	0.00
50.14	2.00
50.16	2.00
50.18	0.00
50.2	2.00
50.22	2.00
50.24	2.00
50.26	2.00
50.28	2.00
50.3	0.00
50.32	2.00
50.34	4.00
50.36	0.00
50.38	2.00
50.4	2.00
50.42	2.00
50.44	4.00
50.46	0.00
50.48	4.00
50.5	2.00
50.52	0.00
50.54	0.00
50.56	2.00
50.58	2.00
50.6	2.00
50.62	0.00
50.64	0.00
50.66	4.00
50.68	0.00
50.7	2.00
50.72	0.00
50.74	2.00
50.76	4.00
50.78	0.00
50.8	4.00
50.82	2.00
50.84	0.00
50.86	6.00
50.88	2.00
50.9	2.00
50.92	2.00
50.94	2.00
50.96	2.00
50.98	0.00
51	2.00
51.02	4.00
51.04	4.00
51.06	0.00
51.08	2.00
51.1	0.00
51.12	2.00
51.14	2.00
51.16	0.00
51.18	0.00
51.2	0.00
51.22	2.00
51.24	0.00
51.26	0.00
51.28	2.00
51.3	2.00
51.32	2.00
51.34	2.00
51.36	2.00
51.38	0.00
51.4	2.00
51.42	0.00
51.44	0.00
51.46	2.00
51.48	2.00
51.5	2.00
51.52	2.00
51.54	2.00
51.56	0.00
51.58	4.00
51.6	0.00
51.62	0.00
51.64	2.00
51.66	0.00
51.68	2.00
51.7	2.00
51.72	4.00
51.74	2.00
51.76	0.00
51.78	0.00
51.8	0.00
51.82	2.00
51.84	4.00
51.86	0.00
51.88	0.00
51.9	2.00
51.92	2.00
51.94	2.00
51.96	0.00
51.98	2.00
52	2.00
52.02	0.00
52.04	2.00
52.06	2.00
52.08	2.00
52.1	0.00
52.12	2.00
52.14	0.00
52.16	2.00
52.18	0.00
52.2	2.00
52.22	2.00
52.24	4.00
52.26	0.00
52.28	0.00
52.3	2.00
52.32	0.00
52.34	2.00
52.36	4.00
52.38	6.00
52.4	2.00
52.42	0.00
52.44	2.00
52.46	2.00
52.48	0.00
52.5	2.00
52.52	2.00
52.54	0.00
52.56	4.00
52.58	2.00
52.6	0.00
52.62	4.00
52.64	0.00
52.66	0.00
52.68	2.00
52.7	2.00
52.72	4.00
52.74	2.00
52.76	4.00
52.78	2.00
52.8	2.00
52.82	0.00
52.84	4.00
52.86	2.00
52.88	2.00
52.9	0.00
52.92	2.00
52.94	2.00
52.96	2.00
52.98	2.00
53	2.00
53.02	4.00
53.04	4.00
53.06	0.00
53.08	4.00
53.1	0.00
53.12	2.00
53.14	6.00
53.16	2.00
53.18	4.00
53.2	4.00
53.22	6.00
53.24	8.00
53.26	2.00
53.28	4.00
53.3	4.00
53.32	4.00
53.34	14.00
53.36	2.00
53.38	4.00
53.4	10.00
53.42	4.00
53.44	10.00
53.46	4.00
53.48	4.00
53.5	4.00
53.52	10.00
53.54	4.00
53.56	2.00
53.58	4.00
53.6	2.00
53.62	2.00
53.64	4.00
53.66	2.00
53.68	2.00
53.7	4.00
53.72	4.00
53.74	2.00
53.76	2.00
53.78	6.00
53.8	4.00
53.82	0.00
53.84	2.00
53.86	0.00
53.88	0.00
53.9	2.00
53.92	2.00
53.94	4.00
53.96	2.00
53.98	2.00
54	0.00
54.02	2.00
54.04	2.00
54.06	2.00
54.08	2.00
54.1	0.00
54.12	4.00
54.14	2.00
54.16	0.00
54.18	6.00
54.2	4.00
54.22	0.00
54.24	0.00
54.26	4.00
54.28	0.00
54.3	4.00
54.32	2.00
54.34	4.00
54.36	2.00
54.38	4.00
54.4	6.00
54.42	6.00
54.44	2.00
54.46	2.00
54.48	4.00
54.5	0.00
54.52	4.00
54.54	2.00
54.56	0.00
54.58	4.00
54.6	10.00
54.62	2.00
54.64	6.00
54.66	6.00
54.68	4.00
54.7	4.00
54.72	4.00
54.74	6.00
54.76	6.00
54.78	6.00
54.8	6.00
54.82	10.00
54.84	4.00
54.86	12.00
54.88	10.00
54.9	14.00
54.92	18.00
54.94	18.00
54.96	16.00
54.98	26.00
55	22.00
55.02	34.00
55.04	34.00
55.06	26.00
55.08	38.00
55.1	44.00
55.12	40.00
55.14	34.00
55.16	28.00
55.18	56.00
55.2	56.00
55.22	56.00
55.24	58.00
55.26	46.00
55.28	60.00
55.3	38.00
55.32	44.00
55.34	36.00
55.36	42.00
55.38	44.00
55.4	46.00
55.42	42.00
55.44	26.00
55.46	32.00
55.48	24.00
55.5	20.00
55.52	24.00
55.54	16.00
55.56	10.00
55.58	20.00
55.6	20.00
55.62	16.00
55.64	10.00
55.66	14.00
55.68	10.00
55.7	12.00
55.72	10.00
55.74	10.00
55.76	12.00
55.78	2.00
55.8	6.00
55.82	8.00
55.84	6.00
55.86	8.00
55.88	10.00
55.9	6.00
55.92	2.00
55.94	2.00
55.96	2.00
55.98	6.00
56	2.00
56.02	4.00
56.04	2.00
56.06	4.00
56.08	2.00
56.1	4.00
56.12	6.00
56.14	4.00
56.16	2.00
56.18	4.00
56.2	0.00
56.22	2.00
56.24	2.00
56.26	0.00
56.28	6.00
56.3	2.00
56.32	8.00
56.34	8.00
56.36	0.00
56.38	6.00
56.4	8.00
56.42	4.00
56.44	2.00
56.46	2.00
56.48	2.00
56.5	8.00
56.52	6.00
56.54	2.00
56.56	4.00
56.58	2.00
56.6	0.00
56.62	8.00
56.64	4.00
56.66	6.00
56.68	4.00
56.7	6.00
56.72	6.00
56.74	4.00
56.76	10.00
56.78	10.00
56.8	8.00
56.82	10.00
56.84	6.00
56.86	6.00
56.88	10.00
56.9	16.00
56.92	8.00
56.94	4.00
56.96	8.00
56.98	6.00
57	6.00
57.02	4.00
57.04	6.00
57.06	2.00
57.08	8.00
57.1	10.00
57.12	2.00
57.14	6.00
57.16	6.00
57.18	2.00
57.2	6.00
57.22	2.00
57.24	2.00
57.26	2.00
57.28	2.00
57.3	6.00
57.32	0.00
57.34	2.00
57.36	0.00
57.38	6.00
57.4	4.00
57.42	2.00
57.44	4.00
57.46	2.00
57.48	2.00
57.5	0.00
57.52	2.00
57.54	2.00
57.56	4.00
57.58	4.00
57.6	0.00
57.62	4.00
57.64	2.00
57.66	4.00
57.68	2.00
57.7	2.00
57.72	2.00
57.74	2.00
57.76	0.00
57.78	8.00
57.8	4.00
57.82	6.00
57.84	2.00
57.86	4.00
57.88	4.00
57.9	2.00
57.92	4.00
57.94	6.00
57.96	8.00
57.98	2.00
58	0.00
58.02	4.00
58.04	6.00
58.06	2.00
58.08	4.00
58.1	2.00
58.12	2.00
58.14	4.00
58.16	2.00
58.18	2.00
58.2	2.00
58.22	4.00
58.24	2.00
58.26	2.00
58.28	2.00
58.3	2.00
58.32	6.00
58.34	6.00
58.36	2.00
58.38	0.00
58.4	2.00
58.42	4.00
58.44	4.00
58.46	0.00
58.48	2.00
58.5	6.00
58.52	6.00
58.54	2.00
58.56	2.00
58.58	6.00
58.6	8.00
58.62	10.00
58.64	6.00
58.66	4.00
58.68	14.00
58.7	8.00
58.72	14.00
58.74	14.00
58.76	12.00
58.78	10.00
58.8	10.00
58.82	8.00
58.84	14.00
58.86	8.00
58.88	12.00
58.9	12.00
58.92	10.00
58.94	6.00
58.96	8.00
58.98	8.00
59	6.00
59.02	12.00
59.04	6.00
59.06	8.00
59.08	2.00
59.1	4.00
59.12	4.00
59.14	4.00
59.16	4.00
59.18	6.00
59.2	2.00
59.22	4.00
59.24	2.00
59.26	0.00
59.28	4.00
59.3	6.00
59.32	2.00
59.34	2.00
59.36	6.00
59.38	4.00
59.4	6.00
59.42	4.00
59.44	4.00
59.46	2.00
59.48	2.00
59.5	4.00
59.52	4.00
59.54	6.00
59.56	8.00
59.58	4.00
59.6	2.00
59.62	4.00
59.64	6.00
59.66	0.00
59.68	8.00
59.7	4.00
59.72	4.00
59.74	0.00
59.76	6.00
59.78	2.00
59.8	2.00
59.82	4.00
59.84	4.00
59.86	2.00
59.88	4.00
59.9	4.00
59.92	2.00
59.94	4.00
59.96	6.00
59.98	4.00
60	2.00
60.02	0.00
60.04	4.00
60.06	2.00
60.08	2.00
60.1	4.00
60.12	2.00
60.14	2.00
60.16	2.00
60.18	0.00
60.2	4.00
60.22	2.00
60.24	4.00
60.26	0.00
60.28	4.00
60.3	4.00
60.32	2.00
60.34	2.00
60.36	4.00
60.38	4.00
60.4	2.00
60.42	2.00
60.44	2.00
60.46	2.00
60.48	6.00
60.5	4.00
60.52	2.00
60.54	4.00
60.56	8.00
60.58	6.00
60.6	6.00
60.62	6.00
60.64	4.00
60.66	8.00
60.68	4.00
60.7	8.00
60.72	4.00
60.74	6.00
60.76	8.00
60.78	10.00
60.8	6.00
60.82	4.00
60.84	4.00
60.86	6.00
60.88	4.00
60.9	8.00
60.92	4.00
60.94	8.00
60.96	2.00
60.98	6.00
61	4.00
61.02	6.00
61.04	4.00
61.06	4.00
61.08	2.00
61.1	4.00
61.12	4.00
61.14	0.00
61.16	0.00
61.18	6.00
61.2	4.00
61.22	2.00
61.24	2.00
61.26	4.00
61.28	4.00
61.3	2.00
61.32	2.00
61.34	2.00
61.36	8.00
61.38	2.00
61.4	2.00
61.42	4.00
61.44	2.00
61.46	2.00
61.48	2.00
61.5	2.00
61.52	2.00
61.54	2.00
61.56	0.00
61.58	4.00
61.6	4.00
61.62	2.00
61.64	4.00
61.66	0.00
61.68	4.00
61.7	4.00
61.72	4.00
61.74	2.00
61.76	0.00
61.78	4.00
61.8	0.00
61.82	4.00
61.84	2.00
61.86	2.00
61.88	0.00
61.9	2.00
61.92	2.00
61.94	4.00
61.96	0.00
61.98	2.00
62	2.00
62.02	2.00
62.04	2.00
62.06	0.00
62.08	4.00
62.1	0.00
62.12	4.00
62.14	0.00
62.16	0.00
62.18	2.00
62.2	2.00
62.22	2.00
62.24	2.00
62.26	0.00
62.28	6.00
62.3	6.00
62.32	2.00
62.34	0.00
62.36	2.00
62.38	4.00
62.4	4.00
62.42	2.00
62.44	4.00
62.46	4.00
62.48	4.00
62.5	2.00
62.52	6.00
62.54	2.00
62.56	2.00
62.58	4.00
62.6	4.00
62.62	4.00
62.64	2.00
62.66	2.00
62.68	2.00
62.7	6.00
62.72	2.00
62.74	0.00
62.76	2.00
62.78	2.00
62.8	2.00
62.82	2.00
62.84	2.00
62.86	0.00
62.88	2.00
62.9	2.00
62.92	2.00
62.94	4.00
62.96	0.00
62.98	2.00
63	0.00
63.02	0.00
63.04	2.00
63.06	2.00
63.08	2.00
63.1	4.00
63.12	2.00
63.14	0.00
63.16	0.00
63.18	2.00
63.2	2.00
63.22	0.00
63.24	2.00
63.26	0.00
63.28	6.00
63.3	4.00
63.32	4.00
63.34	4.00
63.36	6.00
63.38	2.00
63.4	4.00
63.42	6.00
63.44	2.00
63.46	2.00
63.48	2.00
63.5	2.00
63.52	4.00
63.54	6.00
63.56	4.00
63.58	0.00
63.6	2.00
63.62	4.00
63.64	0.00
63.66	4.00
63.68	2.00
63.7	4.00
63.72	4.00
63.74	0.00
63.76	6.00
63.78	4.00
63.8	8.00
63.82	4.00
63.84	4.00
63.86	4.00
63.88	8.00
63.9	6.00
63.92	4.00
63.94	8.00
63.96	10.00
63.98	12.00
64	6.00
64.02	14.00
64.04	12.00
64.06	14.00
64.08	12.00
64.1	14.00
64.12	10.00
64.14	14.00
64.16	12.00
64.18	10.00
64.2	10.00
64.22	18.00
64.24	14.00
64.26	8.00
64.28	14.00
64.3	8.00
64.32	6.00
64.34	10.00
64.36	6.00
64.38	6.00
64.4	6.00
64.42	6.00
64.44	4.00
64.46	10.00
64.48	10.00
64.5	8.00
64.52	0.00
64.54	4.00
64.56	2.00
64.58	6.00
64.6	2.00
64.62	2.00
64.64	2.00
64.66	2.00
64.68	4.00
64.7	4.00
64.72	2.00
64.74	2.00
64.76	2.00
64.78	4.00
64.8	4.00
64.82	4.00
64.84	4.00
64.86	2.00
64.88	8.00
64.9	0.00
64.92	4.00
64.94	2.00
64.96	2.00
64.98	6.00
65	4.00
65.02	4.00
65.04	2.00
65.06	2.00
65.08	4.00
65.1	2.00
65.12	6.00
65.14	6.00
65.16	4.00
65.18	4.00
65.2	6.00
65.22	8.00
65.24	6.00
65.26	6.00
65.28	2.00
65.3	2.00
65.32	2.00
65.34	4.00
65.36	10.00
65.38	2.00
65.4	10.00
65.42	4.00
65.44	12.00
65.46	14.00
65.48	8.00
65.5	14.00
65.52	10.00
65.54	8.00
65.56	20.00
65.58	18.00
65.6	22.00
65.62	16.00
65.64	22.00
65.66	24.00
65.68	22.00
65.7	18.00
65.72	26.00
65.74	24.00
65.76	24.00
65.78	24.00
65.8	28.00
65.82	30.00
65.84	28.00
65.86	30.00
65.88	30.00
65.9	26.00
65.92	20.00
65.94	28.00
65.96	16.00
65.98	28.00
66	12.00
66.02	34.00
66.04	22.00
66.06	16.00
66.08	32.00
66.1	18.00
66.12	16.00
66.14	16.00
66.16	14.00
66.18	4.00
66.2	10.00
66.22	6.00
66.24	8.00
66.26	6.00
66.28	10.00
66.3	8.00
66.32	6.00
66.34	4.00
66.36	8.00
66.38	4.00
66.4	2.00
66.42	2.00
66.44	2.00
66.46	4.00
66.48	6.00
66.5	4.00
66.52	2.00
66.54	2.00
66.56	4.00
66.58	4.00
66.6	2.00
66.62	4.00
66.64	4.00
66.66	6.00
66.68	2.00
66.7	2.00
66.72	2.00
66.74	2.00
66.76	2.00
66.78	4.00
66.8	2.00
66.82	2.00
66.84	8.00
66.86	0.00
66.88	4.00
66.9	0.00
66.92	4.00
66.94	2.00
66.96	2.00
66.98	8.00
67	4.00
67.02	8.00
67.04	6.00
67.06	4.00
67.08	4.00
67.1	2.00
67.12	4.00
67.14	4.00
67.16	4.00
67.18	4.00
67.2	2.00
67.22	4.00
67.24	6.00
67.26	0.00
67.28	6.00
67.3	4.00
67.32	4.00
67.34	6.00
67.36	6.00
67.38	6.00
67.4	10.00
67.42	10.00
67.44	2.00
67.46	10.00
67.48	8.00
67.5	8.00
67.52	12.00
67.54	8.00
67.56	8.00
67.58	12.00
67.6	6.00
67.62	4.00
67.64	6.00
67.66	8.00
67.68	2.00
67.7	6.00
67.72	8.00
67.74	6.00
67.76	4.00
67.78	6.00
67.8	8.00
67.82	6.00
67.84	2.00
67.86	2.00
67.88	0.00
67.9	4.00
67.92	6.00
67.94	4.00
67.96	2.00
67.98	2.00
68	4.00
68.02	2.00
68.04	4.00
68.06	0.00
68.08	2.00
68.1	0.00
68.12	4.00
68.14	2.00
68.16	2.00
68.18	4.00
68.2	2.00
68.22	2.00
68.24	2.00
68.26	2.00
68.28	2.00
68.3	2.00
68.32	0.00
68.34	4.00
68.36	0.00
68.38	0.00
68.4	4.00
68.42	0.00
68.44	2.00
68.46	2.00
68.48	4.00
68.5	2.00
68.52	2.00
68.54	0.00
68.56	0.00
68.58	2.00
68.6	4.00
68.62	4.00
68.64	2.00
68.66	6.00
68.68	0.00
68.7	4.00
68.72	2.00
68.74	2.00
68.76	2.00
68.78	2.00
68.8	0.00
68.82	2.00
68.84	2.00
68.86	2.00
68.88	0.00
68.9	6.00
68.92	4.00
68.94	4.00
68.96	4.00
68.98	4.00
69	6.00
69.02	2.00
69.04	6.00
69.06	10.00
69.08	0.00
69.1	6.00
69.12	8.00
69.14	4.00
69.16	6.00
69.18	6.00
69.2	4.00
69.22	8.00
69.24	2.00
69.26	6.00
69.28	4.00
69.3	4.00
69.32	2.00
69.34	12.00
69.36	0.00
69.38	2.00
69.4	6.00
69.42	2.00
69.44	2.00
69.46	4.00
69.48	4.00
69.5	4.00
69.52	0.00
69.54	2.00
69.56	6.00
69.58	2.00
69.6	2.00
69.62	6.00
69.64	4.00
69.66	2.00
69.68	2.00
69.7	2.00
69.72	4.00
69.74	0.00
69.76	4.00
69.78	2.00
69.8	0.00
69.82	0.00
69.84	2.00
69.86	0.00
69.88	4.00
69.9	0.00
69.92	4.00
69.94	2.00
69.96	2.00
69.98	4.00
70	4.00
70.02	2.00
70.04	4.00
70.06	2.00
70.08	0.00
70.1	2.00
70.12	4.00
70.14	4.00
70.16	4.00
70.18	6.00
70.2	2.00
70.22	6.00
70.24	4.00
70.26	4.00
70.28	2.00
70.3	4.00
70.32	6.00
70.34	8.00
70.36	4.00
70.38	4.00
70.4	6.00
70.42	4.00
70.44	2.00
70.46	4.00
70.48	4.00
70.5	4.00
70.52	4.00
70.54	2.00
70.56	2.00
70.58	2.00
70.6	2.00
70.62	2.00
70.64	4.00
70.66	2.00
70.68	2.00
70.7	0.00
70.72	4.00
70.74	0.00
70.76	2.00
70.78	2.00
70.8	2.00
70.82	0.00
70.84	2.00
70.86	2.00
70.88	2.00
70.9	4.00
70.92	0.00
70.94	2.00
70.96	4.00
70.98	2.00
71	4.00
71.02	4.00
71.04	4.00
71.06	4.00
71.08	6.00
71.1	4.00
71.12	2.00
71.14	0.00
71.16	2.00
71.18	2.00
71.2	2.00
71.22	2.00
71.24	0.00
71.26	4.00
71.28	4.00
71.3	0.00
71.32	2.00
71.34	2.00
71.36	0.00
71.38	2.00
71.4	2.00
71.42	2.00
71.44	4.00
71.46	2.00
71.48	0.00
71.5	0.00
71.52	2.00
71.54	0.00
71.56	0.00
71.58	4.00
71.6	2.00
71.62	2.00
71.64	0.00
71.66	2.00
71.68	2.00
71.7	4.00
71.72	2.00
71.74	2.00
71.76	0.00
71.78	0.00
71.8	4.00
71.82	2.00
71.84	2.00
71.86	2.00
71.88	4.00
71.9	2.00
71.92	2.00
71.94	4.00
71.96	0.00
71.98	0.00
72	2.00
72.02	2.00
72.04	2.00
72.06	4.00
72.08	4.00
72.1	2.00
72.12	4.00
72.14	2.00
72.16	4.00
72.18	4.00
72.2	4.00
72.22	0.00
72.24	2.00
72.26	2.00
72.28	2.00
72.3	8.00
72.32	4.00
72.34	4.00
72.36	6.00
72.38	6.00
72.4	4.00
72.42	8.00
72.44	6.00
72.46	6.00
72.48	12.00
72.5	2.00
72.52	4.00
72.54	4.00
72.56	4.00
72.58	4.00
72.6	4.00
72.62	4.00
72.64	2.00
72.66	0.00
72.68	4.00
72.7	0.00
72.72	2.00
72.74	4.00
72.76	4.00
72.78	0.00
72.8	2.00
72.82	2.00
72.84	6.00
72.86	2.00
72.88	0.00
72.9	0.00
72.92	4.00
72.94	0.00
72.96	2.00
72.98	4.00
73	0.00
73.02	2.00
73.04	2.00
73.06	2.00
73.08	0.00
73.1	0.00
73.12	0.00
73.14	2.00
73.16	4.00
73.18	0.00
73.2	2.00
73.22	0.00
73.24	0.00
73.26	2.00
73.28	6.00
73.3	2.00
73.32	0.00
73.34	4.00
73.36	0.00
73.38	2.00
73.4	2.00
73.42	4.00
73.44	2.00
73.46	2.00
73.48	0.00
73.5	2.00
73.52	4.00
73.54	4.00
73.56	0.00
73.58	4.00
73.6	0.00
73.62	6.00
73.64	2.00
73.66	4.00
73.68	4.00
73.7	2.00
73.72	2.00
73.74	6.00
73.76	4.00
73.78	4.00
73.8	2.00
73.82	2.00
73.84	6.00
73.86	14.00
73.88	4.00
73.9	10.00
73.92	8.00
73.94	8.00
73.96	2.00
73.98	6.00
74	4.00
74.02	10.00
74.04	6.00
74.06	6.00
74.08	10.00
74.1	6.00
74.12	10.00
74.14	8.00
74.16	4.00
74.18	2.00
74.2	2.00
74.22	4.00
74.24	2.00
74.26	6.00
74.28	4.00
74.3	4.00
74.32	0.00
74.34	6.00
74.36	2.00
74.38	6.00
74.4	2.00
74.42	4.00
74.44	0.00
74.46	6.00
74.48	4.00
74.5	2.00
74.52	2.00
74.54	0.00
74.56	2.00
74.58	0.00
74.6	2.00
74.62	4.00
74.64	2.00
74.66	2.00
74.68	2.00
74.7	0.00
74.72	2.00
74.74	2.00
74.76	2.00
74.78	0.00
74.8	2.00
74.82	0.00
74.84	2.00
74.86	2.00
74.88	4.00
74.9	2.00
74.92	2.00
74.94	0.00
74.96	0.00
74.98	0.00
75	2.00
75.02	0.00
75.04	0.00
75.06	4.00
75.08	2.00
75.1	0.00
75.12	4.00
75.14	2.00
75.16	2.00
75.18	0.00
75.2	4.00
75.22	2.00
75.24	2.00
75.26	2.00
75.28	2.00
75.3	2.00
75.32	4.00
75.34	2.00
75.36	0.00
75.38	4.00
75.4	4.00
75.42	2.00
75.44	6.00
75.46	0.00
75.48	6.00
75.5	4.00
75.52	0.00
75.54	4.00
75.56	4.00
75.58	2.00
75.6	4.00
75.62	4.00
75.64	2.00
75.66	4.00
75.68	2.00
75.7	4.00
75.72	0.00
75.74	2.00
75.76	2.00
75.78	0.00
75.8	6.00
75.82	2.00
75.84	4.00
75.86	0.00
75.88	0.00
75.9	2.00
75.92	0.00
75.94	0.00
75.96	2.00
75.98	2.00
76	4.00
76.02	2.00
76.04	4.00
76.06	0.00
76.08	0.00
76.1	2.00
76.12	2.00
76.14	2.00
76.16	2.00
76.18	2.00
76.2	0.00
76.22	4.00
76.24	2.00
76.26	2.00
76.28	0.00
76.3	2.00
76.32	0.00
76.34	2.00
76.36	4.00
76.38	0.00
76.4	0.00
76.42	2.00
76.44	2.00
76.46	2.00
76.48	2.00
76.5	4.00
76.52	0.00
76.54	0.00
76.56	2.00
76.58	0.00
76.6	0.00
76.62	6.00
76.64	2.00
76.66	2.00
76.68	2.00
76.7	0.00
76.72	2.00
76.74	2.00
76.76	2.00
76.78	0.00
76.8	0.00
76.82	4.00
76.84	0.00
76.86	2.00
76.88	0.00
76.9	4.00
76.92	0.00
76.94	4.00
76.96	2.00
76.98	0.00
77	0.00
77.02	0.00
77.04	4.00
77.06	2.00
77.08	0.00
77.1	0.00
77.12	0.00
77.14	0.00
77.16	2.00
77.18	0.00
77.2	2.00
77.22	0.00
77.24	2.00
77.26	0.00
77.28	2.00
77.3	2.00
77.32	2.00
77.34	2.00
77.36	4.00
77.38	2.00
77.4	2.00
77.42	2.00
77.44	0.00
77.46	0.00
77.48	2.00
77.5	0.00
77.52	2.00
77.54	0.00
77.56	4.00
77.58	0.00
77.6	2.00
77.62	0.00
77.64	4.00
77.66	0.00
77.68	0.00
77.7	0.00
77.72	0.00
77.74	0.00
77.76	0.00
77.78	0.00
77.8	4.00
77.82	2.00
77.84	0.00
77.86	2.00
77.88	2.00
77.9	0.00
77.92	2.00
77.94	0.00
77.96	2.00
77.98	0.00
78	2.00
78.02	0.00
78.04	2.00
78.06	2.00
78.08	2.00
78.1	0.00
78.12	0.00
78.14	0.00
78.16	2.00
78.18	0.00
78.2	2.00
78.22	0.00
78.24	0.00
78.26	2.00
78.28	0.00
78.3	4.00
78.32	0.00
78.34	2.00
78.36	0.00
78.38	0.00
78.4	2.00
78.42	0.00
78.44	2.00
78.46	0.00
78.48	0.00
78.5	4.00
78.52	2.00
78.54	0.00
78.56	0.00
78.58	2.00
78.6	2.00
78.62	2.00
78.64	0.00
78.66	2.00
78.68	0.00
78.7	0.00
78.72	2.00
78.74	0.00
78.76	2.00
78.78	2.00
78.8	2.00
78.82	0.00
78.84	0.00
78.86	2.00
78.88	2.00
78.9	2.00
78.92	0.00
78.94	2.00
78.96	2.00
78.98	0.00
79	0.00
79.02	0.00
79.04	2.00
79.06	4.00
79.08	0.00
79.1	2.00
79.12	2.00
79.14	0.00
79.16	2.00
79.18	2.00
79.2	0.00
79.22	2.00
79.24	0.00
79.26	2.00
79.28	2.00
79.3	2.00
79.32	0.00
79.34	2.00
79.36	2.00
79.38	2.00
79.4	2.00
79.42	0.00
79.44	2.00
79.46	0.00
79.48	0.00
79.5	2.00
79.52	0.00
79.54	2.00
79.56	0.00
79.58	0.00
79.6	2.00
79.62	0.00
79.64	2.00
79.66	0.00
79.68	0.00
79.7	0.00
79.72	2.00
79.74	2.00
79.76	0.00
79.78	2.00
79.8	2.00
79.82	0.00
79.84	2.00
79.86	0.00
79.88	2.00
79.9	2.00
79.92	0.00
79.94	0.00
79.96	2.00
79.98	0.00
80	2.00
