10	10.00
10.02	10.00
10.04	4.00
10.06	6.00
10.08	10.00
10.1	8.00
10.12	14.00
10.14	10.00
10.16	4.00
10.18	12.00
10.2	18.00
10.22	10.00
10.24	10.00
10.26	12.00
10.28	10.00
10.3	12.00
10.32	12.00
10.34	8.00
10.36	6.00
10.38	6.00
10.4	6.00
10.42	12.00
10.44	10.00
10.46	2.00
10.48	14.00
10.5	2.00
10.52	16.00
10.54	8.00
10.56	10.00
10.58	12.00
10.6	10.00
10.62	6.00
10.64	6.00
10.66	10.00
10.68	4.00
10.7	6.00
10.72	10.00
10.74	10.00
10.76	10.00
10.78	8.00
10.8	8.00
10.82	6.00
10.84	6.00
10.86	10.00
10.88	10.00
10.9	8.00
10.92	4.00
10.94	8.00
10.96	6.00
10.98	10.00
11	8.00
11.02	8.00
11.04	8.00
11.06	8.00
11.08	8.00
11.1	4.00
11.12	8.00
11.14	4.00
11.16	6.00
11.18	10.00
11.2	6.00
11.22	6.00
11.24	12.00
11.26	0.00
11.28	8.00
11.3	8.00
11.32	6.00
11.34	12.00
11.36	6.00
11.38	10.00
11.4	8.00
11.42	8.00
11.44	6.00
11.46	6.00
11.48	8.00
11.5	4.00
11.52	4.00
11.54	6.00
11.56	6.00
11.58	8.00
11.6	12.00
11.62	4.00
11.64	4.00
11.66	4.00
11.68	6.00
11.7	8.00
11.72	6.00
11.74	8.00
11.76	4.00
11.78	6.00
11.8	4.00
11.82	6.00
11.84	8.00
11.86	8.00
11.88	8.00
11.9	8.00
11.92	6.00
11.94	2.00
11.96	6.00
11.98	12.00
12	8.00
12.02	6.00
12.04	4.00
12.06	8.00
12.08	8.00
12.1	4.00
12.12	4.00
12.14	6.00
12.16	6.00
12.18	10.00
12.2	8.00
12.22	10.00
12.24	2.00
12.26	6.00
12.28	8.00
12.3	10.00
12.32	2.00
12.34	10.00
12.36	10.00
12.38	8.00
12.4	8.00
12.42	6.00
12.44	14.00
12.46	6.00
12.48	4.00
12.5	6.00
12.52	4.00
12.54	8.00
12.56	10.00
12.58	6.00
12.6	4.00
12.62	12.00
12.64	8.00
12.66	6.00
12.68	8.00
12.7	6.00
12.72	4.00
12.74	10.00
12.76	4.00
12.78	4.00
12.8	10.00
12.82	2.00
12.84	6.00
12.86	4.00
12.88	12.00
12.9	10.00
12.92	10.00
12.94	6.00
12.96	2.00
12.98	4.00
13	4.00
13.02	2.00
13.04	8.00
13.06	14.00
13.08	6.00
13.1	6.00
13.12	2.00
13.14	6.00
13.16	2.00
13.18	8.00
13.2	4.00
13.22	4.00
13.24	6.00
13.26	2.00
13.28	2.00
13.3	4.00
13.32	8.00
13.34	10.00
13.36	6.00
13.38	2.00
13.4	2.00
13.42	6.00
13.44	4.00
13.46	8.00
13.48	4.00
13.5	8.00
13.52	6.00
13.54	4.00
13.56	10.00
13.58	4.00
13.6	4.00
13.62	6.00
13.64	8.00
13.66	6.00
13.68	6.00
13.7	4.00
13.72	6.00
13.74	2.00
13.76	6.00
13.78	4.00
13.8	4.00
13.82	4.00
13.84	6.00
13.86	6.00
13.88	6.00
13.9	4.00
13.92	6.00
13.94	4.00
13.96	6.00
13.98	8.00
14	6.00
14.02	6.00
14.04	10.00
14.06	6.00
14.08	4.00
14.1	8.00
14.12	4.00
14.14	6.00
14.16	2.00
14.18	2.00
14.2	8.00
14.22	6.00
14.24	2.00
14.26	4.00
14.28	6.00
14.3	6.00
14.32	4.00
14.34	6.00
14.36	0.00
14.38	4.00
14.4	4.00
14.42	4.00
14.44	2.00
14.46	0.00
14.48	6.00
14.5	6.00
14.52	6.00
14.54	8.00
14.56	8.00
14.58	4.00
14.6	4.00
14.62	12.00
14.64	4.00
14.66	2.00
14.68	0.00
14.7	4.00
14.72	4.00
14.74	6.00
14.76	6.00
14.78	4.00
14.8	2.00
14.82	2.00
14.84	6.00
14.86	4.00
14.88	2.00
14.9	6.00
14.92	6.00
14.94	2.00
14.96	6.00
14.98	4.00
15	4.00
15.02	6.00
15.04	4.00
15.06	2.00
15.08	6.00
15.1	6.00
15.12	2.00
15.14	8.00
15.16	0.00
15.18	4.00
15.2	4.00
15.22	8.00
15.24	4.00
15.26	8.00
15.28	4.00
15.3	2.00
15.32	10.00
15.34	0.00
15.36	6.00
15.38	4.00
15.4	2.00
15.42	6.00
15.44	14.00
15.46	8.00
15.48	2.00
15.5	4.00
15.52	6.00
15.54	8.00
15.56	6.00
15.58	4.00
15.6	6.00
15.62	2.00
15.64	6.00
15.66	2.00
15.68	4.00
15.7	8.00
15.72	6.00
15.74	12.00
15.76	4.00
15.78	2.00
15.8	2.00
15.82	8.00
15.84	8.00
15.86	4.00
15.88	4.00
15.9	6.00
15.92	4.00
15.94	2.00
15.96	8.00
15.98	4.00
16	4.00
16.02	4.00
16.04	2.00
16.06	8.00
16.08	0.00
16.1	0.00
16.12	6.00
16.14	4.00
16.16	4.00
16.18	4.00
16.2	2.00
16.22	6.00
16.24	4.00
16.26	4.00
16.28	6.00
16.3	10.00
16.32	0.00
16.34	4.00
16.36	6.00
16.38	2.00
16.4	8.00
16.42	4.00
16.44	4.00
16.46	8.00
16.48	4.00
16.5	4.00
16.52	4.00
16.54	4.00
16.56	4.00
16.58	4.00
16.6	6.00
16.62	2.00
16.64	6.00
16.66	4.00
16.68	2.00
16.7	2.00
16.72	6.00
16.74	6.00
16.76	2.00
16.78	2.00
16.8	2.00
16.82	4.00
16.84	6.00
16.86	2.00
16.88	6.00
16.9	2.00
16.92	6.00
16.94	4.00
16.96	2.00
16.98	10.00
17	2.00
17.02	8.00
17.04	4.00
17.06	4.00
17.08	6.00
17.1	0.00
17.12	2.00
17.14	4.00
17.16	4.00
17.18	2.00
17.2	4.00
17.22	6.00
17.24	0.00
17.26	8.00
17.28	4.00
17.3	2.00
17.32	2.00
17.34	2.00
17.36	2.00
17.38	4.00
17.4	0.00
17.42	4.00
17.44	2.00
17.46	4.00
17.48	0.00
17.5	4.00
17.52	6.00
17.54	0.00
17.56	6.00
17.58	0.00
17.6	4.00
17.62	4.00
17.64	2.00
17.66	6.00
17.68	4.00
17.7	2.00
17.72	2.00
17.74	0.00
17.76	4.00
17.78	4.00
17.8	6.00
17.82	2.00
17.84	6.00
17.86	6.00
17.88	6.00
17.9	0.00
17.92	2.00
17.94	2.00
17.96	8.00
17.98	2.00
18	0.00
18.02	6.00
18.04	2.00
18.06	6.00
18.08	4.00
18.1	6.00
18.12	6.00
18.14	4.00
18.16	2.00
18.18	6.00
18.2	2.00
18.22	6.00
18.24	4.00
18.26	6.00
18.28	6.00
18.3	0.00
18.32	2.00
18.34	4.00
18.36	6.00
18.38	2.00
18.4	2.00
18.42	6.00
18.44	4.00
18.46	4.00
18.48	0.00
18.5	6.00
18.52	4.00
18.54	4.00
18.56	8.00
18.58	4.00
18.6	0.00
18.62	4.00
18.64	0.00
18.66	2.00
18.68	4.00
18.7	6.00
18.72	2.00
18.74	2.00
18.76	2.00
18.78	6.00
18.8	0.00
18.82	4.00
18.84	4.00
18.86	2.00
18.88	6.00
18.9	4.00
18.92	4.00
18.94	0.00
18.96	2.00
18.98	2.00
19	2.00
19.02	6.00
19.04	4.00
19.06	2.00
19.08	2.00
19.1	8.00
19.12	2.00
19.14	4.00
19.16	2.00
19.18	2.00
19.2	6.00
19.22	4.00
19.24	0.00
19.26	4.00
19.28	2.00
19.3	0.00
19.32	4.00
19.34	2.00
19.36	2.00
19.38	4.00
19.4	6.00
19.42	2.00
19.44	4.00
19.46	6.00
19.48	2.00
19.5	2.00
19.52	2.00
19.54	2.00
19.56	4.00
19.58	4.00
19.6	4.00
19.62	8.00
19.64	2.00
19.66	2.00
19.68	2.00
19.7	2.00
19.72	2.00
19.74	2.00
19.76	0.00
19.78	4.00
19.8	4.00
19.82	4.00
19.84	2.00
19.86	2.00
19.88	2.00
19.9	4.00
19.92	4.00
19.94	4.00
19.96	2.00
19.98	2.00
20	4.00
20.02	0.00
20.04	4.00
20.06	2.00
20.08	4.00
20.1	2.00
20.12	4.00
20.14	0.00
20.16	4.00
20.18	0.00
20.2	4.00
20.22	2.00
20.24	2.00
20.26	4.00
20.28	2.00
20.3	2.00
20.32	0.00
20.34	4.00
20.36	2.00
20.38	4.00
20.4	6.00
20.42	4.00
20.44	4.00
20.46	6.00
20.48	4.00
20.5	8.00
20.52	2.00
20.54	4.00
20.56	0.00
20.58	4.00
20.6	2.00
20.62	2.00
20.64	4.00
20.66	4.00
20.68	4.00
20.7	4.00
20.72	0.00
20.74	4.00
20.76	2.00
20.78	6.00
20.8	0.00
20.82	6.00
20.84	0.00
20.86	0.00
20.88	4.00
20.9	4.00
20.92	0.00
20.94	4.00
20.96	6.00
20.98	4.00
21	4.00
21.02	4.00
21.04	0.00
21.06	4.00
21.08	4.00
21.1	4.00
21.12	0.00
21.14	6.00
21.16	8.00
21.18	4.00
21.2	2.00
21.22	4.00
21.24	4.00
21.26	4.00
21.28	4.00
21.3	2.00
21.32	4.00
21.34	2.00
21.36	2.00
21.38	4.00
21.4	4.00
21.42	2.00
21.44	4.00
21.46	4.00
21.48	2.00
21.5	4.00
21.52	2.00
21.54	2.00
21.56	6.00
21.58	2.00
21.6	2.00
21.62	4.00
21.64	4.00
21.66	0.00
21.68	4.00
21.7	4.00
21.72	6.00
21.74	4.00
21.76	2.00
21.78	0.00
21.8	8.00
21.82	4.00
21.84	2.00
21.86	4.00
21.88	4.00
21.9	2.00
21.92	0.00
21.94	2.00
21.96	4.00
21.98	6.00
22	4.00
22.02	4.00
22.04	4.00
22.06	2.00
22.08	0.00
22.1	4.00
22.12	2.00
22.14	2.00
22.16	4.00
22.18	2.00
22.2	2.00
22.22	2.00
22.24	4.00
22.26	2.00
22.28	2.00
22.3	2.00
22.32	0.00
22.34	4.00
22.36	4.00
22.38	4.00
22.4	2.00
22.42	2.00
22.44	2.00
22.46	0.00
22.48	2.00
22.5	2.00
22.52	0.00
22.54	0.00
22.56	4.00
22.58	2.00
22.6	0.00
22.62	2.00
22.64	6.00
22.66	0.00
22.68	6.00
22.7	4.00
22.72	2.00
22.74	4.00
22.76	6.00
22.78	0.00
22.8	2.00
22.82	4.00
22.84	2.00
22.86	4.00
22.88	4.00
22.9	6.00
22.92	0.00
22.94	6.00
22.96	4.00
22.98	4.00
23	2.00
23.02	2.00
23.04	2.00
23.06	2.00
23.08	6.00
23.1	4.00
23.12	2.00
23.14	2.00
23.16	2.00
23.18	2.00
23.2	2.00
23.22	2.00
23.24	4.00
23.26	8.00
23.28	4.00
23.3	4.00
23.32	2.00
23.34	2.00
23.36	4.00
23.38	4.00
23.4	4.00
23.42	2.00
23.44	2.00
23.46	2.00
23.48	6.00
23.5	6.00
23.52	4.00
23.54	4.00
23.56	4.00
23.58	4.00
23.6	4.00
23.62	2.00
23.64	2.00
23.66	4.00
23.68	2.00
23.7	6.00
23.72	10.00
23.74	8.00
23.76	8.00
23.78	10.00
23.8	6.00
23.82	10.00
23.84	2.00
23.86	6.00
23.88	12.00
23.9	12.00
23.92	8.00
23.94	14.00
23.96	10.00
23.98	16.00
24	18.00
24.02	14.00
24.04	20.00
24.06	22.00
24.08	34.00
24.1	30.00
24.12	32.00
24.14	28.00
24.16	26.00
24.18	28.00
24.2	38.00
24.22	46.00
24.24	30.00
24.26	30.00
24.28	26.00
24.3	34.00
24.32	18.00
24.34	22.00
24.36	28.00
24.38	24.00
24.4	16.00
24.42	20.00
24.44	20.00
24.46	14.00
24.48	10.00
24.5	6.00
24.52	12.00
24.54	4.00
24.56	8.00
24.58	2.00
24.6	12.00
24.62	6.00
24.64	6.00
24.66	2.00
24.68	8.00
24.7	2.00
24.72	4.00
24.74	4.00
24.76	6.00
24.78	4.00
24.8	6.00
24.82	10.00
24.84	6.00
24.86	2.00
24.88	4.00
24.9	8.00
24.92	2.00
24.94	2.00
24.96	2.00
24.98	2.00
25	6.00
25.02	0.00
25.04	4.00
25.06	8.00
25.08	8.00
25.1	4.00
25.12	10.00
25.14	12.00
25.16	8.00
25.18	6.00
25.2	12.00
25.22	10.00
25.24	14.00
25.26	12.00
25.28	10.00
25.3	12.00
25.32	10.00
25.34	16.00
25.36	12.00
25.38	4.00
25.4	14.00
25.42	8.00
25.44	12.00
25.46	10.00
25.48	4.00
25.5	6.00
25.52	8.00
25.54	8.00
25.56	2.00
25.58	4.00
25.6	8.00
25.62	8.00
25.64	4.00
25.66	6.00
25.68	4.00
25.7	4.00
25.72	2.00
25.74	4.00
25.76	2.00
25.78	0.00
25.8	0.00
25.82	2.00
25.84	4.00
25.86	4.00
25.88	2.00
25.9	4.00
25.92	4.00
25.94	10.00
25.96	6.00
25.98	6.00
26	4.00
26.02	2.00
26.04	4.00
26.06	4.00
26.08	4.00
26.1	6.00
26.12	4.00
26.14	0.00
26.16	4.00
26.18	2.00
26.2	2.00
26.22	4.00
26.24	2.00
26.26	4.00
26.28	4.00
26.3	4.00
26.32	4.00
26.34	4.00
26.36	0.00
26.38	2.00
26.4	4.00
26.42	0.00
26.44	4.00
26.46	0.00
26.48	0.00
26.5	2.00
26.52	2.00
26.54	2.00
26.56	2.00
26.58	2.00
26.6	2.00
26.62	4.00
26.64	4.00
26.66	2.00
26.68	2.00
26.7	6.00
26.72	2.00
26.74	2.00
26.76	6.00
26.78	2.00
26.8	8.00
26.82	6.00
26.84	2.00
26.86	2.00
26.88	4.00
26.9	4.00
26.92	6.00
26.94	2.00
26.96	6.00
26.98	4.00
27	8.00
27.02	10.00
27.04	10.00
27.06	8.00
27.08	12.00
27.1	16.00
27.12	18.00
27.14	18.00
27.16	26.00
27.18	20.00
27.2	44.00
27.22	24.00
27.24	52.00
27.26	58.00
27.28	80.00
27.3	82.00
27.32	74.00
27.34	94.00
27.36	110.00
27.38	116.00
27.4	114.00
27.42	132.00
27.44	138.00
27.46	148.00
27.48	120.00
27.5	120.00
27.52	126.00
27.54	110.00
27.56	106.00
27.58	88.00
27.6	80.00
27.62	84.00
27.64	66.00
27.66	54.00
27.68	38.00
27.7	36.00
27.72	20.00
27.74	18.00
27.76	8.00
27.78	12.00
27.8	10.00
27.82	4.00
27.84	12.00
27.86	10.00
27.88	4.00
27.9	2.00
27.92	4.00
27.94	4.00
27.96	2.00
27.98	4.00
28	2.00
28.02	0.00
28.04	4.00
28.06	8.00
28.08	6.00
28.1	2.00
28.12	2.00
28.14	2.00
28.16	2.00
28.18	4.00
28.2	2.00
28.22	2.00
28.24	4.00
28.26	4.00
28.28	4.00
28.3	2.00
28.32	4.00
28.34	2.00
28.36	4.00
28.38	4.00
28.4	2.00
28.42	4.00
28.44	0.00
28.46	2.00
28.48	4.00
28.5	6.00
28.52	2.00
28.54	2.00
28.56	2.00
28.58	4.00
28.6	4.00
28.62	2.00
28.64	2.00
28.66	4.00
28.68	0.00
28.7	0.00
28.72	4.00
28.74	2.00
28.76	12.00
28.78	4.00
28.8	2.00
28.82	2.00
28.84	6.00
28.86	8.00
28.88	4.00
28.9	6.00
28.92	2.00
28.94	2.00
28.96	2.00
28.98	6.00
29	4.00
29.02	0.00
29.04	4.00
29.06	6.00
29.08	2.00
29.1	6.00
29.12	0.00
29.14	4.00
29.16	4.00
29.18	4.00
29.2	2.00
29.22	2.00
29.24	4.00
29.26	2.00
29.28	6.00
29.3	6.00
29.32	2.00
29.34	4.00
29.36	6.00
29.38	4.00
29.4	4.00
29.42	2.00
29.44	2.00
29.46	4.00
29.48	4.00
29.5	2.00
29.52	0.00
29.54	0.00
29.56	4.00
29.58	8.00
29.6	6.00
29.62	4.00
29.64	4.00
29.66	6.00
29.68	2.00
29.7	4.00
29.72	2.00
29.74	2.00
29.76	8.00
29.78	6.00
29.8	6.00
29.82	6.00
29.84	6.00
29.86	4.00
29.88	4.00
29.9	4.00
29.92	2.00
29.94	4.00
29.96	2.00
29.98	4.00
30	2.00
30.02	6.00
30.04	2.00
30.06	2.00
30.08	2.00
30.1	4.00
30.12	4.00
30.14	6.00
30.16	4.00
30.18	4.00
30.2	2.00
30.22	4.00
30.24	2.00
30.26	6.00
30.28	4.00
30.3	4.00
30.32	4.00
30.34	2.00
30.36	4.00
30.38	6.00
30.4	2.00
30.42	2.00
30.44	8.00
30.46	4.00
30.48	2.00
30.5	6.00
30.52	4.00
30.54	4.00
30.56	6.00
30.58	2.00
30.6	4.00
30.62	6.00
30.64	6.00
30.66	6.00
30.68	4.00
30.7	2.00
30.72	4.00
30.74	4.00
30.76	4.00
30.78	8.00
30.8	2.00
30.82	10.00
30.84	10.00
30.86	10.00
30.88	10.00
30.9	12.00
30.92	12.00
30.94	10.00
30.96	12.00
30.98	24.00
31	14.00
31.02	24.00
31.04	20.00
31.06	20.00
31.08	28.00
31.1	26.00
31.12	50.00
31.14	60.00
31.16	54.00
31.18	46.00
31.2	64.00
31.22	80.00
31.24	88.00
31.26	76.00
31.28	86.00
31.3	84.00
31.32	98.00
31.34	100.00
31.36	100.00
31.38	102.00
31.4	86.00
31.42	90.00
31.44	76.00
31.46	84.00
31.48	56.00
31.5	68.00
31.52	56.00
31.54	48.00
31.56	46.00
31.58	36.00
31.6	28.00
31.62	18.00
31.64	24.00
31.66	24.00
31.68	10.00
31.7	8.00
31.72	16.00
31.74	16.00
31.76	8.00
31.78	8.00
31.8	16.00
31.82	10.00
31.84	6.00
31.86	6.00
31.88	6.00
31.9	6.00
31.92	8.00
31.94	6.00
31.96	6.00
31.98	8.00
32	8.00
32.02	4.00
32.04	8.00
32.06	4.00
32.08	2.00
32.1	10.00
32.12	4.00
32.14	4.00
32.16	6.00
32.18	4.00
32.2	8.00
32.22	4.00
32.24	2.00
32.26	2.00
32.28	4.00
32.3	8.00
32.32	2.00
32.34	4.00
32.36	6.00
32.38	6.00
32.4	4.00
32.42	6.00
32.44	6.00
32.46	8.00
32.48	2.00
32.5	2.00
32.52	4.00
32.54	4.00
32.56	2.00
32.58	2.00
32.6	6.00
32.62	2.00
32.64	4.00
32.66	6.00
32.68	0.00
32.7	2.00
32.72	6.00
32.74	2.00
32.76	4.00
32.78	2.00
32.8	2.00
32.82	4.00
32.84	4.00
32.86	4.00
32.88	4.00
32.9	10.00
32.92	4.00
32.94	4.00
32.96	6.00
32.98	4.00
33	4.00
33.02	2.00
33.04	2.00
33.06	2.00
33.08	6.00
33.1	0.00
33.12	6.00
33.14	0.00
33.16	4.00
33.18	2.00
33.2	4.00
33.22	2.00
33.24	0.00
33.26	6.00
33.28	2.00
33.3	4.00
33.32	2.00
33.34	2.00
33.36	0.00
33.38	2.00
33.4	8.00
33.42	4.00
33.44	0.00
33.46	0.00
33.48	6.00
33.5	2.00
33.52	4.00
33.54	2.00
33.56	6.00
33.58	4.00
33.6	0.00
33.62	4.00
33.64	6.00
33.66	2.00
33.68	0.00
33.7	2.00
33.72	0.00
33.74	2.00
33.76	4.00
33.78	2.00
33.8	4.00
33.82	2.00
33.84	2.00
33.86	2.00
33.88	2.00
33.9	4.00
33.92	2.00
33.94	2.00
33.96	4.00
33.98	2.00
34	2.00
34.02	6.00
34.04	6.00
34.06	2.00
34.08	4.00
34.1	2.00
34.12	6.00
34.14	2.00
34.16	2.00
34.18	2.00
34.2	2.00
34.22	6.00
34.24	2.00
34.26	4.00
34.28	6.00
34.3	2.00
34.32	4.00
34.34	6.00
34.36	4.00
34.38	0.00
34.4	4.00
34.42	2.00
34.44	2.00
34.46	8.00
34.48	2.00
34.5	4.00
34.52	8.00
34.54	6.00
34.56	8.00
34.58	0.00
34.6	4.00
34.62	4.00
34.64	2.00
34.66	4.00
34.68	6.00
34.7	0.00
34.72	2.00
34.74	4.00
34.76	2.00
34.78	0.00
34.8	0.00
34.82	4.00
34.84	4.00
34.86	0.00
34.88	2.00
34.9	8.00
34.92	0.00
34.94	4.00
34.96	0.00
34.98	0.00
35	4.00
35.02	2.00
35.04	0.00
35.06	4.00
35.08	0.00
35.1	4.00
35.12	2.00
35.14	2.00
35.16	4.00
35.18	4.00
35.2	6.00
35.22	4.00
35.24	2.00
35.26	6.00
35.28	6.00
35.3	0.00
35.32	4.00
35.34	2.00
35.36	2.00
35.38	4.00
35.4	0.00
35.42	6.00
35.44	2.00
35.46	4.00
35.48	2.00
35.5	4.00
35.52	4.00
35.54	2.00
35.56	4.00
35.58	4.00
35.6	4.00
35.62	2.00
35.64	2.00
35.66	2.00
35.68	2.00
35.7	6.00
35.72	4.00
35.74	2.00
35.76	4.00
35.78	6.00
35.8	10.00
35.82	10.00
35.84	10.00
35.86	10.00
35.88	18.00
35.9	18.00
35.92	20.00
35.94	32.00
35.96	42.00
35.98	52.00
36	36.00
36.02	52.00
36.04	40.00
36.06	56.00
36.08	34.00
36.1	42.00
36.12	48.00
36.14	54.00
36.16	48.00
36.18	50.00
36.2	54.00
36.22	34.00
36.24	52.00
36.26	28.00
36.28	26.00
36.3	28.00
36.32	16.00
36.34	20.00
36.36	16.00
36.38	10.00
36.4	8.00
36.42	8.00
36.44	6.00
36.46	4.00
36.48	10.00
36.5	4.00
36.52	6.00
36.54	4.00
36.56	2.00
36.58	8.00
36.6	8.00
36.62	2.00
36.64	0.00
36.66	2.00
36.68	4.00
36.7	2.00
36.72	8.00
36.74	8.00
36.76	8.00
36.78	4.00
36.8	6.00
36.82	10.00
36.84	4.00
36.86	6.00
36.88	8.00
36.9	4.00
36.92	4.00
36.94	2.00
36.96	2.00
36.98	0.00
37	4.00
37.02	2.00
37.04	4.00
37.06	4.00
37.08	6.00
37.1	4.00
37.12	0.00
37.14	14.00
37.16	6.00
37.18	4.00
37.2	6.00
37.22	14.00
37.24	12.00
37.26	10.00
37.28	14.00
37.3	16.00
37.32	10.00
37.34	14.00
37.36	22.00
37.38	16.00
37.4	20.00
37.42	18.00
37.44	20.00
37.46	14.00
37.48	24.00
37.5	22.00
37.52	20.00
37.54	16.00
37.56	10.00
37.58	20.00
37.6	14.00
37.62	10.00
37.64	14.00
37.66	6.00
37.68	12.00
37.7	10.00
37.72	12.00
37.74	12.00
37.76	12.00
37.78	8.00
37.8	4.00
37.82	10.00
37.84	6.00
37.86	8.00
37.88	2.00
37.9	8.00
37.92	8.00
37.94	2.00
37.96	4.00
37.98	2.00
38	2.00
38.02	2.00
38.04	6.00
38.06	6.00
38.08	2.00
38.1	2.00
38.12	4.00
38.14	0.00
38.16	0.00
38.18	4.00
38.2	0.00
38.22	4.00
38.24	2.00
38.26	4.00
38.28	6.00
38.3	2.00
38.32	2.00
38.34	0.00
38.36	2.00
38.38	0.00
38.4	4.00
38.42	2.00
38.44	0.00
38.46	4.00
38.48	4.00
38.5	4.00
38.52	4.00
38.54	2.00
38.56	2.00
38.58	2.00
38.6	2.00
38.62	2.00
38.64	8.00
38.66	2.00
38.68	2.00
38.7	0.00
38.72	2.00
38.74	4.00
38.76	2.00
38.78	0.00
38.8	6.00
38.82	4.00
38.84	6.00
38.86	4.00
38.88	2.00
38.9	4.00
38.92	4.00
38.94	2.00
38.96	2.00
38.98	8.00
39	6.00
39.02	4.00
39.04	8.00
39.06	8.00
39.08	12.00
39.1	8.00
39.12	14.00
39.14	10.00
39.16	2.00
39.18	8.00
39.2	6.00
39.22	8.00
39.24	6.00
39.26	10.00
39.28	10.00
39.3	18.00
39.32	8.00
39.34	12.00
39.36	4.00
39.38	6.00
39.4	10.00
39.42	6.00
39.44	6.00
39.46	0.00
39.48	2.00
39.5	2.00
39.52	4.00
39.54	0.00
39.56	4.00
39.58	6.00
39.6	2.00
39.62	2.00
39.64	2.00
39.66	6.00
39.68	2.00
39.7	4.00
39.72	2.00
39.74	4.00
39.76	0.00
39.78	4.00
39.8	4.00
39.82	2.00
39.84	4.00
39.86	2.00
39.88	2.00
39.9	0.00
39.92	2.00
39.94	0.00
39.96	2.00
39.98	4.00
40	4.00
40.02	4.00
40.04	0.00
40.06	2.00
40.08	4.00
40.1	2.00
40.12	0.00
40.14	2.00
40.16	0.00
40.18	2.00
40.2	4.00
40.22	2.00
40.24	0.00
40.26	6.00
40.28	2.00
40.3	2.00
40.32	0.00
40.34	6.00
40.36	0.00
40.38	2.00
40.4	2.00
40.42	2.00
40.44	4.00
40.46	2.00
40.48	2.00
40.5	0.00
40.52	4.00
40.54	4.00
40.56	0.00
40.58	6.00
40.6	4.00
40.62	2.00
40.64	2.00
40.66	0.00
40.68	2.00
40.7	4.00
40.72	4.00
40.74	0.00
40.76	4.00
40.78	6.00
40.8	4.00
40.82	4.00
40.84	2.00
40.86	6.00
40.88	6.00
40.9	4.00
40.92	2.00
40.94	6.00
40.96	2.00
40.98	12.00
41	8.00
41.02	8.00
41.04	10.00
41.06	14.00
41.08	18.00
41.1	18.00
41.12	22.00
41.14	26.00
41.16	24.00
41.18	26.00
41.2	36.00
41.22	36.00
41.24	38.00
41.26	44.00
41.28	50.00
41.3	46.00
41.32	42.00
41.34	52.00
41.36	48.00
41.38	58.00
41.4	48.00
41.42	50.00
41.44	36.00
41.46	30.00
41.48	34.00
41.5	22.00
41.52	24.00
41.54	18.00
41.56	20.00
41.58	10.00
41.6	12.00
41.62	10.00
41.64	8.00
41.66	10.00
41.68	10.00
41.7	2.00
41.72	4.00
41.74	6.00
41.76	6.00
41.78	8.00
41.8	2.00
41.82	6.00
41.84	2.00
41.86	0.00
41.88	2.00
41.9	4.00
41.92	2.00
41.94	2.00
41.96	4.00
41.98	4.00
42	0.00
42.02	4.00
42.04	6.00
42.06	2.00
42.08	0.00
42.1	2.00
42.12	4.00
42.14	2.00
42.16	2.00
42.18	0.00
42.2	2.00
42.22	2.00
42.24	2.00
42.26	2.00
42.28	2.00
42.3	0.00
42.32	2.00
42.34	2.00
42.36	4.00
42.38	2.00
42.4	2.00
42.42	2.00
42.44	2.00
42.46	0.00
42.48	2.00
42.5	4.00
42.52	2.00
42.54	4.00
42.56	0.00
42.58	2.00
42.6	2.00
42.62	0.00
42.64	4.00
42.66	0.00
42.68	2.00
42.7	0.00
42.72	2.00
42.74	6.00
42.76	4.00
42.78	4.00
42.8	2.00
42.82	2.00
42.84	0.00
42.86	2.00
42.88	4.00
42.9	2.00
42.92	4.00
42.94	0.00
42.96	2.00
42.98	2.00
43	2.00
43.02	2.00
43.04	2.00
43.06	2.00
43.08	0.00
43.1	2.00
43.12	2.00
43.14	4.00
43.16	2.00
43.18	2.00
43.2	2.00
43.22	2.00
43.24	2.00
43.26	2.00
43.28	2.00
43.3	2.00
43.32	2.00
43.34	2.00
43.36	4.00
43.38	2.00
43.4	2.00
43.42	0.00
43.44	0.00
43.46	4.00
43.48	0.00
43.5	2.00
43.52	4.00
43.54	4.00
43.56	0.00
43.58	0.00
43.6	6.00
43.62	4.00
43.64	2.00
43.66	0.00
43.68	4.00
43.7	4.00
43.72	0.00
43.74	0.00
43.76	2.00
43.78	2.00
43.8	0.00
43.82	0.00
43.84	8.00
43.86	4.00
43.88	4.00
43.9	4.00
43.92	6.00
43.94	2.00
43.96	8.00
43.98	12.00
44	6.00
44.02	8.00
44.04	14.00
44.06	22.00
44.08	8.00
44.1	16.00
44.12	12.00
44.14	12.00
44.16	12.00
44.18	14.00
44.2	8.00
44.22	8.00
44.24	8.00
44.26	8.00
44.28	4.00
44.3	4.00
44.32	4.00
44.34	8.00
44.36	2.00
44.38	2.00
44.4	4.00
44.42	4.00
44.44	4.00
44.46	2.00
44.48	6.00
44.5	0.00
44.52	8.00
44.54	2.00
44.56	2.00
44.58	2.00
44.6	2.00
44.62	4.00
44.64	4.00
44.66	4.00
44.68	2.00
44.7	4.00
44.72	8.00
44.74	2.00
44.76	6.00
44.78	6.00
44.8	2.00
44.82	8.00
44.84	10.00
44.86	8.00
44.88	12.00
44.9	8.00
44.92	14.00
44.94	10.00
44.96	12.00
44.98	20.00
45	16.00
45.02	26.00
45.04	24.00
45.06	14.00
45.08	24.00
45.1	16.00
45.12	20.00
45.14	16.00
45.16	22.00
45.18	24.00
45.2	14.00
45.22	18.00
45.24	14.00
45.26	20.00
45.28	16.00
45.3	10.00
45.32	10.00
45.34	8.00
45.36	4.00
45.38	12.00
45.4	10.00
45.42	6.00
45.44	4.00
45.46	6.00
45.48	4.00
45.5	2.00
45.52	4.00
45.54	4.00
45.56	4.00
45.58	2.00
45.6	2.00
45.62	2.00
45.64	0.00
45.66	0.00
45.68	4.00
45.7	4.00
45.72	2.00
45.74	4.00
45.76	6.00
45.78	2.00
45.8	2.00
45.82	2.00
45.84	2.00
45.86	4.00
45.88	2.00
45.9	2.00
45.92	2.00
45.94	4.00
45.96	0.00
45.98	2.00
46	2.00
46.02	2.00
46.04	0.00
46.06	4.00
46.08	0.00
46.1	4.00
46.12	0.00
46.14	2.00
46.16	0.00
46.18	2.00
46.2	2.00
46.22	4.00
46.24	2.00
46.26	0.00
46.28	2.00
46.3	4.00
46.32	0.00
46.34	2.00
46.36	6.00
46.38	0.00
46.4	2.00
46.42	0.00
46.44	2.00
46.46	6.00
46.48	2.00
46.5	4.00
46.52	0.00
46.54	2.00
46.56	2.00
46.58	2.00
46.6	4.00
46.62	4.00
46.64	4.00
46.66	2.00
46.68	2.00
46.7	2.00
46.72	2.00
46.74	2.00
46.76	2.00
46.78	2.00
46.8	2.00
46.82	4.00
46.84	0.00
46.86	0.00
46.88	2.00
46.9	6.00
46.92	2.00
46.94	4.00
46.96	2.00
46.98	2.00
47	0.00
47.02	2.00
47.04	2.00
47.06	2.00
47.08	4.00
47.1	6.00
47.12	0.00
47.14	0.00
47.16	2.00
47.18	4.00
47.2	0.00
47.22	2.00
47.24	4.00
47.26	0.00
47.28	0.00
47.3	0.00
47.32	2.00
47.34	2.00
47.36	0.00
47.38	4.00
47.4	4.00
47.42	4.00
47.44	2.00
47.46	4.00
47.48	2.00
47.5	0.00
47.52	2.00
47.54	0.00
47.56	4.00
47.58	4.00
47.6	2.00
47.62	0.00
47.64	2.00
47.66	4.00
47.68	0.00
47.7	2.00
47.72	2.00
47.74	0.00
47.76	2.00
47.78	2.00
47.8	4.00
47.82	2.00
47.84	2.00
47.86	0.00
47.88	4.00
47.9	2.00
47.92	6.00
47.94	2.00
47.96	2.00
47.98	4.00
48	4.00
48.02	2.00
48.04	6.00
48.06	6.00
48.08	2.00
48.1	2.00
48.12	4.00
48.14	6.00
48.16	4.00
48.18	4.00
48.2	4.00
48.22	4.00
48.24	2.00
48.26	6.00
48.28	2.00
48.3	2.00
48.32	2.00
48.34	2.00
48.36	8.00
48.38	2.00
48.4	2.00
48.42	2.00
48.44	2.00
48.46	2.00
48.48	2.00
48.5	4.00
48.52	2.00
48.54	4.00
48.56	2.00
48.58	2.00
48.6	0.00
48.62	2.00
48.64	0.00
48.66	4.00
48.68	0.00
48.7	0.00
48.72	2.00
48.74	0.00
48.76	2.00
48.78	6.00
48.8	0.00
48.82	4.00
48.84	4.00
48.86	2.00
48.88	2.00
48.9	2.00
48.92	2.00
48.94	4.00
48.96	2.00
48.98	4.00
49	2.00
49.02	6.00
49.04	2.00
49.06	2.00
49.08	2.00
49.1	4.00
49.12	0.00
49.14	6.00
49.16	2.00
49.18	4.00
49.2	2.00
49.22	8.00
49.24	2.00
49.26	0.00
49.28	8.00
49.3	4.00
49.32	6.00
49.34	4.00
49.36	12.00
49.38	4.00
49.4	6.00
49.42	6.00
49.44	4.00
49.46	8.00
49.48	10.00
49.5	12.00
49.52	4.00
49.54	14.00
49.56	8.00
49.58	12.00
49.6	20.00
49.62	10.00
49.64	16.00
49.66	8.00
49.68	8.00
49.7	6.00
49.72	8.00
49.74	10.00
49.76	10.00
49.78	8.00
49.8	8.00
49.82	4.00
49.84	6.00
49.86	10.00
49.88	6.00
49.9	8.00
49.92	6.00
49.94	4.00
49.96	4.00
49.98	2.00
50	6.00
50.02	4.00
50.04	2.00
50.06	8.00
50.08	6.00
50.1	0.00
50.12	4.00
50.14	6.00
50.16	2.00
50.18	2.00
50.2	2.00
50.22	2.00
50.24	2.00
50.26	2.00
50.28	4.00
50.3	6.00
50.32	4.00
50.34	6.00
50.36	0.00
50.38	2.00
50.4	2.00
50.42	6.00
50.44	4.00
50.46	6.00
50.48	2.00
50.5	2.00
50.52	2.00
50.54	2.00
50.56	2.00
50.58	0.00
50.6	6.00
50.62	4.00
50.64	2.00
50.66	4.00
50.68	4.00
50.7	2.00
50.72	4.00
50.74	2.00
50.76	6.00
50.78	2.00
50.8	6.00
50.82	4.00
50.84	2.00
50.86	4.00
50.88	0.00
50.9	0.00
50.92	4.00
50.94	4.00
50.96	6.00
50.98	6.00
51	6.00
51.02	6.00
51.04	4.00
51.06	4.00
51.08	10.00
51.1	4.00
51.12	8.00
51.14	8.00
51.16	14.00
51.18	6.00
51.2	4.00
51.22	6.00
51.24	8.00
51.26	6.00
51.28	8.00
51.3	18.00
51.32	16.00
51.34	20.00
51.36	16.00
51.38	14.00
51.4	18.00
51.42	26.00
51.44	24.00
51.46	28.00
51.48	28.00
51.5	24.00
51.52	32.00
51.54	34.00
51.56	34.00
51.58	40.00
51.6	32.00
51.62	36.00
51.64	28.00
51.66	42.00
51.68	38.00
51.7	36.00
51.72	26.00
51.74	38.00
51.76	26.00
51.78	22.00
51.8	36.00
51.82	26.00
51.84	26.00
51.86	22.00
51.88	26.00
51.9	16.00
51.92	24.00
51.94	10.00
51.96	22.00
51.98	14.00
52	16.00
52.02	10.00
52.04	6.00
52.06	6.00
52.08	4.00
52.1	6.00
52.12	8.00
52.14	2.00
52.16	2.00
52.18	4.00
52.2	4.00
52.22	2.00
52.24	6.00
52.26	6.00
52.28	2.00
52.3	6.00
52.32	4.00
52.34	4.00
52.36	4.00
52.38	4.00
52.4	6.00
52.42	2.00
52.44	2.00
52.46	2.00
52.48	4.00
52.5	2.00
52.52	6.00
52.54	4.00
52.56	2.00
52.58	4.00
52.6	2.00
52.62	0.00
52.64	2.00
52.66	4.00
52.68	6.00
52.7	0.00
52.72	6.00
52.74	2.00
52.76	2.00
52.78	4.00
52.8	8.00
52.82	2.00
52.84	2.00
52.86	2.00
52.88	2.00
52.9	4.00
52.92	4.00
52.94	2.00
52.96	4.00
52.98	0.00
53	0.00
53.02	4.00
53.04	2.00
53.06	2.00
53.08	2.00
53.1	4.00
53.12	6.00
53.14	0.00
53.16	2.00
53.18	2.00
53.2	4.00
53.22	2.00
53.24	4.00
53.26	2.00
53.28	4.00
53.3	2.00
53.32	4.00
53.34	2.00
53.36	4.00
53.38	2.00
53.4	0.00
53.42	4.00
53.44	2.00
53.46	2.00
53.48	4.00
53.5	0.00
53.52	4.00
53.54	0.00
53.56	2.00
53.58	0.00
53.6	0.00
53.62	0.00
53.64	6.00
53.66	2.00
53.68	2.00
53.7	2.00
53.72	4.00
53.74	4.00
53.76	2.00
53.78	6.00
53.8	4.00
53.82	4.00
53.84	2.00
53.86	4.00
53.88	2.00
53.9	6.00
53.92	6.00
53.94	4.00
53.96	6.00
53.98	10.00
54	12.00
54.02	8.00
54.04	6.00
54.06	10.00
54.08	10.00
54.1	16.00
54.12	8.00
54.14	22.00
54.16	18.00
54.18	34.00
54.2	46.00
54.22	34.00
54.24	58.00
54.26	48.00
54.28	68.00
54.3	46.00
54.32	78.00
54.34	74.00
54.36	66.00
54.38	60.00
54.4	74.00
54.42	72.00
54.44	78.00
54.46	62.00
54.48	52.00
54.5	74.00
54.52	58.00
54.54	34.00
54.56	22.00
54.58	34.00
54.6	22.00
54.62	30.00
54.64	22.00
54.66	12.00
54.68	18.00
54.7	10.00
54.72	4.00
54.74	4.00
54.76	6.00
54.78	2.00
54.8	0.00
54.82	2.00
54.84	4.00
54.86	4.00
54.88	6.00
54.9	0.00
54.92	2.00
54.94	4.00
54.96	0.00
54.98	2.00
55	2.00
55.02	4.00
55.04	4.00
55.06	4.00
55.08	4.00
55.1	4.00
55.12	2.00
55.14	6.00
55.16	2.00
55.18	6.00
55.2	8.00
55.22	2.00
55.24	4.00
55.26	4.00
55.28	0.00
55.3	2.00
55.32	10.00
55.34	2.00
55.36	0.00
55.38	8.00
55.4	2.00
55.42	2.00
55.44	0.00
55.46	4.00
55.48	0.00
55.5	0.00
55.52	2.00
55.54	2.00
55.56	0.00
55.58	2.00
55.6	4.00
55.62	0.00
55.64	4.00
55.66	2.00
55.68	2.00
55.7	0.00
55.72	4.00
55.74	2.00
55.76	0.00
55.78	0.00
55.8	4.00
55.82	2.00
55.84	4.00
55.86	2.00
55.88	4.00
55.9	0.00
55.92	2.00
55.94	0.00
55.96	2.00
55.98	4.00
56	0.00
56.02	2.00
56.04	2.00
56.06	2.00
56.08	4.00
56.1	4.00
56.12	6.00
56.14	2.00
56.16	2.00
56.18	2.00
56.2	4.00
56.22	2.00
56.24	2.00
56.26	2.00
56.28	4.00
56.3	6.00
56.32	4.00
56.34	4.00
56.36	4.00
56.38	6.00
56.4	4.00
56.42	4.00
56.44	6.00
56.46	10.00
56.48	12.00
56.5	18.00
56.52	10.00
56.54	10.00
56.56	12.00
56.58	28.00
56.6	16.00
56.62	10.00
56.64	20.00
56.66	20.00
56.68	18.00
56.7	18.00
56.72	22.00
56.74	32.00
56.76	18.00
56.78	10.00
56.8	20.00
56.82	10.00
56.84	20.00
56.86	8.00
56.88	16.00
56.9	6.00
56.92	10.00
56.94	2.00
56.96	8.00
56.98	6.00
57	4.00
57.02	6.00
57.04	0.00
57.06	2.00
57.08	8.00
57.1	4.00
57.12	4.00
57.14	2.00
57.16	0.00
57.18	4.00
57.2	4.00
57.22	0.00
57.24	0.00
57.26	4.00
57.28	0.00
57.3	2.00
57.32	0.00
57.34	4.00
57.36	0.00
57.38	2.00
57.4	2.00
57.42	2.00
57.44	2.00
57.46	2.00
57.48	4.00
57.5	2.00
57.52	0.00
57.54	2.00
57.56	0.00
57.58	2.00
57.6	2.00
57.62	0.00
57.64	4.00
57.66	2.00
57.68	2.00
57.7	2.00
57.72	2.00
57.74	4.00
57.76	0.00
57.78	0.00
57.8	2.00
57.82	0.00
57.84	2.00
57.86	0.00
57.88	4.00
57.9	4.00
57.92	2.00
57.94	2.00
57.96	6.00
57.98	2.00
58	0.00
58.02	2.00
58.04	0.00
58.06	2.00
58.08	2.00
58.1	6.00
58.12	4.00
58.14	2.00
58.16	2.00
58.18	4.00
58.2	0.00
58.22	2.00
58.24	0.00
58.26	2.00
58.28	2.00
58.3	0.00
58.32	0.00
58.34	2.00
58.36	2.00
58.38	2.00
58.4	2.00
58.42	0.00
58.44	4.00
58.46	2.00
58.48	4.00
58.5	2.00
58.52	2.00
58.54	2.00
58.56	0.00
58.58	6.00
58.6	2.00
58.62	2.00
58.64	2.00
58.66	0.00
58.68	2.00
58.7	4.00
58.72	2.00
58.74	6.00
58.76	2.00
58.78	0.00
58.8	2.00
58.82	2.00
58.84	6.00
58.86	0.00
58.88	4.00
58.9	2.00
58.92	6.00
58.94	6.00
58.96	4.00
58.98	2.00
59	2.00
59.02	6.00
59.04	4.00
59.06	2.00
59.08	4.00
59.1	4.00
59.12	2.00
59.14	4.00
59.16	2.00
59.18	2.00
59.2	2.00
59.22	2.00
59.24	6.00
59.26	2.00
59.28	6.00
59.3	0.00
59.32	4.00
59.34	2.00
59.36	2.00
59.38	0.00
59.4	8.00
59.42	8.00
59.44	2.00
59.46	6.00
59.48	2.00
59.5	0.00
59.52	4.00
59.54	0.00
59.56	4.00
59.58	4.00
59.6	4.00
59.62	4.00
59.64	0.00
59.66	4.00
59.68	6.00
59.7	10.00
59.72	6.00
59.74	4.00
59.76	8.00
59.78	10.00
59.8	8.00
59.82	10.00
59.84	8.00
59.86	16.00
59.88	8.00
59.9	12.00
59.92	14.00
59.94	18.00
59.96	10.00
59.98	8.00
60	18.00
60.02	8.00
60.04	18.00
60.06	16.00
60.08	12.00
60.1	6.00
60.12	14.00
60.14	12.00
60.16	8.00
60.18	12.00
60.2	8.00
60.22	8.00
60.24	8.00
60.26	8.00
60.28	10.00
60.3	6.00
60.32	6.00
60.34	10.00
60.36	6.00
60.38	6.00
60.4	6.00
60.42	6.00
60.44	0.00
60.46	4.00
60.48	6.00
60.5	2.00
60.52	0.00
60.54	2.00
60.56	2.00
60.58	0.00
60.6	4.00
60.62	4.00
60.64	2.00
60.66	2.00
60.68	4.00
60.7	2.00
60.72	6.00
60.74	0.00
60.76	2.00
60.78	2.00
60.8	2.00
60.82	4.00
60.84	0.00
60.86	4.00
60.88	2.00
60.9	2.00
60.92	4.00
60.94	2.00
60.96	0.00
60.98	2.00
61	4.00
61.02	0.00
61.04	6.00
61.06	2.00
61.08	0.00
61.1	0.00
61.12	2.00
61.14	4.00
61.16	2.00
61.18	0.00
61.2	2.00
61.22	2.00
61.24	2.00
61.26	0.00
61.28	0.00
61.3	2.00
61.32	4.00
61.34	6.00
61.36	2.00
61.38	2.00
61.4	2.00
61.42	2.00
61.44	2.00
61.46	0.00
61.48	2.00
61.5	2.00
61.52	2.00
61.54	0.00
61.56	0.00
61.58	2.00
61.6	0.00
61.62	2.00
61.64	2.00
61.66	4.00
61.68	2.00
61.7	4.00
61.72	2.00
61.74	4.00
61.76	0.00
61.78	4.00
61.8	0.00
61.82	2.00
61.84	0.00
61.86	2.00
61.88	2.00
61.9	2.00
61.92	2.00
61.94	2.00
61.96	6.00
61.98	2.00
62	0.00
62.02	2.00
62.04	0.00
62.06	2.00
62.08	0.00
62.1	2.00
62.12	0.00
62.14	0.00
62.16	2.00
62.18	4.00
62.2	0.00
62.22	2.00
62.24	0.00
62.26	2.00
62.28	2.00
62.3	0.00
62.32	2.00
62.34	2.00
62.36	2.00
62.38	4.00
62.4	4.00
62.42	2.00
62.44	4.00
62.46	2.00
62.48	2.00
62.5	2.00
62.52	6.00
62.54	2.00
62.56	2.00
62.58	6.00
62.6	6.00
62.62	4.00
62.64	4.00
62.66	12.00
62.68	8.00
62.7	8.00
62.72	10.00
62.74	10.00
62.76	8.00
62.78	18.00
62.8	12.00
62.82	12.00
62.84	8.00
62.86	18.00
62.88	6.00
62.9	14.00
62.92	10.00
62.94	10.00
62.96	12.00
62.98	8.00
63	8.00
63.02	10.00
63.04	8.00
63.06	4.00
63.08	2.00
63.1	8.00
63.12	4.00
63.14	2.00
63.16	12.00
63.18	2.00
63.2	4.00
63.22	2.00
63.24	0.00
63.26	2.00
63.28	6.00
63.3	4.00
63.32	4.00
63.34	2.00
63.36	2.00
63.38	8.00
63.4	4.00
63.42	4.00
63.44	8.00
63.46	4.00
63.48	2.00
63.5	2.00
63.52	4.00
63.54	6.00
63.56	4.00
63.58	6.00
63.6	6.00
63.62	8.00
63.64	8.00
63.66	8.00
63.68	8.00
63.7	8.00
63.72	10.00
63.74	8.00
63.76	12.00
63.78	12.00
63.8	18.00
63.82	6.00
63.84	10.00
63.86	12.00
63.88	12.00
63.9	18.00
63.92	12.00
63.94	14.00
63.96	8.00
63.98	12.00
64	10.00
64.02	14.00
64.04	12.00
64.06	10.00
64.08	10.00
64.1	12.00
64.12	8.00
64.14	14.00
64.16	14.00
64.18	8.00
64.2	10.00
64.22	10.00
64.24	10.00
64.26	10.00
64.28	4.00
64.3	8.00
64.32	10.00
64.34	6.00
64.36	4.00
64.38	2.00
64.4	2.00
64.42	6.00
64.44	4.00
64.46	0.00
64.48	4.00
64.5	2.00
64.52	2.00
64.54	2.00
64.56	0.00
64.58	4.00
64.6	2.00
64.62	4.00
64.64	0.00
64.66	4.00
64.68	2.00
64.7	2.00
64.72	0.00
64.74	4.00
64.76	2.00
64.78	6.00
64.8	0.00
64.82	4.00
64.84	2.00
64.86	2.00
64.88	0.00
64.9	2.00
64.92	6.00
64.94	0.00
64.96	2.00
64.98	0.00
65	2.00
65.02	2.00
65.04	4.00
65.06	2.00
65.08	2.00
65.1	2.00
65.12	4.00
65.14	2.00
65.16	4.00
65.18	0.00
65.2	2.00
65.22	2.00
65.24	2.00
65.26	2.00
65.28	4.00
65.3	6.00
65.32	2.00
65.34	6.00
65.36	8.00
65.38	6.00
65.4	6.00
65.42	4.00
65.44	0.00
65.46	2.00
65.48	6.00
65.5	6.00
65.52	4.00
65.54	6.00
65.56	8.00
65.58	4.00
65.6	4.00
65.62	6.00
65.64	8.00
65.66	6.00
65.68	4.00
65.7	2.00
65.72	2.00
65.74	6.00
65.76	4.00
65.78	4.00
65.8	4.00
65.82	0.00
65.84	2.00
65.86	2.00
65.88	2.00
65.9	2.00
65.92	2.00
65.94	2.00
65.96	2.00
65.98	4.00
66	2.00
66.02	4.00
66.04	4.00
66.06	4.00
66.08	4.00
66.1	0.00
66.12	4.00
66.14	4.00
66.16	6.00
66.18	2.00
66.2	8.00
66.22	8.00
66.24	2.00
66.26	6.00
66.28	2.00
66.3	6.00
66.32	4.00
66.34	4.00
66.36	2.00
66.38	4.00
66.4	6.00
66.42	6.00
66.44	4.00
66.46	4.00
66.48	6.00
66.5	4.00
66.52	8.00
66.54	6.00
66.56	4.00
66.58	2.00
66.6	2.00
66.62	2.00
66.64	2.00
66.66	6.00
66.68	2.00
66.7	2.00
66.72	2.00
66.74	2.00
66.76	2.00
66.78	4.00
66.8	0.00
66.82	2.00
66.84	2.00
66.86	4.00
66.88	2.00
66.9	4.00
66.92	0.00
66.94	2.00
66.96	2.00
66.98	2.00
67	2.00
67.02	4.00
67.04	2.00
67.06	0.00
67.08	6.00
67.1	6.00
67.12	2.00
67.14	2.00
67.16	6.00
67.18	4.00
67.2	2.00
67.22	2.00
67.24	2.00
67.26	6.00
67.28	6.00
67.3	4.00
67.32	4.00
67.34	4.00
67.36	10.00
67.38	8.00
67.4	4.00
67.42	4.00
67.44	8.00
67.46	4.00
67.48	14.00
67.5	12.00
67.52	10.00
67.54	12.00
67.56	12.00
67.58	6.00
67.6	14.00
67.62	2.00
67.64	10.00
67.66	4.00
67.68	12.00
67.7	10.00
67.72	6.00
67.74	10.00
67.76	10.00
67.78	10.00
67.8	6.00
67.82	8.00
67.84	6.00
67.86	6.00
67.88	6.00
67.9	4.00
67.92	8.00
67.94	6.00
67.96	2.00
67.98	2.00
68	0.00
68.02	6.00
68.04	4.00
68.06	4.00
68.08	4.00
68.1	4.00
68.12	4.00
68.14	2.00
68.16	2.00
68.18	2.00
68.2	4.00
68.22	0.00
68.24	4.00
68.26	0.00
68.28	2.00
68.3	2.00
68.32	0.00
68.34	0.00
68.36	0.00
68.38	4.00
68.4	0.00
68.42	4.00
68.44	4.00
68.46	0.00
68.48	2.00
68.5	0.00
68.52	2.00
68.54	4.00
68.56	0.00
68.58	6.00
68.6	2.00
68.62	2.00
68.64	0.00
68.66	4.00
68.68	4.00
68.7	2.00
68.72	2.00
68.74	6.00
68.76	2.00
68.78	6.00
68.8	10.00
68.82	4.00
68.84	8.00
68.86	8.00
68.88	10.00
68.9	16.00
68.92	22.00
68.94	16.00
68.96	20.00
68.98	22.00
69	26.00
69.02	26.00
69.04	24.00
69.06	18.00
69.08	16.00
69.1	22.00
69.12	30.00
69.14	22.00
69.16	20.00
69.18	16.00
69.2	20.00
69.22	26.00
69.24	12.00
69.26	12.00
69.28	16.00
69.3	14.00
69.32	12.00
69.34	4.00
69.36	6.00
69.38	12.00
69.4	4.00
69.42	6.00
69.44	8.00
69.46	8.00
69.48	4.00
69.5	2.00
69.52	2.00
69.54	4.00
69.56	2.00
69.58	2.00
69.6	4.00
69.62	4.00
69.64	8.00
69.66	10.00
69.68	8.00
69.7	8.00
69.72	8.00
69.74	10.00
69.76	14.00
69.78	6.00
69.8	6.00
69.82	12.00
69.84	12.00
69.86	10.00
69.88	12.00
69.9	14.00
69.92	14.00
69.94	18.00
69.96	10.00
69.98	14.00
70	14.00
70.02	10.00
70.04	8.00
70.06	8.00
70.08	4.00
70.1	10.00
70.12	8.00
70.14	4.00
70.16	6.00
70.18	2.00
70.2	8.00
70.22	4.00
70.24	2.00
70.26	2.00
70.28	4.00
70.3	6.00
70.32	0.00
70.34	2.00
70.36	6.00
70.38	2.00
70.4	4.00
70.42	0.00
70.44	2.00
70.46	4.00
70.48	4.00
70.5	2.00
70.52	2.00
70.54	0.00
70.56	0.00
70.58	4.00
70.6	0.00
70.62	0.00
70.64	2.00
70.66	2.00
70.68	2.00
70.7	0.00
70.72	2.00
70.74	2.00
70.76	4.00
70.78	2.00
70.8	2.00
70.82	2.00
70.84	2.00
70.86	2.00
70.88	0.00
70.9	2.00
70.92	2.00
70.94	2.00
70.96	6.00
70.98	0.00
71	2.00
71.02	0.00
71.04	0.00
71.06	2.00
71.08	0.00
71.1	4.00
71.12	0.00
71.14	0.00
71.16	2.00
71.18	0.00
71.2	0.00
71.22	4.00
71.24	0.00
71.26	2.00
71.28	0.00
71.3	2.00
71.32	2.00
71.34	2.00
71.36	0.00
71.38	2.00
71.4	2.00
71.42	0.00
71.44	0.00
71.46	0.00
71.48	2.00
71.5	2.00
71.52	6.00
71.54	0.00
71.56	2.00
71.58	2.00
71.6	0.00
71.62	2.00
71.64	2.00
71.66	0.00
71.68	0.00
71.7	2.00
71.72	0.00
71.74	4.00
71.76	0.00
71.78	4.00
71.8	0.00
71.82	0.00
71.84	2.00
71.86	0.00
71.88	0.00
71.9	2.00
71.92	4.00
71.94	0.00
71.96	4.00
71.98	2.00
72	2.00
72.02	2.00
72.04	2.00
72.06	2.00
72.08	2.00
72.1	2.00
72.12	0.00
72.14	10.00
72.16	4.00
72.18	2.00
72.2	4.00
72.22	2.00
72.24	2.00
72.26	4.00
72.28	8.00
72.3	6.00
72.32	4.00
72.34	4.00
72.36	6.00
72.38	2.00
72.4	4.00
72.42	2.00
72.44	2.00
72.46	6.00
72.48	2.00
72.5	2.00
72.52	0.00
72.54	4.00
72.56	6.00
72.58	2.00
72.6	6.00
72.62	4.00
72.64	2.00
72.66	2.00
72.68	2.00
72.7	0.00
72.72	0.00
72.74	6.00
72.76	2.00
72.78	0.00
72.8	0.00
72.82	4.00
72.84	0.00
72.86	2.00
72.88	2.00
72.9	4.00
72.92	2.00
72.94	2.00
72.96	0.00
72.98	0.00
73	4.00
73.02	2.00
73.04	0.00
73.06	0.00
73.08	0.00
73.1	0.00
73.12	2.00
73.14	2.00
73.16	2.00
73.18	0.00
73.2	2.00
73.22	0.00
73.24	2.00
73.26	0.00
73.28	2.00
73.3	0.00
73.32	2.00
73.34	2.00
73.36	2.00
73.38	6.00
73.4	2.00
73.42	4.00
73.44	2.00
73.46	0.00
73.48	0.00
73.5	2.00
73.52	2.00
73.54	2.00
73.56	6.00
73.58	4.00
73.6	2.00
73.62	4.00
73.64	2.00
73.66	0.00
73.68	2.00
73.7	0.00
73.72	6.00
73.74	2.00
73.76	0.00
73.78	2.00
73.8	2.00
73.82	2.00
73.84	0.00
73.86	4.00
73.88	2.00
73.9	0.00
73.92	0.00
73.94	2.00
73.96	0.00
73.98	2.00
74	2.00
74.02	4.00
74.04	4.00
74.06	0.00
74.08	4.00
74.1	2.00
74.12	2.00
74.14	4.00
74.16	0.00
74.18	0.00
74.2	4.00
74.22	6.00
74.24	0.00
74.26	4.00
74.28	2.00
74.3	2.00
74.32	2.00
74.34	2.00
74.36	2.00
74.38	2.00
74.4	4.00
74.42	0.00
74.44	0.00
74.46	0.00
74.48	0.00
74.5	2.00
74.52	2.00
74.54	0.00
74.56	2.00
74.58	2.00
74.6	2.00
74.62	0.00
74.64	0.00
74.66	2.00
74.68	2.00
74.7	0.00
74.72	2.00
74.74	0.00
74.76	2.00
74.78	2.00
74.8	0.00
74.82	2.00
74.84	0.00
74.86	2.00
74.88	2.00
74.9	2.00
74.92	0.00
74.94	2.00
74.96	0.00
74.98	0.00
75	2.00
75.02	0.00
75.04	6.00
75.06	2.00
75.08	4.00
75.1	0.00
75.12	0.00
75.14	2.00
75.16	2.00
75.18	2.00
75.2	2.00
75.22	2.00
75.24	4.00
75.26	2.00
75.28	0.00
75.3	2.00
75.32	0.00
75.34	4.00
75.36	0.00
75.38	2.00
75.4	0.00
75.42	4.00
75.44	2.00
75.46	4.00
75.48	0.00
75.5	2.00
75.52	0.00
75.54	2.00
75.56	0.00
75.58	2.00
75.6	0.00
75.62	6.00
75.64	2.00
75.66	2.00
75.68	4.00
75.7	2.00
75.72	0.00
75.74	2.00
75.76	2.00
75.78	2.00
75.8	8.00
75.82	4.00
75.84	6.00
75.86	0.00
75.88	2.00
75.9	4.00
75.92	4.00
75.94	0.00
75.96	4.00
75.98	2.00
76	4.00
76.02	4.00
76.04	6.00
76.06	4.00
76.08	2.00
76.1	2.00
76.12	2.00
76.14	0.00
76.16	2.00
76.18	2.00
76.2	2.00
76.22	4.00
76.24	2.00
76.26	2.00
76.28	4.00
76.3	4.00
76.32	8.00
76.34	2.00
76.36	0.00
76.38	2.00
76.4	2.00
76.42	2.00
76.44	2.00
76.46	0.00
76.48	6.00
76.5	4.00
76.52	6.00
76.54	2.00
76.56	4.00
76.58	6.00
76.6	4.00
76.62	4.00
76.64	2.00
76.66	2.00
76.68	6.00
76.7	6.00
76.72	2.00
76.74	2.00
76.76	2.00
76.78	0.00
76.8	4.00
76.82	6.00
76.84	2.00
76.86	2.00
76.88	4.00
76.9	0.00
76.92	4.00
76.94	0.00
76.96	2.00
76.98	0.00
77	0.00
77.02	2.00
77.04	4.00
77.06	0.00
77.08	4.00
77.1	0.00
77.12	0.00
77.14	2.00
77.16	2.00
77.18	2.00
77.2	2.00
77.22	0.00
77.24	4.00
77.26	2.00
77.28	4.00
77.3	0.00
77.32	2.00
77.34	2.00
77.36	2.00
77.38	0.00
77.4	0.00
77.42	4.00
77.44	0.00
77.46	2.00
77.48	2.00
77.5	4.00
77.52	2.00
77.54	0.00
77.56	2.00
77.58	0.00
77.6	0.00
77.62	6.00
77.64	4.00
77.66	6.00
77.68	4.00
77.7	2.00
77.72	2.00
77.74	4.00
77.76	4.00
77.78	2.00
77.8	4.00
77.82	4.00
77.84	4.00
77.86	6.00
77.88	2.00
77.9	6.00
77.92	12.00
77.94	8.00
77.96	10.00
77.98	2.00
78	6.00
78.02	8.00
78.04	8.00
78.06	2.00
78.08	4.00
78.1	2.00
78.12	2.00
78.14	2.00
78.16	0.00
78.18	6.00
78.2	2.00
78.22	4.00
78.24	4.00
78.26	0.00
78.28	4.00
78.3	0.00
78.32	2.00
78.34	4.00
78.36	0.00
78.38	2.00
78.4	2.00
78.42	2.00
78.44	0.00
78.46	4.00
78.48	0.00
78.5	2.00
78.52	4.00
78.54	0.00
78.56	2.00
78.58	2.00
78.6	0.00
78.62	0.00
78.64	2.00
78.66	2.00
78.68	0.00
78.7	4.00
78.72	2.00
78.74	0.00
78.76	2.00
78.78	0.00
78.8	4.00
78.82	2.00
78.84	0.00
78.86	0.00
78.88	2.00
78.9	2.00
78.92	2.00
78.94	2.00
78.96	2.00
78.98	2.00
79	0.00
79.02	2.00
79.04	0.00
79.06	2.00
79.08	2.00
79.1	2.00
79.12	0.00
79.14	2.00
79.16	2.00
79.18	4.00
79.2	2.00
79.22	2.00
79.24	2.00
79.26	0.00
79.28	2.00
79.3	2.00
79.32	2.00
79.34	2.00
79.36	0.00
79.38	4.00
79.4	0.00
79.42	2.00
79.44	6.00
79.46	0.00
79.48	2.00
79.5	2.00
79.52	0.00
79.54	0.00
79.56	6.00
79.58	0.00
79.6	2.00
79.62	2.00
79.64	2.00
79.66	2.00
79.68	6.00
79.7	2.00
79.72	0.00
79.74	2.00
79.76	4.00
79.78	2.00
79.8	4.00
79.82	2.00
79.84	6.00
79.86	6.00
79.88	2.00
79.9	6.00
79.92	4.00
79.94	2.00
79.96	2.00
79.98	4.00
80	6.00
