test
Wavelength = 1.54059
10	6.00
10.02	8.00
10.04	8.00
10.06	4.00
10.08	10.00
10.1	12.00
10.12	6.00
10.14	6.00
10.16	4.00
10.18	6.00
10.2	12.00
10.22	4.00
10.24	4.00
10.26	6.00
10.28	12.00
10.3	8.00
10.32	2.00
10.34	10.00
10.36	6.00
10.38	4.00
10.4	4.00
10.42	4.00
10.44	12.00
10.46	4.00
10.48	12.00
10.5	8.00
10.52	4.00
10.54	8.00
10.56	4.00
10.58	6.00
10.6	8.00
10.62	12.00
10.64	2.00
10.66	8.00
10.68	6.00
10.7	4.00
10.72	6.00
10.74	4.00
10.76	6.00
10.78	10.00
10.8	10.00
10.82	6.00
10.84	6.00
10.86	4.00
10.88	2.00
10.9	4.00
10.92	6.00
10.94	8.00
10.96	2.00
10.98	8.00
11	4.00
11.02	8.00
11.04	4.00
11.06	8.00
11.08	12.00
11.1	6.00
11.12	10.00
11.14	8.00
11.16	4.00
11.18	12.00
11.2	4.00
11.22	2.00
11.24	6.00
11.26	8.00
11.28	4.00
11.3	6.00
11.32	4.00
11.34	2.00
11.36	2.00
11.38	6.00
11.4	6.00
11.42	6.00
11.44	4.00
11.46	4.00
11.48	8.00
11.5	4.00
11.52	6.00
11.54	8.00
11.56	8.00
11.58	2.00
11.6	4.00
11.62	6.00
11.64	4.00
11.66	8.00
11.68	10.00
11.7	8.00
11.72	4.00
11.74	6.00
11.76	6.00
11.78	6.00
11.8	12.00
11.82	2.00
11.84	4.00
11.86	4.00
11.88	10.00
11.9	4.00
11.92	2.00
11.94	4.00
11.96	4.00
11.98	2.00
12	8.00
12.02	0.00
12.04	6.00
12.06	2.00
12.08	4.00
12.1	2.00
12.12	8.00
12.14	4.00
12.16	10.00
12.18	2.00
12.2	4.00
12.22	4.00
12.24	2.00
12.26	6.00
12.28	2.00
12.3	4.00
12.32	8.00
12.34	4.00
12.36	4.00
12.38	4.00
12.4	6.00
12.42	10.00
12.44	4.00
12.46	10.00
12.48	4.00
12.5	6.00
12.52	6.00
12.54	6.00
12.56	4.00
12.58	2.00
12.6	4.00
12.62	10.00
12.64	4.00
12.66	2.00
12.68	2.00
12.7	6.00
12.72	2.00
12.74	4.00
12.76	4.00
12.78	6.00
12.8	4.00
12.82	4.00
12.84	6.00
12.86	4.00
12.88	6.00
12.9	8.00
12.92	2.00
12.94	6.00
12.96	2.00
12.98	4.00
13	2.00
13.02	6.00
13.04	4.00
13.06	2.00
13.08	6.00
13.1	4.00
13.12	4.00
13.14	4.00
13.16	6.00
13.18	6.00
13.2	4.00
13.22	2.00
13.24	4.00
13.26	2.00
13.28	4.00
13.3	8.00
13.32	2.00
13.34	8.00
13.36	2.00
13.38	6.00
13.4	2.00
13.42	0.00
13.44	2.00
13.46	6.00
13.48	4.00
13.5	0.00
13.52	4.00
13.54	8.00
13.56	4.00
13.58	4.00
13.6	4.00
13.62	6.00
13.64	2.00
13.66	6.00
13.68	6.00
13.7	4.00
13.72	2.00
13.74	0.00
13.76	4.00
13.78	10.00
13.8	4.00
13.82	0.00
13.84	2.00
13.86	6.00
13.88	4.00
13.9	4.00
13.92	4.00
13.94	6.00
13.96	6.00
13.98	4.00
14	4.00
14.02	6.00
14.04	2.00
14.06	2.00
14.08	0.00
14.1	8.00
14.12	6.00
14.14	2.00
14.16	2.00
14.18	6.00
14.2	2.00
14.22	8.00
14.24	4.00
14.26	4.00
14.28	2.00
14.3	2.00
14.32	2.00
14.34	2.00
14.36	2.00
14.38	2.00
14.4	8.00
14.42	2.00
14.44	2.00
14.46	4.00
14.48	2.00
14.5	4.00
14.52	2.00
14.54	4.00
14.56	4.00
14.58	4.00
14.6	4.00
14.62	4.00
14.64	4.00
14.66	2.00
14.68	4.00
14.7	6.00
14.72	2.00
14.74	4.00
14.76	4.00
14.78	4.00
14.8	2.00
14.82	4.00
14.84	2.00
14.86	2.00
14.88	2.00
14.9	4.00
14.92	6.00
14.94	4.00
14.96	4.00
14.98	0.00
15	2.00
15.02	2.00
15.04	0.00
15.06	4.00
15.08	4.00
15.1	2.00
15.12	6.00
15.14	2.00
15.16	0.00
15.18	4.00
15.2	2.00
15.22	4.00
15.24	4.00
15.26	6.00
15.28	4.00
15.3	0.00
15.32	6.00
15.34	2.00
15.36	4.00
15.38	4.00
15.4	2.00
15.42	2.00
15.44	4.00
15.46	2.00
15.48	4.00
15.5	2.00
15.52	6.00
15.54	2.00
15.56	2.00
15.58	4.00
15.6	8.00
15.62	6.00
15.64	6.00
15.66	2.00
15.68	4.00
15.7	2.00
15.72	2.00
15.74	2.00
15.76	2.00
15.78	4.00
15.8	2.00
15.82	4.00
15.84	2.00
15.86	4.00
15.88	2.00
15.9	4.00
15.92	0.00
15.94	4.00
15.96	4.00
15.98	2.00
16	4.00
16.02	4.00
16.04	4.00
16.06	4.00
16.08	6.00
16.1	6.00
16.12	2.00
16.14	2.00
16.16	2.00
16.18	0.00
16.2	0.00
16.22	2.00
16.24	2.00
16.26	4.00
16.28	2.00
16.3	4.00
16.32	4.00
16.34	4.00
16.36	8.00
16.38	2.00
16.4	6.00
16.42	10.00
16.44	6.00
16.46	2.00
16.48	2.00
16.5	2.00
16.52	4.00
16.54	2.00
16.56	6.00
16.58	2.00
16.6	6.00
16.62	0.00
16.64	4.00
16.66	2.00
16.68	4.00
16.7	4.00
16.72	2.00
16.74	4.00
16.76	4.00
16.78	4.00
16.8	2.00
16.82	0.00
16.84	6.00
16.86	4.00
16.88	2.00
16.9	6.00
16.92	8.00
16.94	2.00
16.96	2.00
16.98	4.00
17	0.00
17.02	2.00
17.04	4.00
17.06	6.00
17.08	2.00
17.1	2.00
17.12	2.00
17.14	2.00
17.16	2.00
17.18	0.00
17.2	4.00
17.22	2.00
17.24	2.00
17.26	0.00
17.28	4.00
17.3	2.00
17.32	2.00
17.34	2.00
17.36	4.00
17.38	2.00
17.4	2.00
17.42	4.00
17.44	2.00
17.46	4.00
17.48	2.00
17.5	0.00
17.52	2.00
17.54	0.00
17.56	0.00
17.58	2.00
17.6	4.00
17.62	4.00
17.64	6.00
17.66	2.00
17.68	0.00
17.7	4.00
17.72	2.00
17.74	2.00
17.76	2.00
17.78	2.00
17.8	4.00
17.82	2.00
17.84	2.00
17.86	2.00
17.88	0.00
17.9	4.00
17.92	4.00
17.94	2.00
17.96	2.00
17.98	2.00
18	6.00
18.02	2.00
18.04	2.00
18.06	2.00
18.08	4.00
18.1	2.00
18.12	6.00
18.14	2.00
18.16	2.00
18.18	2.00
18.2	2.00
18.22	2.00
18.24	2.00
18.26	2.00
18.28	2.00
18.3	2.00
18.32	2.00
18.34	2.00
18.36	4.00
18.38	4.00
18.4	2.00
18.42	2.00
18.44	0.00
18.46	4.00
18.48	4.00
18.5	2.00
18.52	4.00
18.54	4.00
18.56	6.00
18.58	0.00
18.6	2.00
18.62	0.00
18.64	4.00
18.66	0.00
18.68	6.00
18.7	2.00
18.72	4.00
18.74	2.00
18.76	4.00
18.78	4.00
18.8	2.00
18.82	2.00
18.84	2.00
18.86	8.00
18.88	0.00
18.9	2.00
18.92	0.00
18.94	4.00
18.96	2.00
18.98	0.00
19	0.00
19.02	4.00
19.04	0.00
19.06	2.00
19.08	2.00
19.1	2.00
19.12	2.00
19.14	2.00
19.16	0.00
19.18	0.00
19.2	2.00
19.22	2.00
19.24	0.00
19.26	2.00
19.28	0.00
19.3	0.00
19.32	4.00
19.34	2.00
19.36	4.00
19.38	6.00
19.4	4.00
19.42	2.00
19.44	2.00
19.46	2.00
19.48	4.00
19.5	2.00
19.52	2.00
19.54	6.00
19.56	4.00
19.58	4.00
19.6	2.00
19.62	4.00
19.64	0.00
19.66	2.00
19.68	2.00
19.7	4.00
19.72	0.00
19.74	6.00
19.76	0.00
19.78	2.00
19.8	0.00
19.82	2.00
19.84	2.00
19.86	2.00
19.88	2.00
19.9	2.00
19.92	2.00
19.94	2.00
19.96	2.00
19.98	2.00
20	2.00
20.02	4.00
20.04	2.00
20.06	0.00
20.08	0.00
20.1	0.00
20.12	2.00
20.14	0.00
20.16	2.00
20.18	0.00
20.2	2.00
20.22	2.00
20.24	0.00
20.26	2.00
20.28	4.00
20.3	2.00
20.32	0.00
20.34	4.00
20.36	2.00
20.38	0.00
20.4	0.00
20.42	4.00
20.44	0.00
20.46	4.00
20.48	2.00
20.5	2.00
20.52	4.00
20.54	2.00
20.56	4.00
20.58	0.00
20.6	0.00
20.62	4.00
20.64	2.00
20.66	6.00
20.68	2.00
20.7	4.00
20.72	0.00
20.74	4.00
20.76	4.00
20.78	0.00
20.8	2.00
20.82	0.00
20.84	2.00
20.86	0.00
20.88	2.00
20.9	2.00
20.92	0.00
20.94	0.00
20.96	4.00
20.98	0.00
21	2.00
21.02	4.00
21.04	2.00
21.06	2.00
21.08	4.00
21.1	0.00
21.12	4.00
21.14	2.00
21.16	0.00
21.18	2.00
21.2	2.00
21.22	4.00
21.24	0.00
21.26	2.00
21.28	2.00
21.3	2.00
21.32	2.00
21.34	4.00
21.36	2.00
21.38	2.00
21.4	0.00
21.42	2.00
21.44	2.00
21.46	0.00
21.48	4.00
21.5	0.00
21.52	2.00
21.54	2.00
21.56	0.00
21.58	6.00
21.6	2.00
21.62	2.00
21.64	2.00
21.66	2.00
21.68	2.00
21.7	0.00
21.72	8.00
21.74	2.00
21.76	0.00
21.78	4.00
21.8	2.00
21.82	0.00
21.84	2.00
21.86	0.00
21.88	2.00
21.9	0.00
21.92	2.00
21.94	2.00
21.96	4.00
21.98	2.00
22	0.00
22.02	2.00
22.04	2.00
22.06	2.00
22.08	4.00
22.1	0.00
22.12	2.00
22.14	2.00
22.16	2.00
22.18	2.00
22.2	2.00
22.22	0.00
22.24	0.00
22.26	2.00
22.28	2.00
22.3	0.00
22.32	0.00
22.34	4.00
22.36	4.00
22.38	2.00
22.4	4.00
22.42	2.00
22.44	0.00
22.46	0.00
22.48	4.00
22.5	0.00
22.52	2.00
22.54	2.00
22.56	2.00
22.58	4.00
22.6	4.00
22.62	0.00
22.64	2.00
22.66	4.00
22.68	4.00
22.7	4.00
22.72	2.00
22.74	0.00
22.76	4.00
22.78	2.00
22.8	2.00
22.82	2.00
22.84	4.00
22.86	2.00
22.88	2.00
22.9	0.00
22.92	2.00
22.94	0.00
22.96	0.00
22.98	2.00
23	4.00
23.02	0.00
23.04	2.00
23.06	2.00
23.08	4.00
23.1	2.00
23.12	2.00
23.14	2.00
23.16	4.00
23.18	0.00
23.2	0.00
23.22	2.00
23.24	4.00
23.26	2.00
23.28	4.00
23.3	4.00
23.32	0.00
23.34	4.00
23.36	2.00
23.38	0.00
23.4	2.00
23.42	0.00
23.44	2.00
23.46	0.00
23.48	2.00
23.5	2.00
23.52	4.00
23.54	2.00
23.56	2.00
23.58	4.00
23.6	2.00
23.62	0.00
23.64	6.00
23.66	4.00
23.68	2.00
23.7	4.00
23.72	0.00
23.74	4.00
23.76	0.00
23.78	4.00
23.8	4.00
23.82	2.00
23.84	4.00
23.86	2.00
23.88	2.00
23.9	6.00
23.92	4.00
23.94	0.00
23.96	2.00
23.98	0.00
24	2.00
24.02	2.00
24.04	4.00
24.06	2.00
24.08	2.00
24.1	2.00
24.12	2.00
24.14	4.00
24.16	0.00
24.18	2.00
24.2	2.00
24.22	2.00
24.24	2.00
24.26	4.00
24.28	2.00
24.3	2.00
24.32	4.00
24.34	6.00
24.36	2.00
24.38	2.00
24.4	2.00
24.42	2.00
24.44	2.00
24.46	2.00
24.48	2.00
24.5	6.00
24.52	4.00
24.54	12.00
24.56	6.00
24.58	4.00
24.6	4.00
24.62	10.00
24.64	4.00
24.66	6.00
24.68	6.00
24.7	8.00
24.72	4.00
24.74	0.00
24.76	6.00
24.78	8.00
24.8	2.00
24.82	6.00
24.84	6.00
24.86	8.00
24.88	12.00
24.9	14.00
24.92	8.00
24.94	18.00
24.96	18.00
24.98	30.00
25	24.00
25.02	34.00
25.04	34.00
25.06	48.00
25.08	42.00
25.1	54.00
25.12	60.00
25.14	86.00
25.16	102.00
25.18	116.00
25.2	144.00
25.22	152.00
25.24	174.00
25.26	198.00
25.28	230.00
25.3	216.00
25.32	260.00
25.34	266.00
25.36	260.00
25.38	248.00
25.4	270.00
25.42	268.00
25.44	278.00
25.46	240.00
25.48	198.00
25.5	198.00
25.52	212.00
25.54	176.00
25.56	154.00
25.58	140.00
25.6	100.00
25.62	82.00
25.64	54.00
25.66	56.00
25.68	42.00
25.7	32.00
25.72	24.00
25.74	26.00
25.76	14.00
25.78	14.00
25.8	14.00
25.82	10.00
25.84	14.00
25.86	10.00
25.88	6.00
25.9	8.00
25.92	6.00
25.94	4.00
25.96	2.00
25.98	2.00
26	4.00
26.02	4.00
26.04	4.00
26.06	2.00
26.08	2.00
26.1	4.00
26.12	4.00
26.14	4.00
26.16	2.00
26.18	4.00
26.2	4.00
26.22	2.00
26.24	4.00
26.26	6.00
26.28	2.00
26.3	6.00
26.32	4.00
26.34	4.00
26.36	0.00
26.38	4.00
26.4	0.00
26.42	2.00
26.44	6.00
26.46	2.00
26.48	2.00
26.5	0.00
26.52	4.00
26.54	0.00
26.56	4.00
26.58	8.00
26.6	2.00
26.62	2.00
26.64	2.00
26.66	2.00
26.68	2.00
26.7	2.00
26.72	0.00
26.74	0.00
26.76	4.00
26.78	0.00
26.8	2.00
26.82	0.00
26.84	0.00
26.86	2.00
26.88	2.00
26.9	2.00
26.92	2.00
26.94	2.00
26.96	2.00
26.98	2.00
27	4.00
27.02	4.00
27.04	4.00
27.06	0.00
27.08	2.00
27.1	4.00
27.12	2.00
27.14	0.00
27.16	2.00
27.18	2.00
27.2	2.00
27.22	4.00
27.24	0.00
27.26	6.00
27.28	4.00
27.3	4.00
27.32	8.00
27.34	2.00
27.36	2.00
27.38	8.00
27.4	8.00
27.42	10.00
27.44	16.00
27.46	14.00
27.48	12.00
27.5	14.00
27.52	10.00
27.54	12.00
27.56	4.00
27.58	6.00
27.6	6.00
27.62	14.00
27.64	10.00
27.66	8.00
27.68	8.00
27.7	6.00
27.72	10.00
27.74	8.00
27.76	6.00
27.78	2.00
27.8	2.00
27.82	2.00
27.84	2.00
27.86	0.00
27.88	2.00
27.9	4.00
27.92	0.00
27.94	0.00
27.96	4.00
27.98	2.00
28	0.00
28.02	2.00
28.04	2.00
28.06	2.00
28.08	2.00
28.1	2.00
28.12	0.00
28.14	2.00
28.16	2.00
28.18	0.00
28.2	2.00
28.22	0.00
28.24	2.00
28.26	2.00
28.28	2.00
28.3	0.00
28.32	2.00
28.34	2.00
28.36	2.00
28.38	4.00
28.4	0.00
28.42	2.00
28.44	2.00
28.46	2.00
28.48	4.00
28.5	2.00
28.52	2.00
28.54	2.00
28.56	0.00
28.58	2.00
28.6	2.00
28.62	0.00
28.64	2.00
28.66	4.00
28.68	4.00
28.7	0.00
28.72	0.00
28.74	0.00
28.76	0.00
28.78	2.00
28.8	2.00
28.82	2.00
28.84	0.00
28.86	0.00
28.88	2.00
28.9	0.00
28.92	0.00
28.94	2.00
28.96	2.00
28.98	2.00
29	0.00
29.02	2.00
29.04	2.00
29.06	2.00
29.08	0.00
29.1	2.00
29.12	2.00
29.14	2.00
29.16	4.00
29.18	0.00
29.2	4.00
29.22	0.00
29.24	2.00
29.26	2.00
29.28	2.00
29.3	2.00
29.32	2.00
29.34	0.00
29.36	0.00
29.38	4.00
29.4	2.00
29.42	4.00
29.44	2.00
29.46	0.00
29.48	2.00
29.5	0.00
29.52	0.00
29.54	2.00
29.56	2.00
29.58	0.00
29.6	2.00
29.62	0.00
29.64	0.00
29.66	0.00
29.68	2.00
29.7	0.00
29.72	2.00
29.74	2.00
29.76	2.00
29.78	4.00
29.8	2.00
29.82	0.00
29.84	2.00
29.86	4.00
29.88	0.00
29.9	0.00
29.92	2.00
29.94	2.00
29.96	4.00
29.98	2.00
30	0.00
30.02	2.00
30.04	0.00
30.06	0.00
30.08	2.00
30.1	2.00
30.12	2.00
30.14	4.00
30.16	2.00
30.18	4.00
30.2	4.00
30.22	4.00
30.24	0.00
30.26	2.00
30.28	0.00
30.3	4.00
30.32	0.00
30.34	2.00
30.36	2.00
30.38	2.00
30.4	2.00
30.42	0.00
30.44	4.00
30.46	0.00
30.48	2.00
30.5	2.00
30.52	0.00
30.54	4.00
30.56	0.00
30.58	0.00
30.6	2.00
30.62	2.00
30.64	0.00
30.66	2.00
30.68	2.00
30.7	0.00
30.72	0.00
30.74	0.00
30.76	2.00
30.78	0.00
30.8	2.00
30.82	0.00
30.84	0.00
30.86	4.00
30.88	0.00
30.9	2.00
30.92	2.00
30.94	2.00
30.96	4.00
30.98	0.00
31	2.00
31.02	2.00
31.04	2.00
31.06	2.00
31.08	0.00
31.1	2.00
31.12	0.00
31.14	0.00
31.16	4.00
31.18	0.00
31.2	0.00
31.22	2.00
31.24	2.00
31.26	0.00
31.28	2.00
31.3	2.00
31.32	0.00
31.34	0.00
31.36	2.00
31.38	0.00
31.4	0.00
31.42	2.00
31.44	2.00
31.46	2.00
31.48	0.00
31.5	2.00
31.52	2.00
31.54	2.00
31.56	0.00
31.58	0.00
31.6	2.00
31.62	0.00
31.64	2.00
31.66	2.00
31.68	2.00
31.7	0.00
31.72	4.00
31.74	2.00
31.76	2.00
31.78	0.00
31.8	0.00
31.82	2.00
31.84	0.00
31.86	0.00
31.88	2.00
31.9	2.00
31.92	0.00
31.94	0.00
31.96	2.00
31.98	2.00
32	0.00
32.02	2.00
32.04	0.00
32.06	2.00
32.08	0.00
32.1	2.00
32.12	0.00
32.14	0.00
32.16	0.00
32.18	2.00
32.2	2.00
32.22	0.00
32.24	2.00
32.26	0.00
32.28	2.00
32.3	2.00
32.32	0.00
32.34	2.00
32.36	0.00
32.38	2.00
32.4	0.00
32.42	0.00
32.44	0.00
32.46	2.00
32.48	0.00
32.5	2.00
32.52	2.00
32.54	2.00
32.56	2.00
32.58	2.00
32.6	2.00
32.62	0.00
32.64	2.00
32.66	2.00
32.68	0.00
32.7	0.00
32.72	0.00
32.74	2.00
32.76	2.00
32.78	0.00
32.8	2.00
32.82	0.00
32.84	2.00
32.86	2.00
32.88	0.00
32.9	2.00
32.92	0.00
32.94	2.00
32.96	2.00
32.98	0.00
33	0.00
33.02	2.00
33.04	0.00
33.06	0.00
33.08	2.00
33.1	2.00
33.12	0.00
33.14	2.00
33.16	0.00
33.18	2.00
33.2	0.00
33.22	2.00
33.24	4.00
33.26	0.00
33.28	0.00
33.3	2.00
33.32	0.00
33.34	2.00
33.36	0.00
33.38	2.00
33.4	0.00
33.42	0.00
33.44	0.00
33.46	2.00
33.48	0.00
33.5	0.00
33.52	4.00
33.54	0.00
33.56	2.00
33.58	0.00
33.6	2.00
33.62	0.00
33.64	2.00
33.66	0.00
33.68	0.00
33.7	0.00
33.72	0.00
33.74	2.00
33.76	0.00
33.78	0.00
33.8	2.00
33.82	2.00
33.84	2.00
33.86	2.00
33.88	0.00
33.9	0.00
33.92	2.00
33.94	2.00
33.96	2.00
33.98	0.00
34	2.00
34.02	2.00
34.04	0.00
34.06	0.00
34.08	2.00
34.1	0.00
34.12	2.00
34.14	0.00
34.16	2.00
34.18	0.00
34.2	2.00
34.22	0.00
34.24	0.00
34.26	2.00
34.28	0.00
34.3	2.00
34.32	4.00
34.34	0.00
34.36	0.00
34.38	2.00
34.4	0.00
34.42	0.00
34.44	0.00
34.46	2.00
34.48	2.00
34.5	0.00
34.52	2.00
34.54	2.00
34.56	2.00
34.58	2.00
34.6	0.00
34.62	2.00
34.64	2.00
34.66	2.00
34.68	0.00
34.7	2.00
34.72	4.00
34.74	0.00
34.76	2.00
34.78	0.00
34.8	0.00
34.82	2.00
34.84	2.00
34.86	0.00
34.88	0.00
34.9	2.00
34.92	0.00
34.94	0.00
34.96	0.00
34.98	2.00
35	2.00
35.02	2.00
35.04	2.00
35.06	0.00
35.08	0.00
35.1	4.00
35.12	0.00
35.14	0.00
35.16	0.00
35.18	0.00
35.2	2.00
35.22	0.00
35.24	2.00
35.26	0.00
35.28	0.00
35.3	0.00
35.32	2.00
35.34	0.00
35.36	0.00
35.38	2.00
35.4	2.00
35.42	0.00
35.44	2.00
35.46	2.00
35.48	0.00
35.5	0.00
35.52	2.00
35.54	2.00
35.56	0.00
35.58	0.00
35.6	2.00
35.62	2.00
35.64	2.00
35.66	0.00
35.68	0.00
35.7	2.00
35.72	4.00
35.74	0.00
35.76	0.00
35.78	0.00
35.8	4.00
35.82	0.00
35.84	2.00
35.86	0.00
35.88	2.00
35.9	6.00
35.92	4.00
35.94	2.00
35.96	2.00
35.98	4.00
36	4.00
36.02	6.00
36.04	8.00
36.06	2.00
36.08	4.00
36.1	8.00
36.12	8.00
36.14	8.00
36.16	8.00
36.18	8.00
36.2	4.00
36.22	10.00
36.24	2.00
36.26	2.00
36.28	6.00
36.3	4.00
36.32	6.00
36.34	6.00
36.36	2.00
36.38	4.00
36.4	0.00
36.42	6.00
36.44	2.00
36.46	2.00
36.48	0.00
36.5	0.00
36.52	2.00
36.54	0.00
36.56	0.00
36.58	2.00
36.6	0.00
36.62	4.00
36.64	0.00
36.66	0.00
36.68	2.00
36.7	0.00
36.72	2.00
36.74	4.00
36.76	4.00
36.78	8.00
36.8	8.00
36.82	6.00
36.84	8.00
36.86	12.00
36.88	6.00
36.9	12.00
36.92	14.00
36.94	16.00
36.96	12.00
36.98	10.00
37	18.00
37.02	14.00
37.04	18.00
37.06	16.00
37.08	18.00
37.1	20.00
37.12	14.00
37.14	16.00
37.16	16.00
37.18	12.00
37.2	6.00
37.22	14.00
37.24	8.00
37.26	16.00
37.28	8.00
37.3	4.00
37.32	4.00
37.34	4.00
37.36	6.00
37.38	2.00
37.4	4.00
37.42	4.00
37.44	0.00
37.46	2.00
37.48	8.00
37.5	4.00
37.52	10.00
37.54	6.00
37.56	4.00
37.58	8.00
37.6	14.00
37.62	12.00
37.64	16.00
37.66	26.00
37.68	12.00
37.7	26.00
37.72	32.00
37.74	34.00
37.76	34.00
37.78	44.00
37.8	60.00
37.82	56.00
37.84	64.00
37.86	56.00
37.88	60.00
37.9	48.00
37.92	60.00
37.94	54.00
37.96	72.00
37.98	58.00
38	50.00
38.02	34.00
38.04	44.00
38.06	30.00
38.08	30.00
38.1	32.00
38.12	16.00
38.14	16.00
38.16	14.00
38.18	14.00
38.2	14.00
38.22	14.00
38.24	12.00
38.26	12.00
38.28	4.00
38.3	8.00
38.32	8.00
38.34	4.00
38.36	8.00
38.38	4.00
38.4	4.00
38.42	14.00
38.44	4.00
38.46	6.00
38.48	8.00
38.5	14.00
38.52	12.00
38.54	10.00
38.56	18.00
38.58	20.00
38.6	22.00
38.62	16.00
38.64	18.00
38.66	20.00
38.68	18.00
38.7	14.00
38.72	16.00
38.74	24.00
38.76	12.00
38.78	16.00
38.8	12.00
38.82	16.00
38.84	10.00
38.86	8.00
38.88	8.00
38.9	10.00
38.92	4.00
38.94	4.00
38.96	4.00
38.98	4.00
39	2.00
39.02	8.00
39.04	4.00
39.06	2.00
39.08	2.00
39.1	0.00
39.12	4.00
39.14	2.00
39.16	0.00
39.18	4.00
39.2	4.00
39.22	2.00
39.24	0.00
39.26	0.00
39.28	0.00
39.3	4.00
39.32	2.00
39.34	2.00
39.36	0.00
39.38	0.00
39.4	2.00
39.42	0.00
39.44	4.00
39.46	0.00
39.48	2.00
39.5	2.00
39.52	0.00
39.54	2.00
39.56	2.00
39.58	2.00
39.6	2.00
39.62	2.00
39.64	0.00
39.66	2.00
39.68	0.00
39.7	2.00
39.72	0.00
39.74	2.00
39.76	0.00
39.78	0.00
39.8	0.00
39.82	0.00
39.84	4.00
39.86	0.00
39.88	2.00
39.9	0.00
39.92	2.00
39.94	0.00
39.96	2.00
39.98	2.00
40	0.00
40.02	0.00
40.04	0.00
40.06	2.00
40.08	0.00
40.1	4.00
40.12	2.00
40.14	0.00
40.16	0.00
40.18	2.00
40.2	0.00
40.22	0.00
40.24	2.00
40.26	2.00
40.28	2.00
40.3	2.00
40.32	0.00
40.34	0.00
40.36	4.00
40.38	2.00
40.4	4.00
40.42	2.00
40.44	0.00
40.46	0.00
40.48	0.00
40.5	0.00
40.52	0.00
40.54	2.00
40.56	0.00
40.58	0.00
40.6	2.00
40.62	2.00
40.64	0.00
40.66	0.00
40.68	4.00
40.7	2.00
40.72	0.00
40.74	0.00
40.76	2.00
40.78	0.00
40.8	2.00
40.82	0.00
40.84	0.00
40.86	0.00
40.88	2.00
40.9	0.00
40.92	0.00
40.94	2.00
40.96	0.00
40.98	2.00
41	2.00
41.02	0.00
41.04	2.00
41.06	2.00
41.08	2.00
41.1	2.00
41.12	0.00
41.14	2.00
41.16	0.00
41.18	2.00
41.2	0.00
41.22	2.00
41.24	0.00
41.26	2.00
41.28	2.00
41.3	6.00
41.32	2.00
41.34	8.00
41.36	2.00
41.38	2.00
41.4	0.00
41.42	2.00
41.44	4.00
41.46	2.00
41.48	4.00
41.5	2.00
41.52	2.00
41.54	2.00
41.56	4.00
41.58	0.00
41.6	2.00
41.62	0.00
41.64	0.00
41.66	0.00
41.68	4.00
41.7	0.00
41.72	2.00
41.74	4.00
41.76	0.00
41.78	2.00
41.8	0.00
41.82	0.00
41.84	0.00
41.86	2.00
41.88	2.00
41.9	2.00
41.92	0.00
41.94	2.00
41.96	0.00
41.98	2.00
42	0.00
42.02	0.00
42.04	0.00
42.06	2.00
42.08	0.00
42.1	0.00
42.12	0.00
42.14	2.00
42.16	0.00
42.18	0.00
42.2	2.00
42.22	0.00
42.24	0.00
42.26	0.00
42.28	0.00
42.3	2.00
42.32	0.00
42.34	0.00
42.36	0.00
42.38	0.00
42.4	2.00
42.42	2.00
42.44	2.00
42.46	0.00
42.48	2.00
42.5	0.00
42.52	0.00
42.54	0.00
42.56	2.00
42.58	2.00
42.6	0.00
42.62	0.00
42.64	2.00
42.66	0.00
42.68	2.00
42.7	2.00
42.72	0.00
42.74	0.00
42.76	2.00
42.78	0.00
42.8	2.00
42.82	0.00
42.84	0.00
42.86	2.00
42.88	0.00
42.9	0.00
42.92	2.00
42.94	0.00
42.96	0.00
42.98	2.00
43	4.00
43.02	0.00
43.04	2.00
43.06	0.00
43.08	2.00
43.1	0.00
43.12	2.00
43.14	0.00
43.16	0.00
43.18	2.00
43.2	4.00
43.22	0.00
43.24	0.00
43.26	0.00
43.28	0.00
43.3	4.00
43.32	2.00
43.34	0.00
43.36	0.00
43.38	2.00
43.4	2.00
43.42	0.00
43.44	2.00
43.46	0.00
43.48	0.00
43.5	0.00
43.52	4.00
43.54	2.00
43.56	0.00
43.58	0.00
43.6	2.00
43.62	0.00
43.64	0.00
43.66	0.00
43.68	0.00
43.7	2.00
43.72	4.00
43.74	2.00
43.76	0.00
43.78	0.00
43.8	2.00
43.82	0.00
43.84	2.00
43.86	0.00
43.88	0.00
43.9	2.00
43.92	2.00
43.94	2.00
43.96	4.00
43.98	2.00
44	0.00
44.02	2.00
44.04	2.00
44.06	2.00
44.08	0.00
44.1	2.00
44.12	0.00
44.14	0.00
44.16	0.00
44.18	2.00
44.2	0.00
44.22	4.00
44.24	0.00
44.26	2.00
44.28	0.00
44.3	0.00
44.32	0.00
44.34	0.00
44.36	2.00
44.38	2.00
44.4	0.00
44.42	0.00
44.44	0.00
44.46	2.00
44.48	2.00
44.5	4.00
44.52	0.00
44.54	4.00
44.56	0.00
44.58	2.00
44.6	0.00
44.62	2.00
44.64	0.00
44.66	2.00
44.68	0.00
44.7	0.00
44.72	2.00
44.74	0.00
44.76	2.00
44.78	0.00
44.8	0.00
44.82	2.00
44.84	2.00
44.86	2.00
44.88	0.00
44.9	2.00
44.92	0.00
44.94	0.00
44.96	2.00
44.98	2.00
45	0.00
45.02	2.00
45.04	2.00
45.06	0.00
45.08	0.00
45.1	2.00
45.12	2.00
45.14	0.00
45.16	0.00
45.18	2.00
45.2	0.00
45.22	2.00
45.24	2.00
45.26	0.00
45.28	2.00
45.3	0.00
45.32	2.00
45.34	0.00
45.36	0.00
45.38	0.00
45.4	0.00
45.42	2.00
45.44	0.00
45.46	0.00
45.48	0.00
45.5	4.00
45.52	0.00
45.54	0.00
45.56	2.00
45.58	0.00
45.6	2.00
45.62	0.00
45.64	0.00
45.66	0.00
45.68	2.00
45.7	2.00
45.72	0.00
45.74	0.00
45.76	2.00
45.78	2.00
45.8	2.00
45.82	2.00
45.84	0.00
45.86	2.00
45.88	2.00
45.9	0.00
45.92	0.00
45.94	4.00
45.96	0.00
45.98	2.00
46	4.00
46.02	0.00
46.04	0.00
46.06	2.00
46.08	0.00
46.1	0.00
46.12	0.00
46.14	0.00
46.16	2.00
46.18	2.00
46.2	0.00
46.22	0.00
46.24	2.00
46.26	0.00
46.28	2.00
46.3	2.00
46.32	2.00
46.34	0.00
46.36	0.00
46.38	2.00
46.4	0.00
46.42	2.00
46.44	0.00
46.46	2.00
46.48	0.00
46.5	2.00
46.52	4.00
46.54	0.00
46.56	2.00
46.58	0.00
46.6	2.00
46.62	2.00
46.64	0.00
46.66	0.00
46.68	0.00
46.7	0.00
46.72	2.00
46.74	0.00
46.76	2.00
46.78	0.00
46.8	2.00
46.82	4.00
46.84	2.00
46.86	2.00
46.88	0.00
46.9	2.00
46.92	0.00
46.94	2.00
46.96	2.00
46.98	4.00
47	2.00
47.02	0.00
47.04	2.00
47.06	0.00
47.08	4.00
47.1	0.00
47.12	2.00
47.14	0.00
47.16	2.00
47.18	0.00
47.2	0.00
47.22	0.00
47.24	0.00
47.26	0.00
47.28	2.00
47.3	2.00
47.32	2.00
47.34	2.00
47.36	2.00
47.38	2.00
47.4	4.00
47.42	2.00
47.44	2.00
47.46	0.00
47.48	0.00
47.5	2.00
47.52	2.00
47.54	2.00
47.56	2.00
47.58	4.00
47.6	4.00
47.62	2.00
47.64	6.00
47.66	6.00
47.68	6.00
47.7	4.00
47.72	10.00
47.74	4.00
47.76	8.00
47.78	12.00
47.8	12.00
47.82	12.00
47.84	14.00
47.86	26.00
47.88	24.00
47.9	20.00
47.92	30.00
47.94	28.00
47.96	36.00
47.98	46.00
48	56.00
48.02	46.00
48.04	64.00
48.06	70.00
48.08	80.00
48.1	74.00
48.12	86.00
48.14	82.00
48.16	74.00
48.18	78.00
48.2	76.00
48.22	78.00
48.24	70.00
48.26	70.00
48.28	60.00
48.3	52.00
48.32	34.00
48.34	38.00
48.36	34.00
48.38	42.00
48.4	28.00
48.42	20.00
48.44	20.00
48.46	22.00
48.48	14.00
48.5	8.00
48.52	8.00
48.54	6.00
48.56	6.00
48.58	2.00
48.6	6.00
48.62	4.00
48.64	4.00
48.66	2.00
48.68	2.00
48.7	2.00
48.72	0.00
48.74	2.00
48.76	2.00
48.78	2.00
48.8	6.00
48.82	2.00
48.84	0.00
48.86	0.00
48.88	4.00
48.9	4.00
48.92	0.00
48.94	4.00
48.96	2.00
48.98	0.00
49	6.00
49.02	0.00
49.04	0.00
49.06	2.00
49.08	0.00
49.1	2.00
49.12	0.00
49.14	0.00
49.16	2.00
49.18	2.00
49.2	2.00
49.22	2.00
49.24	0.00
49.26	2.00
49.28	2.00
49.3	2.00
49.32	2.00
49.34	0.00
49.36	2.00
49.38	2.00
49.4	2.00
49.42	2.00
49.44	0.00
49.46	0.00
49.48	2.00
49.5	2.00
49.52	2.00
49.54	0.00
49.56	0.00
49.58	2.00
49.6	2.00
49.62	2.00
49.64	2.00
49.66	2.00
49.68	0.00
49.7	2.00
49.72	2.00
49.74	0.00
49.76	2.00
49.78	0.00
49.8	2.00
49.82	0.00
49.84	2.00
49.86	4.00
49.88	0.00
49.9	0.00
49.92	0.00
49.94	0.00
49.96	2.00
49.98	0.00
50	0.00
50.02	4.00
50.04	0.00
50.06	2.00
50.08	0.00
50.1	2.00
50.12	2.00
50.14	0.00
50.16	2.00
50.18	2.00
50.2	0.00
50.22	0.00
50.24	2.00
50.26	0.00
50.28	2.00
50.3	0.00
50.32	0.00
50.34	0.00
50.36	0.00
50.38	0.00
50.4	0.00
50.42	2.00
50.44	2.00
50.46	0.00
50.48	2.00
50.5	2.00
50.52	2.00
50.54	0.00
50.56	2.00
50.58	4.00
50.6	0.00
50.62	2.00
50.64	2.00
50.66	0.00
50.68	2.00
50.7	2.00
50.72	0.00
50.74	2.00
50.76	2.00
50.78	0.00
50.8	2.00
50.82	2.00
50.84	2.00
50.86	0.00
50.88	0.00
50.9	0.00
50.92	0.00
50.94	0.00
50.96	2.00
50.98	2.00
51	2.00
51.02	0.00
51.04	2.00
51.06	4.00
51.08	0.00
51.1	2.00
51.12	2.00
51.14	2.00
51.16	2.00
51.18	0.00
51.2	0.00
51.22	2.00
51.24	2.00
51.26	0.00
51.28	0.00
51.3	2.00
51.32	2.00
51.34	0.00
51.36	0.00
51.38	0.00
51.4	0.00
51.42	0.00
51.44	0.00
51.46	2.00
51.48	0.00
51.5	2.00
51.52	0.00
51.54	0.00
51.56	0.00
51.58	2.00
51.6	0.00
51.62	0.00
51.64	0.00
51.66	2.00
51.68	0.00
51.7	2.00
51.72	2.00
51.74	4.00
51.76	2.00
51.78	4.00
51.8	0.00
51.82	0.00
51.84	2.00
51.86	2.00
51.88	2.00
51.9	2.00
51.92	2.00
51.94	0.00
51.96	0.00
51.98	2.00
52	2.00
52.02	2.00
52.04	2.00
52.06	4.00
52.08	2.00
52.1	2.00
52.12	0.00
52.14	0.00
52.16	0.00
52.18	2.00
52.2	0.00
52.22	2.00
52.24	0.00
52.26	8.00
52.28	0.00
52.3	0.00
52.32	0.00
52.34	2.00
52.36	0.00
52.38	6.00
52.4	0.00
52.42	2.00
52.44	2.00
52.46	0.00
52.48	2.00
52.5	2.00
52.52	2.00
52.54	0.00
52.56	0.00
52.58	0.00
52.6	0.00
52.62	0.00
52.64	4.00
52.66	0.00
52.68	0.00
52.7	2.00
52.72	2.00
52.74	2.00
52.76	0.00
52.78	0.00
52.8	0.00
52.82	2.00
52.84	0.00
52.86	2.00
52.88	2.00
52.9	0.00
52.92	2.00
52.94	0.00
52.96	0.00
52.98	2.00
53	0.00
53.02	2.00
53.04	0.00
53.06	4.00
53.08	0.00
53.1	0.00
53.12	2.00
53.14	4.00
53.16	0.00
53.18	0.00
53.2	0.00
53.22	2.00
53.24	2.00
53.26	2.00
53.28	0.00
53.3	2.00
53.32	4.00
53.34	2.00
53.36	0.00
53.38	2.00
53.4	0.00
53.42	4.00
53.44	2.00
53.46	2.00
53.48	0.00
53.5	2.00
53.52	0.00
53.54	4.00
53.56	4.00
53.58	6.00
53.6	4.00
53.62	4.00
53.64	8.00
53.66	8.00
53.68	12.00
53.7	14.00
53.72	14.00
53.74	14.00
53.76	22.00
53.78	18.00
53.8	22.00
53.82	38.00
53.84	28.00
53.86	32.00
53.88	36.00
53.9	44.00
53.92	42.00
53.94	64.00
53.96	44.00
53.98	58.00
54	52.00
54.02	44.00
54.04	52.00
54.06	42.00
54.08	54.00
54.1	58.00
54.12	46.00
54.14	44.00
54.16	40.00
54.18	38.00
54.2	24.00
54.22	40.00
54.24	28.00
54.26	24.00
54.28	18.00
54.3	12.00
54.32	10.00
54.34	12.00
54.36	14.00
54.38	8.00
54.4	10.00
54.42	2.00
54.44	14.00
54.46	14.00
54.48	10.00
54.5	6.00
54.52	8.00
54.54	8.00
54.56	4.00
54.58	4.00
54.6	8.00
54.62	4.00
54.64	4.00
54.66	8.00
54.68	2.00
54.7	2.00
54.72	2.00
54.74	4.00
54.76	2.00
54.78	10.00
54.8	6.00
54.82	8.00
54.84	8.00
54.86	12.00
54.88	12.00
54.9	16.00
54.92	18.00
54.94	24.00
54.96	18.00
54.98	24.00
55	38.00
55.02	32.00
55.04	36.00
55.06	36.00
55.08	52.00
55.1	52.00
55.12	50.00
55.14	48.00
55.16	50.00
55.18	58.00
55.2	48.00
55.22	44.00
55.24	56.00
55.26	48.00
55.28	48.00
55.3	44.00
55.32	50.00
55.34	28.00
55.36	24.00
55.38	18.00
55.4	24.00
55.42	22.00
55.44	18.00
55.46	12.00
55.48	12.00
55.5	16.00
55.52	8.00
55.54	2.00
55.56	8.00
55.58	2.00
55.6	2.00
55.62	2.00
55.64	6.00
55.66	4.00
55.68	4.00
55.7	0.00
55.72	2.00
55.74	0.00
55.76	0.00
55.78	2.00
55.8	2.00
55.82	2.00
55.84	2.00
55.86	2.00
55.88	4.00
55.9	0.00
55.92	2.00
55.94	0.00
55.96	2.00
55.98	0.00
56	2.00
56.02	2.00
56.04	6.00
56.06	0.00
56.08	0.00
56.1	0.00
56.12	2.00
56.14	2.00
56.16	2.00
56.18	2.00
56.2	4.00
56.22	0.00
56.24	2.00
56.26	0.00
56.28	0.00
56.3	2.00
56.32	0.00
56.34	0.00
56.36	0.00
56.38	2.00
56.4	0.00
56.42	2.00
56.44	2.00
56.46	2.00
56.48	0.00
56.5	2.00
56.52	4.00
56.54	4.00
56.56	2.00
56.58	4.00
56.6	2.00
56.62	2.00
56.64	2.00
56.66	0.00
56.68	4.00
56.7	4.00
56.72	2.00
56.74	4.00
56.76	4.00
56.78	2.00
56.8	4.00
56.82	2.00
56.84	2.00
56.86	0.00
56.88	4.00
56.9	2.00
56.92	0.00
56.94	4.00
56.96	2.00
56.98	2.00
57	0.00
57.02	2.00
57.04	2.00
57.06	0.00
57.08	0.00
57.1	0.00
57.12	4.00
57.14	0.00
57.16	2.00
57.18	0.00
57.2	2.00
57.22	0.00
57.24	2.00
57.26	0.00
57.28	0.00
57.3	2.00
57.32	2.00
57.34	0.00
57.36	2.00
57.38	0.00
57.4	0.00
57.42	0.00
57.44	0.00
57.46	0.00
57.48	0.00
57.5	0.00
57.52	0.00
57.54	2.00
57.56	0.00
57.58	0.00
57.6	4.00
57.62	0.00
57.64	0.00
57.66	2.00
57.68	0.00
57.7	4.00
57.72	0.00
57.74	2.00
57.76	0.00
57.78	0.00
57.8	0.00
57.82	0.00
57.84	2.00
57.86	0.00
57.88	0.00
57.9	2.00
57.92	0.00
57.94	0.00
57.96	0.00
57.98	0.00
58	2.00
58.02	2.00
58.04	0.00
58.06	4.00
58.08	0.00
58.1	0.00
58.12	0.00
58.14	2.00
58.16	0.00
58.18	4.00
58.2	0.00
58.22	0.00
58.24	0.00
58.26	0.00
58.28	0.00
58.3	0.00
58.32	2.00
58.34	0.00
58.36	0.00
58.38	2.00
58.4	2.00
58.42	0.00
58.44	0.00
58.46	0.00
58.48	4.00
58.5	2.00
58.52	0.00
58.54	2.00
58.56	0.00
58.58	0.00
58.6	2.00
58.62	0.00
58.64	0.00
58.66	2.00
58.68	0.00
58.7	0.00
58.72	2.00
58.74	2.00
58.76	0.00
58.78	2.00
58.8	0.00
58.82	0.00
58.84	2.00
58.86	0.00
58.88	0.00
58.9	2.00
58.92	0.00
58.94	0.00
58.96	2.00
58.98	0.00
59	2.00
59.02	0.00
59.04	2.00
59.06	0.00
59.08	2.00
59.1	0.00
59.12	2.00
59.14	0.00
59.16	4.00
59.18	0.00
59.2	0.00
59.22	2.00
59.24	0.00
59.26	2.00
59.28	0.00
59.3	2.00
59.32	0.00
59.34	0.00
59.36	2.00
59.38	0.00
59.4	2.00
59.42	2.00
59.44	2.00
59.46	0.00
59.48	2.00
59.5	2.00
59.52	0.00
59.54	0.00
59.56	0.00
59.58	0.00
59.6	2.00
59.62	0.00
59.64	0.00
59.66	2.00
59.68	0.00
59.7	0.00
59.72	2.00
59.74	2.00
59.76	2.00
59.78	0.00
59.8	0.00
59.82	0.00
59.84	2.00
59.86	2.00
59.88	0.00
59.9	0.00
59.92	2.00
59.94	0.00
59.96	0.00
59.98	0.00
60	2.00
60.02	2.00
60.04	0.00
60.06	0.00
60.08	0.00
60.1	0.00
60.12	2.00
60.14	0.00
60.16	0.00
60.18	2.00
60.2	0.00
60.22	2.00
60.24	0.00
60.26	0.00
60.28	0.00
60.3	0.00
60.32	0.00
60.34	2.00
60.36	2.00
60.38	0.00
60.4	2.00
60.42	0.00
60.44	0.00
60.46	2.00
60.48	2.00
60.5	0.00
60.52	4.00
60.54	0.00
60.56	0.00
60.58	0.00
60.6	2.00
60.62	0.00
60.64	2.00
60.66	0.00
60.68	2.00
60.7	0.00
60.72	0.00
60.74	0.00
60.76	0.00
60.78	0.00
60.8	2.00
60.82	0.00
60.84	2.00
60.86	0.00
60.88	0.00
60.9	2.00
60.92	0.00
60.94	0.00
60.96	0.00
60.98	2.00
61	2.00
61.02	2.00
61.04	0.00
61.06	0.00
61.08	0.00
61.1	0.00
61.12	4.00
61.14	0.00
61.16	2.00
61.18	2.00
61.2	2.00
61.22	0.00
61.24	4.00
61.26	0.00
61.28	4.00
61.3	0.00
61.32	2.00
61.34	2.00
61.36	2.00
61.38	4.00
61.4	2.00
61.42	0.00
61.44	2.00
61.46	0.00
61.48	0.00
61.5	0.00
61.52	2.00
61.54	2.00
61.56	2.00
61.58	4.00
61.6	0.00
61.62	0.00
61.64	2.00
61.66	2.00
61.68	0.00
61.7	0.00
61.72	2.00
61.74	0.00
61.76	2.00
61.78	2.00
61.8	2.00
61.82	0.00
61.84	2.00
61.86	0.00
61.88	4.00
61.9	2.00
61.92	4.00
61.94	6.00
61.96	2.00
61.98	6.00
62	8.00
62.02	6.00
62.04	4.00
62.06	10.00
62.08	14.00
62.1	10.00
62.12	10.00
62.14	8.00
62.16	6.00
62.18	8.00
62.2	8.00
62.22	4.00
62.24	16.00
62.26	8.00
62.28	12.00
62.3	8.00
62.32	10.00
62.34	10.00
62.36	12.00
62.38	10.00
62.4	10.00
62.42	12.00
62.44	10.00
62.46	14.00
62.48	6.00
62.5	18.00
62.52	12.00
62.54	16.00
62.56	16.00
62.58	16.00
62.6	24.00
62.62	24.00
62.64	32.00
62.66	34.00
62.68	24.00
62.7	28.00
62.72	36.00
62.74	32.00
62.76	42.00
62.78	32.00
62.8	32.00
62.82	34.00
62.84	32.00
62.86	34.00
62.88	34.00
62.9	34.00
62.92	28.00
62.94	28.00
62.96	22.00
62.98	28.00
63	18.00
63.02	22.00
63.04	12.00
63.06	22.00
63.08	16.00
63.1	14.00
63.12	10.00
63.14	12.00
63.16	4.00
63.18	6.00
63.2	6.00
63.22	6.00
63.24	2.00
63.26	2.00
63.28	4.00
63.3	4.00
63.32	4.00
63.34	0.00
63.36	2.00
63.38	2.00
63.4	0.00
63.42	2.00
63.44	0.00
63.46	0.00
63.48	2.00
63.5	2.00
63.52	0.00
63.54	0.00
63.56	2.00
63.58	0.00
63.6	2.00
63.62	0.00
63.64	0.00
63.66	2.00
63.68	2.00
63.7	0.00
63.72	2.00
63.74	2.00
63.76	0.00
63.78	2.00
63.8	2.00
63.82	2.00
63.84	2.00
63.86	2.00
63.88	0.00
63.9	6.00
63.92	2.00
63.94	4.00
63.96	2.00
63.98	0.00
64	2.00
64.02	2.00
64.04	4.00
64.06	4.00
64.08	0.00
64.1	2.00
64.12	0.00
64.14	2.00
64.16	2.00
64.18	2.00
64.2	0.00
64.22	0.00
64.24	2.00
64.26	2.00
64.28	2.00
64.3	0.00
64.32	2.00
64.34	6.00
64.36	0.00
64.38	2.00
64.4	2.00
64.42	0.00
64.44	2.00
64.46	2.00
64.48	2.00
64.5	0.00
64.52	2.00
64.54	0.00
64.56	2.00
64.58	0.00
64.6	0.00
64.62	2.00
64.64	2.00
64.66	0.00
64.68	0.00
64.7	0.00
64.72	2.00
64.74	0.00
64.76	2.00
64.78	0.00
64.8	2.00
64.82	0.00
64.84	0.00
64.86	2.00
64.88	2.00
64.9	0.00
64.92	0.00
64.94	4.00
64.96	0.00
64.98	0.00
65	0.00
65.02	0.00
65.04	0.00
65.06	0.00
65.08	2.00
65.1	0.00
65.12	0.00
65.14	0.00
65.16	2.00
65.18	0.00
65.2	2.00
65.22	2.00
65.24	0.00
65.26	4.00
65.28	2.00
65.3	0.00
65.32	2.00
65.34	0.00
65.36	2.00
65.38	0.00
65.4	0.00
65.42	4.00
65.44	0.00
65.46	0.00
65.48	0.00
65.5	2.00
65.52	2.00
65.54	0.00
65.56	0.00
65.58	0.00
65.6	0.00
65.62	0.00
65.64	0.00
65.66	2.00
65.68	0.00
65.7	0.00
65.72	0.00
65.74	0.00
65.76	0.00
65.78	2.00
65.8	0.00
65.82	2.00
65.84	0.00
65.86	0.00
65.88	2.00
65.9	0.00
65.92	4.00
65.94	0.00
65.96	0.00
65.98	2.00
66	2.00
66.02	2.00
66.04	0.00
66.06	2.00
66.08	4.00
66.1	0.00
66.12	2.00
66.14	0.00
66.16	0.00
66.18	0.00
66.2	2.00
66.22	0.00
66.24	2.00
66.26	2.00
66.28	0.00
66.3	0.00
66.32	0.00
66.34	0.00
66.36	0.00
66.38	2.00
66.4	2.00
66.42	0.00
66.44	0.00
66.46	2.00
66.48	0.00
66.5	2.00
66.52	4.00
66.54	0.00
66.56	0.00
66.58	2.00
66.6	0.00
66.62	0.00
66.64	0.00
66.66	4.00
66.68	0.00
66.7	0.00
66.72	2.00
66.74	0.00
66.76	0.00
66.78	0.00
66.8	2.00
66.82	0.00
66.84	0.00
66.86	0.00
66.88	6.00
66.9	0.00
66.92	2.00
66.94	0.00
66.96	0.00
66.98	2.00
67	2.00
67.02	2.00
67.04	2.00
67.06	0.00
67.08	0.00
67.1	0.00
67.12	2.00
67.14	0.00
67.16	0.00
67.18	2.00
67.2	0.00
67.22	0.00
67.24	2.00
67.26	2.00
67.28	2.00
67.3	2.00
67.32	2.00
67.34	0.00
67.36	0.00
67.38	2.00
67.4	0.00
67.42	2.00
67.44	2.00
67.46	0.00
67.48	2.00
67.5	0.00
67.52	0.00
67.54	2.00
67.56	0.00
67.58	0.00
67.6	2.00
67.62	2.00
67.64	0.00
67.66	2.00
67.68	2.00
67.7	0.00
67.72	2.00
67.74	4.00
67.76	0.00
67.78	2.00
67.8	0.00
67.82	0.00
67.84	2.00
67.86	0.00
67.88	2.00
67.9	0.00
67.92	2.00
67.94	0.00
67.96	0.00
67.98	0.00
68	2.00
68.02	6.00
68.04	2.00
68.06	2.00
68.08	2.00
68.1	2.00
68.12	0.00
68.14	2.00
68.16	4.00
68.18	4.00
68.2	0.00
68.22	0.00
68.24	0.00
68.26	2.00
68.28	2.00
68.3	4.00
68.32	0.00
68.34	6.00
68.36	2.00
68.38	0.00
68.4	0.00
68.42	4.00
68.44	0.00
68.46	2.00
68.48	2.00
68.5	4.00
68.52	2.00
68.54	4.00
68.56	4.00
68.58	6.00
68.6	8.00
68.62	6.00
68.64	4.00
68.66	6.00
68.68	10.00
68.7	12.00
68.72	4.00
68.74	16.00
68.76	16.00
68.78	12.00
68.8	12.00
68.82	16.00
68.84	12.00
68.86	14.00
68.88	22.00
68.9	8.00
68.92	14.00
68.94	24.00
68.96	26.00
68.98	8.00
69	14.00
69.02	22.00
69.04	10.00
69.06	12.00
69.08	8.00
69.1	12.00
69.12	14.00
69.14	10.00
69.16	4.00
69.18	10.00
69.2	8.00
69.22	6.00
69.24	8.00
69.26	4.00
69.28	0.00
69.3	4.00
69.32	2.00
69.34	4.00
69.36	0.00
69.38	2.00
69.4	2.00
69.42	2.00
69.44	0.00
69.46	2.00
69.48	2.00
69.5	0.00
69.52	0.00
69.54	0.00
69.56	2.00
69.58	0.00
69.6	0.00
69.62	4.00
69.64	2.00
69.66	0.00
69.68	2.00
69.7	0.00
69.72	0.00
69.74	6.00
69.76	0.00
69.78	2.00
69.8	4.00
69.82	4.00
69.84	2.00
69.86	4.00
69.88	0.00
69.9	2.00
69.92	2.00
69.94	2.00
69.96	2.00
69.98	6.00
70	0.00
70.02	4.00
70.04	0.00
70.06	4.00
70.08	4.00
70.1	2.00
70.12	8.00
70.14	4.00
70.16	10.00
70.18	8.00
70.2	10.00
70.22	6.00
70.24	14.00
70.26	10.00
70.28	8.00
70.3	10.00
70.32	16.00
70.34	20.00
70.36	20.00
70.38	18.00
70.4	14.00
70.42	20.00
70.44	20.00
70.46	20.00
70.48	16.00
70.5	12.00
70.52	20.00
70.54	16.00
70.56	22.00
70.58	10.00
70.6	14.00
70.62	10.00
70.64	4.00
70.66	2.00
70.68	10.00
70.7	8.00
70.72	12.00
70.74	10.00
70.76	4.00
70.78	6.00
70.8	0.00
70.82	2.00
70.84	2.00
70.86	2.00
70.88	2.00
70.9	0.00
70.92	2.00
70.94	2.00
70.96	2.00
70.98	2.00
71	0.00
71.02	0.00
71.04	2.00
71.06	2.00
71.08	2.00
71.1	0.00
71.12	0.00
71.14	2.00
71.16	0.00
71.18	0.00
71.2	2.00
71.22	0.00
71.24	0.00
71.26	2.00
71.28	2.00
71.3	2.00
71.32	0.00
71.34	0.00
71.36	4.00
71.38	0.00
71.4	0.00
71.42	0.00
71.44	0.00
71.46	0.00
71.48	2.00
71.5	0.00
71.52	2.00
71.54	0.00
71.56	2.00
71.58	2.00
71.6	2.00
71.62	0.00
71.64	2.00
71.66	2.00
71.68	0.00
71.7	0.00
71.72	2.00
71.74	2.00
71.76	0.00
71.78	2.00
71.8	0.00
71.82	0.00
71.84	2.00
71.86	0.00
71.88	0.00
71.9	0.00
71.92	2.00
71.94	2.00
71.96	0.00
71.98	0.00
72	2.00
72.02	0.00
72.04	0.00
72.06	4.00
72.08	0.00
72.1	2.00
72.12	2.00
72.14	0.00
72.16	2.00
72.18	2.00
72.2	0.00
72.22	0.00
72.24	2.00
72.26	0.00
72.28	2.00
72.3	2.00
72.32	0.00
72.34	2.00
72.36	0.00
72.38	2.00
72.4	0.00
72.42	0.00
72.44	0.00
72.46	2.00
72.48	0.00
72.5	0.00
72.52	2.00
72.54	0.00
72.56	2.00
72.58	0.00
72.6	0.00
72.62	4.00
72.64	0.00
72.66	0.00
72.68	0.00
72.7	0.00
72.72	0.00
72.74	0.00
72.76	4.00
72.78	0.00
72.8	0.00
72.82	0.00
72.84	2.00
72.86	0.00
72.88	2.00
72.9	0.00
72.92	4.00
72.94	0.00
72.96	2.00
72.98	0.00
73	0.00
73.02	0.00
73.04	0.00
73.06	0.00
73.08	0.00
73.1	4.00
73.12	0.00
73.14	0.00
73.16	0.00
73.18	0.00
73.2	4.00
73.22	2.00
73.24	0.00
73.26	0.00
73.28	0.00
73.3	4.00
73.32	0.00
73.34	2.00
73.36	2.00
73.38	2.00
73.4	2.00
73.42	0.00
73.44	2.00
73.46	0.00
73.48	0.00
73.5	2.00
73.52	0.00
73.54	0.00
73.56	0.00
73.58	0.00
73.6	2.00
73.62	2.00
73.64	2.00
73.66	0.00
73.68	0.00
73.7	2.00
73.72	0.00
73.74	2.00
73.76	0.00
73.78	0.00
73.8	2.00
73.82	0.00
73.84	2.00
73.86	0.00
73.88	0.00
73.9	0.00
73.92	2.00
73.94	0.00
73.96	2.00
73.98	0.00
74	2.00
74.02	2.00
74.04	6.00
74.06	2.00
74.08	2.00
74.1	4.00
74.12	4.00
74.14	2.00
74.16	2.00
74.18	0.00
74.2	0.00
74.22	4.00
74.24	2.00
74.26	4.00
74.28	2.00
74.3	2.00
74.32	0.00
74.34	2.00
74.36	2.00
74.38	0.00
74.4	2.00
74.42	2.00
74.44	2.00
74.46	2.00
74.48	0.00
74.5	2.00
74.52	4.00
74.54	0.00
74.56	4.00
74.58	0.00
74.6	4.00
74.62	2.00
74.64	0.00
74.66	4.00
74.68	2.00
74.7	2.00
74.72	2.00
74.74	0.00
74.76	4.00
74.78	4.00
74.8	2.00
74.82	8.00
74.84	8.00
74.86	4.00
74.88	6.00
74.9	10.00
74.92	12.00
74.94	14.00
74.96	14.00
74.98	16.00
75	14.00
75.02	16.00
75.04	34.00
75.06	26.00
75.08	26.00
75.1	22.00
75.12	28.00
75.14	34.00
75.16	22.00
75.18	34.00
75.2	34.00
75.22	36.00
75.24	14.00
75.26	28.00
75.28	16.00
75.3	18.00
75.32	20.00
75.34	18.00
75.36	20.00
75.38	12.00
75.4	22.00
75.42	18.00
75.44	14.00
75.46	6.00
75.48	4.00
75.5	6.00
75.52	12.00
75.54	8.00
75.56	4.00
75.58	6.00
75.6	6.00
75.62	2.00
75.64	6.00
75.66	4.00
75.68	4.00
75.7	4.00
75.72	2.00
75.74	0.00
75.76	2.00
75.78	2.00
75.8	2.00
75.82	2.00
75.84	4.00
75.86	0.00
75.88	2.00
75.9	6.00
75.92	2.00
75.94	4.00
75.96	4.00
75.98	6.00
76	6.00
76.02	2.00
76.04	10.00
76.06	6.00
76.08	2.00
76.1	6.00
76.12	8.00
76.14	4.00
76.16	6.00
76.18	10.00
76.2	4.00
76.22	6.00
76.24	4.00
76.26	4.00
76.28	10.00
76.3	4.00
76.32	8.00
76.34	2.00
76.36	6.00
76.38	2.00
76.4	4.00
76.42	2.00
76.44	2.00
76.46	4.00
76.48	4.00
76.5	4.00
76.52	6.00
76.54	2.00
76.56	2.00
76.58	2.00
76.6	2.00
76.62	0.00
76.64	0.00
76.66	2.00
76.68	4.00
76.7	2.00
76.72	2.00
76.74	0.00
76.76	2.00
76.78	0.00
76.8	4.00
76.82	0.00
76.84	2.00
76.86	0.00
76.88	0.00
76.9	2.00
76.92	0.00
76.94	2.00
76.96	0.00
76.98	2.00
77	0.00
77.02	2.00
77.04	0.00
77.06	0.00
77.08	0.00
77.1	0.00
77.12	0.00
77.14	0.00
77.16	0.00
77.18	0.00
77.2	2.00
77.22	4.00
77.24	0.00
77.26	4.00
77.28	0.00
77.3	0.00
77.32	2.00
77.34	0.00
77.36	0.00
77.38	0.00
77.4	2.00
77.42	2.00
77.44	2.00
77.46	2.00
77.48	4.00
77.5	0.00
77.52	0.00
77.54	0.00
77.56	0.00
77.58	0.00
77.6	0.00
77.62	2.00
77.64	0.00
77.66	0.00
77.68	2.00
77.7	0.00
77.72	2.00
77.74	2.00
77.76	0.00
77.78	0.00
77.8	0.00
77.82	2.00
77.84	2.00
77.86	0.00
77.88	2.00
77.9	0.00
77.92	0.00
77.94	0.00
77.96	2.00
77.98	0.00
78	0.00
78.02	0.00
78.04	2.00
78.06	0.00
78.08	0.00
78.1	2.00
78.12	0.00
78.14	2.00
78.16	0.00
78.18	0.00
78.2	2.00
78.22	0.00
78.24	2.00
78.26	0.00
78.28	0.00
78.3	0.00
78.32	0.00
78.34	2.00
78.36	0.00
78.38	2.00
78.4	2.00
78.42	0.00
78.44	0.00
78.46	0.00
78.48	0.00
78.5	0.00
78.52	0.00
78.54	2.00
78.56	0.00
78.58	0.00
78.6	0.00
78.62	0.00
78.64	0.00
78.66	0.00
78.68	2.00
78.7	0.00
78.72	0.00
78.74	0.00
78.76	2.00
78.78	0.00
78.8	0.00
78.82	0.00
78.84	0.00
78.86	2.00
78.88	0.00
78.9	0.00
78.92	0.00
78.94	0.00
78.96	0.00
78.98	0.00
79	0.00
79.02	2.00
79.04	0.00
79.06	2.00
79.08	0.00
79.1	0.00
79.12	0.00
79.14	0.00
79.16	0.00
79.18	2.00
79.2	0.00
79.22	0.00
79.24	0.00
79.26	0.00
79.28	0.00
79.3	0.00
79.32	2.00
79.34	2.00
79.36	0.00
79.38	0.00
79.4	0.00
79.42	0.00
79.44	0.00
79.46	2.00
79.48	0.00
79.5	2.00
79.52	0.00
79.54	0.00
79.56	2.00
79.58	0.00
79.6	2.00
79.62	0.00
79.64	0.00
79.66	0.00
79.68	2.00
79.7	0.00
79.72	0.00
79.74	2.00
79.76	2.00
79.78	0.00
79.8	0.00
79.82	0.00
79.84	2.00
79.86	2.00
79.88	0.00
79.9	2.00
79.92	2.00
79.94	0.00
79.96	0.00
79.98	0.00
80	2.00
