test
Wavelength = 1.54059
10	12.00
10.02	14.00
10.04	10.00
10.06	8.00
10.08	8.00
10.1	10.00
10.12	6.00
10.14	4.00
10.16	4.00
10.18	8.00
10.2	4.00
10.22	8.00
10.24	8.00
10.26	8.00
10.28	4.00
10.3	4.00
10.32	6.00
10.34	4.00
10.36	6.00
10.38	4.00
10.4	10.00
10.42	2.00
10.44	6.00
10.46	10.00
10.48	4.00
10.5	8.00
10.52	12.00
10.54	6.00
10.56	8.00
10.58	6.00
10.6	10.00
10.62	4.00
10.64	8.00
10.66	6.00
10.68	8.00
10.7	6.00
10.72	8.00
10.74	4.00
10.76	8.00
10.78	6.00
10.8	8.00
10.82	2.00
10.84	12.00
10.86	8.00
10.88	8.00
10.9	8.00
10.92	2.00
10.94	8.00
10.96	8.00
10.98	6.00
11	10.00
11.02	6.00
11.04	2.00
11.06	4.00
11.08	4.00
11.1	6.00
11.12	6.00
11.14	6.00
11.16	6.00
11.18	6.00
11.2	4.00
11.22	2.00
11.24	8.00
11.26	2.00
11.28	6.00
11.3	6.00
11.32	12.00
11.34	4.00
11.36	2.00
11.38	14.00
11.4	8.00
11.42	8.00
11.44	10.00
11.46	4.00
11.48	8.00
11.5	4.00
11.52	12.00
11.54	8.00
11.56	4.00
11.58	2.00
11.6	4.00
11.62	8.00
11.64	6.00
11.66	6.00
11.68	12.00
11.7	14.00
11.72	2.00
11.74	6.00
11.76	8.00
11.78	2.00
11.8	4.00
11.82	6.00
11.84	8.00
11.86	2.00
11.88	6.00
11.9	4.00
11.92	8.00
11.94	6.00
11.96	2.00
11.98	6.00
12	4.00
12.02	4.00
12.04	8.00
12.06	10.00
12.08	2.00
12.1	2.00
12.12	8.00
12.14	6.00
12.16	4.00
12.18	6.00
12.2	6.00
12.22	2.00
12.24	8.00
12.26	6.00
12.28	4.00
12.3	8.00
12.32	2.00
12.34	8.00
12.36	4.00
12.38	4.00
12.4	6.00
12.42	2.00
12.44	8.00
12.46	10.00
12.48	8.00
12.5	4.00
12.52	8.00
12.54	6.00
12.56	4.00
12.58	4.00
12.6	6.00
12.62	4.00
12.64	6.00
12.66	4.00
12.68	4.00
12.7	6.00
12.72	6.00
12.74	6.00
12.76	8.00
12.78	6.00
12.8	4.00
12.82	6.00
12.84	2.00
12.86	0.00
12.88	6.00
12.9	6.00
12.92	6.00
12.94	8.00
12.96	4.00
12.98	4.00
13	6.00
13.02	4.00
13.04	4.00
13.06	0.00
13.08	6.00
13.1	6.00
13.12	6.00
13.14	2.00
13.16	8.00
13.18	4.00
13.2	4.00
13.22	8.00
13.24	4.00
13.26	6.00
13.28	6.00
13.3	4.00
13.32	10.00
13.34	2.00
13.36	4.00
13.38	2.00
13.4	4.00
13.42	6.00
13.44	8.00
13.46	4.00
13.48	4.00
13.5	6.00
13.52	4.00
13.54	6.00
13.56	2.00
13.58	8.00
13.6	4.00
13.62	4.00
13.64	6.00
13.66	10.00
13.68	4.00
13.7	2.00
13.72	4.00
13.74	2.00
13.76	4.00
13.78	4.00
13.8	2.00
13.82	4.00
13.84	4.00
13.86	2.00
13.88	2.00
13.9	4.00
13.92	4.00
13.94	2.00
13.96	8.00
13.98	6.00
14	8.00
14.02	6.00
14.04	4.00
14.06	6.00
14.08	2.00
14.1	6.00
14.12	2.00
14.14	4.00
14.16	4.00
14.18	6.00
14.2	6.00
14.22	2.00
14.24	2.00
14.26	4.00
14.28	6.00
14.3	4.00
14.32	2.00
14.34	6.00
14.36	4.00
14.38	2.00
14.4	4.00
14.42	4.00
14.44	4.00
14.46	4.00
14.48	4.00
14.5	4.00
14.52	4.00
14.54	0.00
14.56	2.00
14.58	4.00
14.6	4.00
14.62	6.00
14.64	2.00
14.66	6.00
14.68	4.00
14.7	4.00
14.72	4.00
14.74	4.00
14.76	4.00
14.78	2.00
14.8	4.00
14.82	6.00
14.84	0.00
14.86	4.00
14.88	6.00
14.9	4.00
14.92	2.00
14.94	4.00
14.96	4.00
14.98	6.00
15	10.00
15.02	6.00
15.04	4.00
15.06	4.00
15.08	2.00
15.1	6.00
15.12	4.00
15.14	4.00
15.16	4.00
15.18	2.00
15.2	2.00
15.22	4.00
15.24	2.00
15.26	6.00
15.28	2.00
15.3	2.00
15.32	2.00
15.34	6.00
15.36	4.00
15.38	4.00
15.4	0.00
15.42	0.00
15.44	4.00
15.46	0.00
15.48	4.00
15.5	4.00
15.52	0.00
15.54	2.00
15.56	2.00
15.58	2.00
15.6	2.00
15.62	2.00
15.64	6.00
15.66	6.00
15.68	6.00
15.7	6.00
15.72	0.00
15.74	4.00
15.76	0.00
15.78	4.00
15.8	0.00
15.82	4.00
15.84	4.00
15.86	4.00
15.88	0.00
15.9	2.00
15.92	4.00
15.94	2.00
15.96	6.00
15.98	4.00
16	2.00
16.02	6.00
16.04	6.00
16.06	2.00
16.08	4.00
16.1	4.00
16.12	2.00
16.14	2.00
16.16	8.00
16.18	2.00
16.2	4.00
16.22	2.00
16.24	4.00
16.26	2.00
16.28	6.00
16.3	2.00
16.32	2.00
16.34	4.00
16.36	2.00
16.38	2.00
16.4	0.00
16.42	2.00
16.44	4.00
16.46	2.00
16.48	6.00
16.5	4.00
16.52	2.00
16.54	4.00
16.56	6.00
16.58	2.00
16.6	2.00
16.62	4.00
16.64	2.00
16.66	2.00
16.68	2.00
16.7	2.00
16.72	2.00
16.74	2.00
16.76	6.00
16.78	4.00
16.8	4.00
16.82	2.00
16.84	0.00
16.86	2.00
16.88	6.00
16.9	4.00
16.92	2.00
16.94	4.00
16.96	2.00
16.98	4.00
17	2.00
17.02	4.00
17.04	4.00
17.06	2.00
17.08	6.00
17.1	4.00
17.12	2.00
17.14	4.00
17.16	2.00
17.18	0.00
17.2	2.00
17.22	2.00
17.24	4.00
17.26	2.00
17.28	4.00
17.3	2.00
17.32	0.00
17.34	2.00
17.36	4.00
17.38	4.00
17.4	4.00
17.42	0.00
17.44	6.00
17.46	2.00
17.48	6.00
17.5	4.00
17.52	0.00
17.54	2.00
17.56	2.00
17.58	6.00
17.6	0.00
17.62	2.00
17.64	2.00
17.66	2.00
17.68	4.00
17.7	4.00
17.72	4.00
17.74	8.00
17.76	0.00
17.78	2.00
17.8	2.00
17.82	0.00
17.84	2.00
17.86	2.00
17.88	2.00
17.9	0.00
17.92	0.00
17.94	4.00
17.96	2.00
17.98	2.00
18	6.00
18.02	2.00
18.04	4.00
18.06	2.00
18.08	0.00
18.1	4.00
18.12	2.00
18.14	2.00
18.16	4.00
18.18	2.00
18.2	6.00
18.22	2.00
18.24	4.00
18.26	0.00
18.28	2.00
18.3	2.00
18.32	2.00
18.34	2.00
18.36	2.00
18.38	4.00
18.4	4.00
18.42	2.00
18.44	2.00
18.46	8.00
18.48	4.00
18.5	2.00
18.52	4.00
18.54	2.00
18.56	2.00
18.58	2.00
18.6	4.00
18.62	2.00
18.64	4.00
18.66	2.00
18.68	0.00
18.7	2.00
18.72	4.00
18.74	4.00
18.76	2.00
18.78	2.00
18.8	6.00
18.82	0.00
18.84	4.00
18.86	4.00
18.88	4.00
18.9	0.00
18.92	2.00
18.94	4.00
18.96	0.00
18.98	2.00
19	0.00
19.02	2.00
19.04	0.00
19.06	4.00
19.08	4.00
19.1	2.00
19.12	2.00
19.14	0.00
19.16	0.00
19.18	0.00
19.2	2.00
19.22	4.00
19.24	0.00
19.26	0.00
19.28	2.00
19.3	2.00
19.32	0.00
19.34	4.00
19.36	4.00
19.38	0.00
19.4	0.00
19.42	4.00
19.44	4.00
19.46	0.00
19.48	2.00
19.5	0.00
19.52	2.00
19.54	4.00
19.56	2.00
19.58	2.00
19.6	2.00
19.62	0.00
19.64	6.00
19.66	2.00
19.68	2.00
19.7	4.00
19.72	2.00
19.74	0.00
19.76	2.00
19.78	2.00
19.8	2.00
19.82	2.00
19.84	2.00
19.86	2.00
19.88	0.00
19.9	0.00
19.92	6.00
19.94	4.00
19.96	6.00
19.98	0.00
20	4.00
20.02	0.00
20.04	4.00
20.06	2.00
20.08	0.00
20.1	4.00
20.12	4.00
20.14	0.00
20.16	2.00
20.18	2.00
20.2	4.00
20.22	2.00
20.24	6.00
20.26	4.00
20.28	4.00
20.3	2.00
20.32	2.00
20.34	2.00
20.36	4.00
20.38	0.00
20.4	2.00
20.42	4.00
20.44	2.00
20.46	2.00
20.48	0.00
20.5	4.00
20.52	2.00
20.54	0.00
20.56	2.00
20.58	2.00
20.6	2.00
20.62	0.00
20.64	2.00
20.66	0.00
20.68	4.00
20.7	2.00
20.72	4.00
20.74	2.00
20.76	4.00
20.78	6.00
20.8	2.00
20.82	2.00
20.84	4.00
20.86	2.00
20.88	4.00
20.9	0.00
20.92	2.00
20.94	2.00
20.96	4.00
20.98	2.00
21	2.00
21.02	0.00
21.04	2.00
21.06	6.00
21.08	2.00
21.1	2.00
21.12	0.00
21.14	4.00
21.16	2.00
21.18	0.00
21.2	4.00
21.22	0.00
21.24	2.00
21.26	2.00
21.28	2.00
21.3	0.00
21.32	4.00
21.34	2.00
21.36	2.00
21.38	2.00
21.4	2.00
21.42	2.00
21.44	2.00
21.46	4.00
21.48	4.00
21.5	4.00
21.52	2.00
21.54	2.00
21.56	4.00
21.58	0.00
21.6	2.00
21.62	2.00
21.64	2.00
21.66	4.00
21.68	4.00
21.7	2.00
21.72	0.00
21.74	2.00
21.76	2.00
21.78	2.00
21.8	0.00
21.82	0.00
21.84	2.00
21.86	4.00
21.88	0.00
21.9	2.00
21.92	4.00
21.94	2.00
21.96	2.00
21.98	2.00
22	2.00
22.02	2.00
22.04	4.00
22.06	2.00
22.08	2.00
22.1	4.00
22.12	0.00
22.14	2.00
22.16	2.00
22.18	2.00
22.2	4.00
22.22	4.00
22.24	4.00
22.26	2.00
22.28	0.00
22.3	2.00
22.32	0.00
22.34	2.00
22.36	2.00
22.38	0.00
22.4	2.00
22.42	0.00
22.44	2.00
22.46	4.00
22.48	2.00
22.5	2.00
22.52	2.00
22.54	2.00
22.56	0.00
22.58	4.00
22.6	2.00
22.62	0.00
22.64	0.00
22.66	2.00
22.68	0.00
22.7	0.00
22.72	2.00
22.74	0.00
22.76	2.00
22.78	2.00
22.8	4.00
22.82	2.00
22.84	6.00
22.86	2.00
22.88	2.00
22.9	0.00
22.92	2.00
22.94	2.00
22.96	0.00
22.98	2.00
23	2.00
23.02	0.00
23.04	4.00
23.06	6.00
23.08	2.00
23.1	2.00
23.12	0.00
23.14	0.00
23.16	2.00
23.18	2.00
23.2	0.00
23.22	2.00
23.24	4.00
23.26	2.00
23.28	2.00
23.3	2.00
23.32	2.00
23.34	6.00
23.36	2.00
23.38	2.00
23.4	0.00
23.42	2.00
23.44	0.00
23.46	2.00
23.48	0.00
23.5	2.00
23.52	4.00
23.54	0.00
23.56	4.00
23.58	2.00
23.6	4.00
23.62	0.00
23.64	2.00
23.66	2.00
23.68	2.00
23.7	2.00
23.72	2.00
23.74	2.00
23.76	4.00
23.78	2.00
23.8	0.00
23.82	2.00
23.84	0.00
23.86	0.00
23.88	0.00
23.9	2.00
23.92	4.00
23.94	2.00
23.96	0.00
23.98	4.00
24	2.00
24.02	0.00
24.04	4.00
24.06	0.00
24.08	4.00
24.1	0.00
24.12	4.00
24.14	2.00
24.16	2.00
24.18	4.00
24.2	2.00
24.22	4.00
24.24	0.00
24.26	6.00
24.28	0.00
24.3	4.00
24.32	4.00
24.34	2.00
24.36	2.00
24.38	0.00
24.4	2.00
24.42	2.00
24.44	0.00
24.46	4.00
24.48	4.00
24.5	2.00
24.52	2.00
24.54	2.00
24.56	0.00
24.58	4.00
24.6	2.00
24.62	2.00
24.64	2.00
24.66	6.00
24.68	0.00
24.7	2.00
24.72	2.00
24.74	2.00
24.76	0.00
24.78	2.00
24.8	4.00
24.82	8.00
24.84	8.00
24.86	8.00
24.88	6.00
24.9	10.00
24.92	6.00
24.94	12.00
24.96	14.00
24.98	14.00
25	16.00
25.02	20.00
25.04	28.00
25.06	38.00
25.08	34.00
25.1	56.00
25.12	58.00
25.14	58.00
25.16	66.00
25.18	102.00
25.2	104.00
25.22	132.00
25.24	146.00
25.26	162.00
25.28	204.00
25.3	192.00
25.32	218.00
25.34	230.00
25.36	254.00
25.38	234.00
25.4	230.00
25.42	248.00
25.44	244.00
25.46	238.00
25.48	220.00
25.5	186.00
25.52	208.00
25.54	164.00
25.56	184.00
25.58	124.00
25.6	132.00
25.62	100.00
25.64	66.00
25.66	50.00
25.68	48.00
25.7	28.00
25.72	20.00
25.74	20.00
25.76	20.00
25.78	14.00
25.8	14.00
25.82	8.00
25.84	4.00
25.86	8.00
25.88	10.00
25.9	4.00
25.92	6.00
25.94	2.00
25.96	4.00
25.98	4.00
26	8.00
26.02	4.00
26.04	2.00
26.06	6.00
26.08	6.00
26.1	6.00
26.12	4.00
26.14	4.00
26.16	2.00
26.18	4.00
26.2	4.00
26.22	0.00
26.24	2.00
26.26	2.00
26.28	2.00
26.3	0.00
26.32	0.00
26.34	2.00
26.36	2.00
26.38	6.00
26.4	4.00
26.42	2.00
26.44	0.00
26.46	2.00
26.48	0.00
26.5	2.00
26.52	0.00
26.54	2.00
26.56	0.00
26.58	2.00
26.6	4.00
26.62	4.00
26.64	2.00
26.66	2.00
26.68	4.00
26.7	2.00
26.72	0.00
26.74	2.00
26.76	2.00
26.78	0.00
26.8	0.00
26.82	2.00
26.84	2.00
26.86	2.00
26.88	2.00
26.9	0.00
26.92	0.00
26.94	6.00
26.96	2.00
26.98	4.00
27	4.00
27.02	2.00
27.04	2.00
27.06	6.00
27.08	2.00
27.1	0.00
27.12	2.00
27.14	2.00
27.16	4.00
27.18	0.00
27.2	2.00
27.22	4.00
27.24	2.00
27.26	10.00
27.28	4.00
27.3	2.00
27.32	10.00
27.34	6.00
27.36	8.00
27.38	8.00
27.4	8.00
27.42	16.00
27.44	18.00
27.46	14.00
27.48	10.00
27.5	24.00
27.52	14.00
27.54	14.00
27.56	16.00
27.58	18.00
27.6	20.00
27.62	12.00
27.64	14.00
27.66	18.00
27.68	8.00
27.7	16.00
27.72	14.00
27.74	10.00
27.76	14.00
27.78	4.00
27.8	4.00
27.82	6.00
27.84	0.00
27.86	0.00
27.88	6.00
27.9	2.00
27.92	2.00
27.94	4.00
27.96	4.00
27.98	2.00
28	0.00
28.02	2.00
28.04	4.00
28.06	2.00
28.08	0.00
28.1	2.00
28.12	6.00
28.14	0.00
28.16	2.00
28.18	0.00
28.2	2.00
28.22	0.00
28.24	2.00
28.26	2.00
28.28	0.00
28.3	2.00
28.32	0.00
28.34	2.00
28.36	0.00
28.38	4.00
28.4	0.00
28.42	2.00
28.44	0.00
28.46	2.00
28.48	2.00
28.5	2.00
28.52	0.00
28.54	2.00
28.56	0.00
28.58	6.00
28.6	2.00
28.62	4.00
28.64	4.00
28.66	2.00
28.68	0.00
28.7	2.00
28.72	4.00
28.74	2.00
28.76	0.00
28.78	4.00
28.8	0.00
28.82	0.00
28.84	0.00
28.86	2.00
28.88	0.00
28.9	2.00
28.92	0.00
28.94	0.00
28.96	0.00
28.98	4.00
29	0.00
29.02	0.00
29.04	2.00
29.06	2.00
29.08	4.00
29.1	2.00
29.12	4.00
29.14	0.00
29.16	2.00
29.18	2.00
29.2	0.00
29.22	2.00
29.24	2.00
29.26	2.00
29.28	4.00
29.3	2.00
29.32	2.00
29.34	2.00
29.36	2.00
29.38	2.00
29.4	0.00
29.42	4.00
29.44	0.00
29.46	2.00
29.48	2.00
29.5	2.00
29.52	0.00
29.54	2.00
29.56	2.00
29.58	2.00
29.6	2.00
29.62	0.00
29.64	2.00
29.66	2.00
29.68	2.00
29.7	0.00
29.72	0.00
29.74	2.00
29.76	2.00
29.78	2.00
29.8	0.00
29.82	2.00
29.84	2.00
29.86	4.00
29.88	0.00
29.9	2.00
29.92	2.00
29.94	2.00
29.96	4.00
29.98	0.00
30	0.00
30.02	2.00
30.04	0.00
30.06	0.00
30.08	0.00
30.1	0.00
30.12	0.00
30.14	0.00
30.16	0.00
30.18	2.00
30.2	2.00
30.22	2.00
30.24	4.00
30.26	0.00
30.28	2.00
30.3	2.00
30.32	0.00
30.34	2.00
30.36	0.00
30.38	2.00
30.4	2.00
30.42	0.00
30.44	2.00
30.46	4.00
30.48	0.00
30.5	0.00
30.52	0.00
30.54	4.00
30.56	0.00
30.58	2.00
30.6	2.00
30.62	2.00
30.64	0.00
30.66	2.00
30.68	4.00
30.7	2.00
30.72	0.00
30.74	2.00
30.76	2.00
30.78	0.00
30.8	2.00
30.82	0.00
30.84	2.00
30.86	0.00
30.88	0.00
30.9	2.00
30.92	0.00
30.94	0.00
30.96	2.00
30.98	2.00
31	2.00
31.02	0.00
31.04	0.00
31.06	0.00
31.08	2.00
31.1	0.00
31.12	2.00
31.14	0.00
31.16	2.00
31.18	2.00
31.2	0.00
31.22	0.00
31.24	2.00
31.26	2.00
31.28	0.00
31.3	2.00
31.32	2.00
31.34	2.00
31.36	0.00
31.38	2.00
31.4	0.00
31.42	2.00
31.44	2.00
31.46	0.00
31.48	2.00
31.5	2.00
31.52	2.00
31.54	0.00
31.56	0.00
31.58	2.00
31.6	4.00
31.62	2.00
31.64	0.00
31.66	2.00
31.68	0.00
31.7	0.00
31.72	2.00
31.74	2.00
31.76	0.00
31.78	2.00
31.8	2.00
31.82	4.00
31.84	2.00
31.86	0.00
31.88	0.00
31.9	4.00
31.92	2.00
31.94	0.00
31.96	0.00
31.98	2.00
32	4.00
32.02	0.00
32.04	0.00
32.06	0.00
32.08	2.00
32.1	4.00
32.12	0.00
32.14	2.00
32.16	0.00
32.18	0.00
32.2	0.00
32.22	0.00
32.24	4.00
32.26	0.00
32.28	0.00
32.3	2.00
32.32	0.00
32.34	2.00
32.36	2.00
32.38	2.00
32.4	2.00
32.42	0.00
32.44	2.00
32.46	2.00
32.48	0.00
32.5	0.00
32.52	2.00
32.54	4.00
32.56	0.00
32.58	2.00
32.6	2.00
32.62	0.00
32.64	2.00
32.66	4.00
32.68	0.00
32.7	2.00
32.72	2.00
32.74	2.00
32.76	0.00
32.78	2.00
32.8	2.00
32.82	2.00
32.84	2.00
32.86	0.00
32.88	2.00
32.9	0.00
32.92	0.00
32.94	2.00
32.96	0.00
32.98	2.00
33	2.00
33.02	2.00
33.04	0.00
33.06	0.00
33.08	2.00
33.1	2.00
33.12	0.00
33.14	2.00
33.16	2.00
33.18	2.00
33.2	4.00
33.22	2.00
33.24	2.00
33.26	4.00
33.28	0.00
33.3	2.00
33.32	2.00
33.34	0.00
33.36	4.00
33.38	0.00
33.4	6.00
33.42	2.00
33.44	2.00
33.46	2.00
33.48	0.00
33.5	2.00
33.52	4.00
33.54	0.00
33.56	2.00
33.58	2.00
33.6	2.00
33.62	4.00
33.64	0.00
33.66	0.00
33.68	0.00
33.7	4.00
33.72	0.00
33.74	4.00
33.76	0.00
33.78	2.00
33.8	4.00
33.82	0.00
33.84	2.00
33.86	0.00
33.88	2.00
33.9	2.00
33.92	0.00
33.94	0.00
33.96	2.00
33.98	0.00
34	2.00
34.02	0.00
34.04	2.00
34.06	2.00
34.08	0.00
34.1	2.00
34.12	4.00
34.14	0.00
34.16	2.00
34.18	0.00
34.2	0.00
34.22	0.00
34.24	0.00
34.26	0.00
34.28	2.00
34.3	0.00
34.32	0.00
34.34	2.00
34.36	0.00
34.38	2.00
34.4	2.00
34.42	0.00
34.44	2.00
34.46	0.00
34.48	2.00
34.5	0.00
34.52	0.00
34.54	2.00
34.56	2.00
34.58	0.00
34.6	2.00
34.62	4.00
34.64	2.00
34.66	2.00
34.68	2.00
34.7	0.00
34.72	0.00
34.74	0.00
34.76	0.00
34.78	2.00
34.8	0.00
34.82	0.00
34.84	0.00
34.86	0.00
34.88	2.00
34.9	2.00
34.92	0.00
34.94	2.00
34.96	0.00
34.98	2.00
35	2.00
35.02	0.00
35.04	0.00
35.06	2.00
35.08	2.00
35.1	2.00
35.12	2.00
35.14	2.00
35.16	0.00
35.18	2.00
35.2	0.00
35.22	0.00
35.24	2.00
35.26	0.00
35.28	0.00
35.3	0.00
35.32	0.00
35.34	4.00
35.36	2.00
35.38	2.00
35.4	0.00
35.42	0.00
35.44	0.00
35.46	2.00
35.48	0.00
35.5	0.00
35.52	2.00
35.54	2.00
35.56	2.00
35.58	2.00
35.6	0.00
35.62	2.00
35.64	0.00
35.66	0.00
35.68	2.00
35.7	2.00
35.72	0.00
35.74	0.00
35.76	2.00
35.78	0.00
35.8	6.00
35.82	2.00
35.84	2.00
35.86	4.00
35.88	0.00
35.9	0.00
35.92	4.00
35.94	4.00
35.96	2.00
35.98	6.00
36	4.00
36.02	8.00
36.04	4.00
36.06	6.00
36.08	10.00
36.1	6.00
36.12	4.00
36.14	8.00
36.16	10.00
36.18	8.00
36.2	10.00
36.22	8.00
36.24	6.00
36.26	4.00
36.28	8.00
36.3	8.00
36.32	6.00
36.34	4.00
36.36	4.00
36.38	4.00
36.4	8.00
36.42	8.00
36.44	4.00
36.46	0.00
36.48	0.00
36.5	6.00
36.52	2.00
36.54	2.00
36.56	4.00
36.58	2.00
36.6	0.00
36.62	2.00
36.64	2.00
36.66	2.00
36.68	2.00
36.7	0.00
36.72	2.00
36.74	2.00
36.76	0.00
36.78	4.00
36.8	4.00
36.82	6.00
36.84	8.00
36.86	8.00
36.88	8.00
36.9	14.00
36.92	18.00
36.94	8.00
36.96	16.00
36.98	16.00
37	10.00
37.02	8.00
37.04	20.00
37.06	22.00
37.08	16.00
37.1	14.00
37.12	12.00
37.14	20.00
37.16	20.00
37.18	14.00
37.2	6.00
37.22	14.00
37.24	14.00
37.26	12.00
37.28	8.00
37.3	8.00
37.32	6.00
37.34	0.00
37.36	4.00
37.38	2.00
37.4	2.00
37.42	2.00
37.44	2.00
37.46	2.00
37.48	4.00
37.5	10.00
37.52	4.00
37.54	6.00
37.56	2.00
37.58	8.00
37.6	8.00
37.62	10.00
37.64	12.00
37.66	8.00
37.68	14.00
37.7	30.00
37.72	28.00
37.74	38.00
37.76	42.00
37.78	34.00
37.8	38.00
37.82	50.00
37.84	44.00
37.86	60.00
37.88	64.00
37.9	50.00
37.92	50.00
37.94	44.00
37.96	48.00
37.98	46.00
38	56.00
38.02	36.00
38.04	44.00
38.06	32.00
38.08	32.00
38.1	32.00
38.12	24.00
38.14	18.00
38.16	24.00
38.18	6.00
38.2	8.00
38.22	4.00
38.24	8.00
38.26	2.00
38.28	4.00
38.3	6.00
38.32	4.00
38.34	8.00
38.36	2.00
38.38	6.00
38.4	2.00
38.42	10.00
38.44	6.00
38.46	4.00
38.48	8.00
38.5	10.00
38.52	6.00
38.54	12.00
38.56	12.00
38.58	10.00
38.6	14.00
38.62	22.00
38.64	18.00
38.66	16.00
38.68	18.00
38.7	22.00
38.72	16.00
38.74	22.00
38.76	18.00
38.78	14.00
38.8	8.00
38.82	12.00
38.84	14.00
38.86	10.00
38.88	10.00
38.9	12.00
38.92	6.00
38.94	8.00
38.96	4.00
38.98	2.00
39	4.00
39.02	4.00
39.04	2.00
39.06	0.00
39.08	4.00
39.1	4.00
39.12	0.00
39.14	4.00
39.16	4.00
39.18	0.00
39.2	2.00
39.22	4.00
39.24	4.00
39.26	0.00
39.28	2.00
39.3	2.00
39.32	2.00
39.34	0.00
39.36	2.00
39.38	2.00
39.4	4.00
39.42	4.00
39.44	2.00
39.46	2.00
39.48	4.00
39.5	0.00
39.52	2.00
39.54	2.00
39.56	2.00
39.58	0.00
39.6	0.00
39.62	2.00
39.64	0.00
39.66	0.00
39.68	0.00
39.7	2.00
39.72	0.00
39.74	0.00
39.76	0.00
39.78	2.00
39.8	0.00
39.82	0.00
39.84	0.00
39.86	0.00
39.88	0.00
39.9	2.00
39.92	2.00
39.94	2.00
39.96	0.00
39.98	2.00
40	0.00
40.02	2.00
40.04	0.00
40.06	2.00
40.08	0.00
40.1	0.00
40.12	2.00
40.14	2.00
40.16	0.00
40.18	0.00
40.2	0.00
40.22	0.00
40.24	0.00
40.26	0.00
40.28	0.00
40.3	2.00
40.32	2.00
40.34	0.00
40.36	0.00
40.38	4.00
40.4	0.00
40.42	0.00
40.44	2.00
40.46	0.00
40.48	2.00
40.5	0.00
40.52	0.00
40.54	0.00
40.56	0.00
40.58	0.00
40.6	0.00
40.62	4.00
40.64	0.00
40.66	4.00
40.68	0.00
40.7	0.00
40.72	2.00
40.74	0.00
40.76	2.00
40.78	0.00
40.8	2.00
40.82	2.00
40.84	2.00
40.86	0.00
40.88	2.00
40.9	0.00
40.92	0.00
40.94	0.00
40.96	2.00
40.98	0.00
41	4.00
41.02	0.00
41.04	0.00
41.06	4.00
41.08	0.00
41.1	4.00
41.12	0.00
41.14	0.00
41.16	2.00
41.18	4.00
41.2	0.00
41.22	0.00
41.24	6.00
41.26	4.00
41.28	2.00
41.3	2.00
41.32	2.00
41.34	2.00
41.36	6.00
41.38	6.00
41.4	4.00
41.42	2.00
41.44	2.00
41.46	4.00
41.48	6.00
41.5	6.00
41.52	2.00
41.54	2.00
41.56	2.00
41.58	4.00
41.6	2.00
41.62	2.00
41.64	2.00
41.66	0.00
41.68	2.00
41.7	4.00
41.72	2.00
41.74	0.00
41.76	0.00
41.78	2.00
41.8	0.00
41.82	2.00
41.84	0.00
41.86	2.00
41.88	0.00
41.9	2.00
41.92	0.00
41.94	0.00
41.96	2.00
41.98	0.00
42	2.00
42.02	0.00
42.04	0.00
42.06	2.00
42.08	0.00
42.1	0.00
42.12	0.00
42.14	2.00
42.16	0.00
42.18	2.00
42.2	0.00
42.22	2.00
42.24	2.00
42.26	2.00
42.28	2.00
42.3	0.00
42.32	2.00
42.34	2.00
42.36	0.00
42.38	0.00
42.4	0.00
42.42	2.00
42.44	4.00
42.46	2.00
42.48	0.00
42.5	2.00
42.52	0.00
42.54	0.00
42.56	4.00
42.58	0.00
42.6	2.00
42.62	0.00
42.64	0.00
42.66	0.00
42.68	4.00
42.7	0.00
42.72	0.00
42.74	2.00
42.76	0.00
42.78	0.00
42.8	2.00
42.82	2.00
42.84	0.00
42.86	2.00
42.88	0.00
42.9	0.00
42.92	2.00
42.94	0.00
42.96	0.00
42.98	0.00
43	0.00
43.02	2.00
43.04	2.00
43.06	0.00
43.08	2.00
43.1	2.00
43.12	0.00
43.14	0.00
43.16	0.00
43.18	2.00
43.2	0.00
43.22	2.00
43.24	2.00
43.26	0.00
43.28	0.00
43.3	2.00
43.32	4.00
43.34	0.00
43.36	2.00
43.38	0.00
43.4	2.00
43.42	2.00
43.44	0.00
43.46	2.00
43.48	0.00
43.5	0.00
43.52	2.00
43.54	0.00
43.56	2.00
43.58	2.00
43.6	0.00
43.62	0.00
43.64	0.00
43.66	2.00
43.68	0.00
43.7	0.00
43.72	2.00
43.74	2.00
43.76	2.00
43.78	0.00
43.8	0.00
43.82	2.00
43.84	2.00
43.86	0.00
43.88	4.00
43.9	2.00
43.92	0.00
43.94	0.00
43.96	0.00
43.98	0.00
44	2.00
44.02	0.00
44.04	4.00
44.06	2.00
44.08	2.00
44.1	0.00
44.12	0.00
44.14	4.00
44.16	0.00
44.18	0.00
44.2	2.00
44.22	2.00
44.24	2.00
44.26	4.00
44.28	0.00
44.3	2.00
44.32	2.00
44.34	0.00
44.36	2.00
44.38	0.00
44.4	0.00
44.42	4.00
44.44	0.00
44.46	2.00
44.48	0.00
44.5	0.00
44.52	0.00
44.54	0.00
44.56	0.00
44.58	2.00
44.6	2.00
44.62	2.00
44.64	2.00
44.66	0.00
44.68	0.00
44.7	0.00
44.72	0.00
44.74	0.00
44.76	2.00
44.78	0.00
44.8	0.00
44.82	0.00
44.84	0.00
44.86	4.00
44.88	0.00
44.9	0.00
44.92	0.00
44.94	2.00
44.96	0.00
44.98	2.00
45	0.00
45.02	0.00
45.04	2.00
45.06	0.00
45.08	4.00
45.1	2.00
45.12	0.00
45.14	2.00
45.16	2.00
45.18	0.00
45.2	0.00
45.22	0.00
45.24	2.00
45.26	0.00
45.28	0.00
45.3	0.00
45.32	2.00
45.34	0.00
45.36	2.00
45.38	2.00
45.4	0.00
45.42	2.00
45.44	0.00
45.46	2.00
45.48	2.00
45.5	2.00
45.52	0.00
45.54	0.00
45.56	0.00
45.58	2.00
45.6	0.00
45.62	0.00
45.64	4.00
45.66	0.00
45.68	2.00
45.7	2.00
45.72	4.00
45.74	2.00
45.76	4.00
45.78	0.00
45.8	2.00
45.82	2.00
45.84	0.00
45.86	0.00
45.88	2.00
45.9	0.00
45.92	0.00
45.94	0.00
45.96	0.00
45.98	2.00
46	0.00
46.02	2.00
46.04	0.00
46.06	0.00
46.08	2.00
46.1	2.00
46.12	2.00
46.14	0.00
46.16	0.00
46.18	2.00
46.2	0.00
46.22	0.00
46.24	0.00
46.26	0.00
46.28	2.00
46.3	0.00
46.32	0.00
46.34	0.00
46.36	2.00
46.38	2.00
46.4	0.00
46.42	2.00
46.44	0.00
46.46	0.00
46.48	2.00
46.5	2.00
46.52	0.00
46.54	0.00
46.56	4.00
46.58	0.00
46.6	0.00
46.62	0.00
46.64	2.00
46.66	2.00
46.68	0.00
46.7	2.00
46.72	0.00
46.74	2.00
46.76	2.00
46.78	0.00
46.8	0.00
46.82	0.00
46.84	2.00
46.86	0.00
46.88	2.00
46.9	0.00
46.92	0.00
46.94	2.00
46.96	0.00
46.98	2.00
47	4.00
47.02	0.00
47.04	4.00
47.06	0.00
47.08	2.00
47.1	0.00
47.12	0.00
47.14	2.00
47.16	0.00
47.18	2.00
47.2	4.00
47.22	2.00
47.24	0.00
47.26	0.00
47.28	0.00
47.3	0.00
47.32	2.00
47.34	0.00
47.36	0.00
47.38	2.00
47.4	2.00
47.42	0.00
47.44	0.00
47.46	4.00
47.48	0.00
47.5	0.00
47.52	2.00
47.54	4.00
47.56	2.00
47.58	0.00
47.6	2.00
47.62	2.00
47.64	2.00
47.66	2.00
47.68	6.00
47.7	0.00
47.72	4.00
47.74	8.00
47.76	10.00
47.78	6.00
47.8	10.00
47.82	10.00
47.84	10.00
47.86	12.00
47.88	10.00
47.9	20.00
47.92	24.00
47.94	28.00
47.96	24.00
47.98	32.00
48	24.00
48.02	38.00
48.04	44.00
48.06	58.00
48.08	58.00
48.1	60.00
48.12	70.00
48.14	74.00
48.16	70.00
48.18	68.00
48.2	72.00
48.22	60.00
48.24	66.00
48.26	68.00
48.28	56.00
48.3	46.00
48.32	44.00
48.34	36.00
48.36	42.00
48.38	44.00
48.4	36.00
48.42	32.00
48.44	26.00
48.46	16.00
48.48	16.00
48.5	10.00
48.52	10.00
48.54	2.00
48.56	8.00
48.58	6.00
48.6	4.00
48.62	2.00
48.64	2.00
48.66	2.00
48.68	2.00
48.7	4.00
48.72	2.00
48.74	6.00
48.76	2.00
48.78	0.00
48.8	2.00
48.82	2.00
48.84	2.00
48.86	2.00
48.88	2.00
48.9	0.00
48.92	0.00
48.94	0.00
48.96	4.00
48.98	4.00
49	0.00
49.02	2.00
49.04	0.00
49.06	2.00
49.08	2.00
49.1	0.00
49.12	0.00
49.14	2.00
49.16	2.00
49.18	0.00
49.2	2.00
49.22	4.00
49.24	0.00
49.26	0.00
49.28	0.00
49.3	2.00
49.32	2.00
49.34	4.00
49.36	2.00
49.38	0.00
49.4	4.00
49.42	0.00
49.44	2.00
49.46	0.00
49.48	2.00
49.5	0.00
49.52	2.00
49.54	2.00
49.56	2.00
49.58	0.00
49.6	2.00
49.62	0.00
49.64	0.00
49.66	2.00
49.68	2.00
49.7	0.00
49.72	2.00
49.74	0.00
49.76	0.00
49.78	0.00
49.8	0.00
49.82	2.00
49.84	2.00
49.86	0.00
49.88	4.00
49.9	2.00
49.92	2.00
49.94	0.00
49.96	2.00
49.98	0.00
50	2.00
50.02	0.00
50.04	0.00
50.06	2.00
50.08	0.00
50.1	0.00
50.12	4.00
50.14	0.00
50.16	0.00
50.18	0.00
50.2	2.00
50.22	0.00
50.24	0.00
50.26	0.00
50.28	2.00
50.3	0.00
50.32	0.00
50.34	0.00
50.36	0.00
50.38	2.00
50.4	0.00
50.42	2.00
50.44	0.00
50.46	0.00
50.48	0.00
50.5	0.00
50.52	4.00
50.54	0.00
50.56	2.00
50.58	0.00
50.6	0.00
50.62	0.00
50.64	2.00
50.66	2.00
50.68	0.00
50.7	2.00
50.72	0.00
50.74	2.00
50.76	2.00
50.78	2.00
50.8	0.00
50.82	0.00
50.84	2.00
50.86	0.00
50.88	0.00
50.9	0.00
50.92	0.00
50.94	2.00
50.96	0.00
50.98	0.00
51	0.00
51.02	2.00
51.04	2.00
51.06	2.00
51.08	2.00
51.1	0.00
51.12	2.00
51.14	0.00
51.16	0.00
51.18	2.00
51.2	2.00
51.22	2.00
51.24	2.00
51.26	2.00
51.28	0.00
51.3	4.00
51.32	2.00
51.34	4.00
51.36	0.00
51.38	0.00
51.4	2.00
51.42	0.00
51.44	0.00
51.46	0.00
51.48	0.00
51.5	0.00
51.52	4.00
51.54	0.00
51.56	0.00
51.58	2.00
51.6	0.00
51.62	0.00
51.64	2.00
51.66	0.00
51.68	0.00
51.7	2.00
51.72	0.00
51.74	0.00
51.76	2.00
51.78	0.00
51.8	0.00
51.82	0.00
51.84	2.00
51.86	0.00
51.88	0.00
51.9	2.00
51.92	2.00
51.94	0.00
51.96	2.00
51.98	0.00
52	0.00
52.02	0.00
52.04	0.00
52.06	2.00
52.08	2.00
52.1	0.00
52.12	0.00
52.14	2.00
52.16	2.00
52.18	0.00
52.2	0.00
52.22	2.00
52.24	2.00
52.26	0.00
52.28	2.00
52.3	2.00
52.32	0.00
52.34	0.00
52.36	0.00
52.38	2.00
52.4	0.00
52.42	2.00
52.44	0.00
52.46	0.00
52.48	0.00
52.5	0.00
52.52	2.00
52.54	2.00
52.56	0.00
52.58	2.00
52.6	0.00
52.62	0.00
52.64	0.00
52.66	4.00
52.68	2.00
52.7	0.00
52.72	0.00
52.74	2.00
52.76	2.00
52.78	2.00
52.8	0.00
52.82	2.00
52.84	2.00
52.86	0.00
52.88	0.00
52.9	2.00
52.92	0.00
52.94	4.00
52.96	0.00
52.98	0.00
53	0.00
53.02	2.00
53.04	2.00
53.06	2.00
53.08	0.00
53.1	4.00
53.12	0.00
53.14	0.00
53.16	2.00
53.18	0.00
53.2	4.00
53.22	0.00
53.24	2.00
53.26	2.00
53.28	2.00
53.3	0.00
53.32	0.00
53.34	2.00
53.36	0.00
53.38	0.00
53.4	4.00
53.42	0.00
53.44	0.00
53.46	2.00
53.48	2.00
53.5	4.00
53.52	4.00
53.54	2.00
53.56	2.00
53.58	8.00
53.6	6.00
53.62	6.00
53.64	2.00
53.66	4.00
53.68	10.00
53.7	10.00
53.72	12.00
53.74	12.00
53.76	12.00
53.78	14.00
53.8	20.00
53.82	18.00
53.84	28.00
53.86	32.00
53.88	44.00
53.9	32.00
53.92	40.00
53.94	44.00
53.96	48.00
53.98	38.00
54	60.00
54.02	40.00
54.04	48.00
54.06	42.00
54.08	44.00
54.1	52.00
54.12	40.00
54.14	34.00
54.16	34.00
54.18	32.00
54.2	30.00
54.22	22.00
54.24	24.00
54.26	12.00
54.28	26.00
54.3	14.00
54.32	12.00
54.34	20.00
54.36	18.00
54.38	12.00
54.4	12.00
54.42	16.00
54.44	12.00
54.46	12.00
54.48	10.00
54.5	12.00
54.52	14.00
54.54	10.00
54.56	10.00
54.58	10.00
54.6	6.00
54.62	8.00
54.64	4.00
54.66	8.00
54.68	4.00
54.7	6.00
54.72	6.00
54.74	6.00
54.76	8.00
54.78	6.00
54.8	8.00
54.82	6.00
54.84	4.00
54.86	8.00
54.88	8.00
54.9	4.00
54.92	18.00
54.94	12.00
54.96	14.00
54.98	18.00
55	24.00
55.02	28.00
55.04	30.00
55.06	28.00
55.08	32.00
55.1	42.00
55.12	44.00
55.14	40.00
55.16	44.00
55.18	54.00
55.2	42.00
55.22	42.00
55.24	42.00
55.26	50.00
55.28	44.00
55.3	36.00
55.32	42.00
55.34	36.00
55.36	30.00
55.38	22.00
55.4	18.00
55.42	14.00
55.44	20.00
55.46	16.00
55.48	8.00
55.5	8.00
55.52	8.00
55.54	6.00
55.56	2.00
55.58	4.00
55.6	4.00
55.62	2.00
55.64	0.00
55.66	4.00
55.68	4.00
55.7	2.00
55.72	2.00
55.74	6.00
55.76	0.00
55.78	2.00
55.8	0.00
55.82	2.00
55.84	2.00
55.86	2.00
55.88	0.00
55.9	4.00
55.92	0.00
55.94	2.00
55.96	2.00
55.98	2.00
56	6.00
56.02	2.00
56.04	0.00
56.06	4.00
56.08	0.00
56.1	0.00
56.12	0.00
56.14	2.00
56.16	2.00
56.18	2.00
56.2	4.00
56.22	0.00
56.24	2.00
56.26	2.00
56.28	0.00
56.3	2.00
56.32	0.00
56.34	2.00
56.36	2.00
56.38	0.00
56.4	4.00
56.42	2.00
56.44	0.00
56.46	2.00
56.48	4.00
56.5	4.00
56.52	2.00
56.54	0.00
56.56	0.00
56.58	4.00
56.6	2.00
56.62	0.00
56.64	4.00
56.66	4.00
56.68	2.00
56.7	4.00
56.72	4.00
56.74	4.00
56.76	6.00
56.78	0.00
56.8	2.00
56.82	8.00
56.84	4.00
56.86	2.00
56.88	4.00
56.9	4.00
56.92	2.00
56.94	4.00
56.96	0.00
56.98	0.00
57	2.00
57.02	2.00
57.04	4.00
57.06	4.00
57.08	0.00
57.1	0.00
57.12	0.00
57.14	4.00
57.16	2.00
57.18	2.00
57.2	0.00
57.22	2.00
57.24	2.00
57.26	0.00
57.28	0.00
57.3	0.00
57.32	0.00
57.34	2.00
57.36	0.00
57.38	2.00
57.4	2.00
57.42	0.00
57.44	2.00
57.46	2.00
57.48	0.00
57.5	2.00
57.52	0.00
57.54	0.00
57.56	2.00
57.58	2.00
57.6	0.00
57.62	0.00
57.64	0.00
57.66	2.00
57.68	2.00
57.7	0.00
57.72	2.00
57.74	4.00
57.76	2.00
57.78	2.00
57.8	0.00
57.82	2.00
57.84	0.00
57.86	0.00
57.88	0.00
57.9	4.00
57.92	0.00
57.94	0.00
57.96	0.00
57.98	2.00
58	0.00
58.02	2.00
58.04	0.00
58.06	2.00
58.08	0.00
58.1	2.00
58.12	0.00
58.14	2.00
58.16	2.00
58.18	0.00
58.2	4.00
58.22	0.00
58.24	0.00
58.26	4.00
58.28	0.00
58.3	0.00
58.32	0.00
58.34	2.00
58.36	0.00
58.38	0.00
58.4	0.00
58.42	0.00
58.44	2.00
58.46	4.00
58.48	0.00
58.5	0.00
58.52	4.00
58.54	0.00
58.56	0.00
58.58	0.00
58.6	0.00
58.62	0.00
58.64	0.00
58.66	2.00
58.68	0.00
58.7	0.00
58.72	0.00
58.74	0.00
58.76	0.00
58.78	2.00
58.8	2.00
58.82	0.00
58.84	0.00
58.86	0.00
58.88	0.00
58.9	0.00
58.92	0.00
58.94	2.00
58.96	2.00
58.98	0.00
59	0.00
59.02	0.00
59.04	0.00
59.06	0.00
59.08	2.00
59.1	0.00
59.12	2.00
59.14	2.00
59.16	0.00
59.18	0.00
59.2	4.00
59.22	0.00
59.24	2.00
59.26	0.00
59.28	2.00
59.3	0.00
59.32	0.00
59.34	0.00
59.36	0.00
59.38	4.00
59.4	2.00
59.42	0.00
59.44	0.00
59.46	0.00
59.48	0.00
59.5	2.00
59.52	2.00
59.54	0.00
59.56	0.00
59.58	0.00
59.6	2.00
59.62	0.00
59.64	2.00
59.66	0.00
59.68	2.00
59.7	0.00
59.72	0.00
59.74	0.00
59.76	0.00
59.78	2.00
59.8	0.00
59.82	0.00
59.84	0.00
59.86	0.00
59.88	0.00
59.9	0.00
59.92	0.00
59.94	0.00
59.96	2.00
59.98	0.00
60	0.00
60.02	2.00
60.04	0.00
60.06	0.00
60.08	0.00
60.1	2.00
60.12	0.00
60.14	2.00
60.16	2.00
60.18	0.00
60.2	0.00
60.22	0.00
60.24	2.00
60.26	0.00
60.28	2.00
60.3	2.00
60.32	2.00
60.34	0.00
60.36	0.00
60.38	4.00
60.4	2.00
60.42	0.00
60.44	2.00
60.46	0.00
60.48	0.00
60.5	0.00
60.52	0.00
60.54	2.00
60.56	0.00
60.58	0.00
60.6	0.00
60.62	0.00
60.64	2.00
60.66	2.00
60.68	2.00
60.7	0.00
60.72	0.00
60.74	2.00
60.76	2.00
60.78	2.00
60.8	2.00
60.82	2.00
60.84	0.00
60.86	0.00
60.88	2.00
60.9	0.00
60.92	0.00
60.94	0.00
60.96	0.00
60.98	2.00
61	0.00
61.02	0.00
61.04	2.00
61.06	0.00
61.08	0.00
61.1	0.00
61.12	2.00
61.14	0.00
61.16	2.00
61.18	0.00
61.2	0.00
61.22	0.00
61.24	2.00
61.26	0.00
61.28	0.00
61.3	2.00
61.32	2.00
61.34	0.00
61.36	2.00
61.38	0.00
61.4	2.00
61.42	2.00
61.44	2.00
61.46	2.00
61.48	0.00
61.5	2.00
61.52	0.00
61.54	0.00
61.56	4.00
61.58	0.00
61.6	2.00
61.62	0.00
61.64	2.00
61.66	0.00
61.68	2.00
61.7	0.00
61.72	2.00
61.74	0.00
61.76	0.00
61.78	0.00
61.8	2.00
61.82	2.00
61.84	0.00
61.86	0.00
61.88	2.00
61.9	2.00
61.92	6.00
61.94	4.00
61.96	2.00
61.98	0.00
62	6.00
62.02	4.00
62.04	4.00
62.06	6.00
62.08	12.00
62.1	6.00
62.12	8.00
62.14	10.00
62.16	6.00
62.18	8.00
62.2	8.00
62.22	10.00
62.24	10.00
62.26	10.00
62.28	10.00
62.3	8.00
62.32	8.00
62.34	6.00
62.36	6.00
62.38	8.00
62.4	4.00
62.42	8.00
62.44	6.00
62.46	6.00
62.48	4.00
62.5	10.00
62.52	14.00
62.54	12.00
62.56	12.00
62.58	18.00
62.6	18.00
62.62	20.00
62.64	20.00
62.66	24.00
62.68	30.00
62.7	28.00
62.72	26.00
62.74	34.00
62.76	40.00
62.78	36.00
62.8	34.00
62.82	36.00
62.84	28.00
62.86	36.00
62.88	42.00
62.9	38.00
62.92	30.00
62.94	32.00
62.96	24.00
62.98	30.00
63	18.00
63.02	24.00
63.04	18.00
63.06	12.00
63.08	12.00
63.1	20.00
63.12	10.00
63.14	8.00
63.16	8.00
63.18	8.00
63.2	2.00
63.22	6.00
63.24	4.00
63.26	8.00
63.28	4.00
63.3	4.00
63.32	4.00
63.34	0.00
63.36	2.00
63.38	2.00
63.4	0.00
63.42	2.00
63.44	0.00
63.46	2.00
63.48	0.00
63.5	0.00
63.52	4.00
63.54	0.00
63.56	4.00
63.58	4.00
63.6	2.00
63.62	2.00
63.64	4.00
63.66	0.00
63.68	0.00
63.7	2.00
63.72	2.00
63.74	2.00
63.76	0.00
63.78	0.00
63.8	2.00
63.82	2.00
63.84	0.00
63.86	0.00
63.88	0.00
63.9	2.00
63.92	4.00
63.94	2.00
63.96	0.00
63.98	0.00
64	4.00
64.02	2.00
64.04	2.00
64.06	2.00
64.08	2.00
64.1	0.00
64.12	0.00
64.14	2.00
64.16	2.00
64.18	4.00
64.2	0.00
64.22	0.00
64.24	4.00
64.26	2.00
64.28	0.00
64.3	2.00
64.32	2.00
64.34	0.00
64.36	0.00
64.38	0.00
64.4	2.00
64.42	0.00
64.44	0.00
64.46	2.00
64.48	2.00
64.5	0.00
64.52	0.00
64.54	2.00
64.56	2.00
64.58	2.00
64.6	0.00
64.62	4.00
64.64	2.00
64.66	0.00
64.68	2.00
64.7	2.00
64.72	2.00
64.74	0.00
64.76	2.00
64.78	0.00
64.8	0.00
64.82	2.00
64.84	0.00
64.86	2.00
64.88	2.00
64.9	2.00
64.92	4.00
64.94	0.00
64.96	0.00
64.98	0.00
65	0.00
65.02	2.00
65.04	0.00
65.06	2.00
65.08	0.00
65.1	0.00
65.12	2.00
65.14	2.00
65.16	0.00
65.18	0.00
65.2	0.00
65.22	0.00
65.24	0.00
65.26	2.00
65.28	2.00
65.3	2.00
65.32	0.00
65.34	0.00
65.36	0.00
65.38	2.00
65.4	0.00
65.42	2.00
65.44	0.00
65.46	0.00
65.48	0.00
65.5	0.00
65.52	0.00
65.54	2.00
65.56	2.00
65.58	2.00
65.6	2.00
65.62	0.00
65.64	2.00
65.66	0.00
65.68	0.00
65.7	0.00
65.72	2.00
65.74	0.00
65.76	0.00
65.78	0.00
65.8	0.00
65.82	0.00
65.84	0.00
65.86	0.00
65.88	4.00
65.9	0.00
65.92	0.00
65.94	0.00
65.96	2.00
65.98	2.00
66	0.00
66.02	0.00
66.04	0.00
66.06	2.00
66.08	2.00
66.1	2.00
66.12	0.00
66.14	2.00
66.16	2.00
66.18	0.00
66.2	0.00
66.22	2.00
66.24	0.00
66.26	2.00
66.28	0.00
66.3	0.00
66.32	2.00
66.34	0.00
66.36	2.00
66.38	2.00
66.4	0.00
66.42	0.00
66.44	0.00
66.46	2.00
66.48	0.00
66.5	0.00
66.52	2.00
66.54	0.00
66.56	2.00
66.58	0.00
66.6	0.00
66.62	0.00
66.64	2.00
66.66	0.00
66.68	0.00
66.7	2.00
66.72	0.00
66.74	2.00
66.76	0.00
66.78	4.00
66.8	0.00
66.82	0.00
66.84	4.00
66.86	0.00
66.88	2.00
66.9	2.00
66.92	0.00
66.94	2.00
66.96	0.00
66.98	2.00
67	2.00
67.02	0.00
67.04	2.00
67.06	0.00
67.08	0.00
67.1	0.00
67.12	2.00
67.14	2.00
67.16	2.00
67.18	2.00
67.2	0.00
67.22	0.00
67.24	0.00
67.26	0.00
67.28	0.00
67.3	0.00
67.32	2.00
67.34	0.00
67.36	2.00
67.38	0.00
67.4	2.00
67.42	2.00
67.44	0.00
67.46	2.00
67.48	0.00
67.5	2.00
67.52	0.00
67.54	0.00
67.56	0.00
67.58	2.00
67.6	0.00
67.62	2.00
67.64	0.00
67.66	0.00
67.68	2.00
67.7	2.00
67.72	0.00
67.74	0.00
67.76	2.00
67.78	0.00
67.8	2.00
67.82	2.00
67.84	2.00
67.86	2.00
67.88	2.00
67.9	0.00
67.92	0.00
67.94	0.00
67.96	0.00
67.98	0.00
68	2.00
68.02	0.00
68.04	2.00
68.06	0.00
68.08	2.00
68.1	0.00
68.12	2.00
68.14	0.00
68.16	2.00
68.18	2.00
68.2	0.00
68.22	0.00
68.24	0.00
68.26	0.00
68.28	2.00
68.3	0.00
68.32	2.00
68.34	2.00
68.36	2.00
68.38	2.00
68.4	2.00
68.42	0.00
68.44	4.00
68.46	2.00
68.48	2.00
68.5	0.00
68.52	2.00
68.54	6.00
68.56	4.00
68.58	2.00
68.6	4.00
68.62	2.00
68.64	6.00
68.66	4.00
68.68	6.00
68.7	6.00
68.72	10.00
68.74	14.00
68.76	8.00
68.78	16.00
68.8	12.00
68.82	12.00
68.84	14.00
68.86	20.00
68.88	12.00
68.9	20.00
68.92	24.00
68.94	20.00
68.96	10.00
68.98	12.00
69	8.00
69.02	12.00
69.04	10.00
69.06	20.00
69.08	10.00
69.1	16.00
69.12	10.00
69.14	12.00
69.16	10.00
69.18	4.00
69.2	8.00
69.22	8.00
69.24	8.00
69.26	10.00
69.28	6.00
69.3	2.00
69.32	2.00
69.34	4.00
69.36	2.00
69.38	4.00
69.4	2.00
69.42	2.00
69.44	0.00
69.46	6.00
69.48	2.00
69.5	2.00
69.52	2.00
69.54	2.00
69.56	2.00
69.58	4.00
69.6	2.00
69.62	6.00
69.64	2.00
69.66	0.00
69.68	2.00
69.7	0.00
69.72	4.00
69.74	0.00
69.76	2.00
69.78	2.00
69.8	0.00
69.82	2.00
69.84	4.00
69.86	2.00
69.88	2.00
69.9	4.00
69.92	2.00
69.94	0.00
69.96	4.00
69.98	0.00
70	6.00
70.02	4.00
70.04	4.00
70.06	2.00
70.08	8.00
70.1	8.00
70.12	8.00
70.14	4.00
70.16	6.00
70.18	6.00
70.2	12.00
70.22	8.00
70.24	8.00
70.26	14.00
70.28	10.00
70.3	16.00
70.32	16.00
70.34	12.00
70.36	18.00
70.38	10.00
70.4	20.00
70.42	22.00
70.44	18.00
70.46	18.00
70.48	14.00
70.5	16.00
70.52	20.00
70.54	12.00
70.56	16.00
70.58	10.00
70.6	10.00
70.62	6.00
70.64	8.00
70.66	10.00
70.68	10.00
70.7	8.00
70.72	4.00
70.74	8.00
70.76	4.00
70.78	4.00
70.8	4.00
70.82	2.00
70.84	6.00
70.86	0.00
70.88	2.00
70.9	4.00
70.92	0.00
70.94	0.00
70.96	0.00
70.98	4.00
71	2.00
71.02	0.00
71.04	2.00
71.06	2.00
71.08	2.00
71.1	0.00
71.12	2.00
71.14	0.00
71.16	2.00
71.18	2.00
71.2	2.00
71.22	0.00
71.24	0.00
71.26	0.00
71.28	0.00
71.3	2.00
71.32	0.00
71.34	2.00
71.36	0.00
71.38	2.00
71.4	0.00
71.42	0.00
71.44	2.00
71.46	0.00
71.48	0.00
71.5	2.00
71.52	2.00
71.54	0.00
71.56	0.00
71.58	0.00
71.6	0.00
71.62	0.00
71.64	0.00
71.66	0.00
71.68	4.00
71.7	0.00
71.72	0.00
71.74	2.00
71.76	0.00
71.78	0.00
71.8	0.00
71.82	2.00
71.84	0.00
71.86	0.00
71.88	0.00
71.9	0.00
71.92	2.00
71.94	2.00
71.96	2.00
71.98	0.00
72	0.00
72.02	0.00
72.04	0.00
72.06	2.00
72.08	0.00
72.1	2.00
72.12	2.00
72.14	0.00
72.16	0.00
72.18	0.00
72.2	2.00
72.22	0.00
72.24	0.00
72.26	2.00
72.28	0.00
72.3	0.00
72.32	2.00
72.34	0.00
72.36	0.00
72.38	2.00
72.4	2.00
72.42	0.00
72.44	2.00
72.46	0.00
72.48	0.00
72.5	0.00
72.52	2.00
72.54	0.00
72.56	2.00
72.58	0.00
72.6	0.00
72.62	2.00
72.64	2.00
72.66	0.00
72.68	0.00
72.7	2.00
72.72	2.00
72.74	2.00
72.76	0.00
72.78	0.00
72.8	2.00
72.82	0.00
72.84	0.00
72.86	2.00
72.88	2.00
72.9	0.00
72.92	2.00
72.94	0.00
72.96	2.00
72.98	0.00
73	0.00
73.02	0.00
73.04	0.00
73.06	0.00
73.08	2.00
73.1	0.00
73.12	2.00
73.14	0.00
73.16	2.00
73.18	0.00
73.2	2.00
73.22	2.00
73.24	0.00
73.26	4.00
73.28	0.00
73.3	0.00
73.32	2.00
73.34	2.00
73.36	0.00
73.38	2.00
73.4	0.00
73.42	2.00
73.44	0.00
73.46	0.00
73.48	2.00
73.5	0.00
73.52	2.00
73.54	2.00
73.56	0.00
73.58	0.00
73.6	0.00
73.62	0.00
73.64	0.00
73.66	2.00
73.68	0.00
73.7	0.00
73.72	0.00
73.74	2.00
73.76	0.00
73.78	0.00
73.8	0.00
73.82	0.00
73.84	0.00
73.86	2.00
73.88	2.00
73.9	0.00
73.92	2.00
73.94	2.00
73.96	0.00
73.98	0.00
74	2.00
74.02	0.00
74.04	2.00
74.06	2.00
74.08	0.00
74.1	2.00
74.12	0.00
74.14	2.00
74.16	0.00
74.18	0.00
74.2	0.00
74.22	2.00
74.24	4.00
74.26	2.00
74.28	2.00
74.3	4.00
74.32	2.00
74.34	4.00
74.36	4.00
74.38	2.00
74.4	0.00
74.42	4.00
74.44	2.00
74.46	2.00
74.48	4.00
74.5	0.00
74.52	2.00
74.54	2.00
74.56	2.00
74.58	4.00
74.6	0.00
74.62	2.00
74.64	4.00
74.66	0.00
74.68	2.00
74.7	0.00
74.72	4.00
74.74	4.00
74.76	2.00
74.78	2.00
74.8	4.00
74.82	8.00
74.84	6.00
74.86	4.00
74.88	8.00
74.9	4.00
74.92	8.00
74.94	8.00
74.96	4.00
74.98	12.00
75	18.00
75.02	12.00
75.04	10.00
75.06	18.00
75.08	22.00
75.1	22.00
75.12	16.00
75.14	24.00
75.16	20.00
75.18	22.00
75.2	22.00
75.22	22.00
75.24	32.00
75.26	30.00
75.28	34.00
75.3	18.00
75.32	28.00
75.34	14.00
75.36	20.00
75.38	16.00
75.4	16.00
75.42	12.00
75.44	8.00
75.46	10.00
75.48	8.00
75.5	10.00
75.52	8.00
75.54	8.00
75.56	4.00
75.58	4.00
75.6	4.00
75.62	2.00
75.64	4.00
75.66	6.00
75.68	0.00
75.7	2.00
75.72	4.00
75.74	2.00
75.76	2.00
75.78	2.00
75.8	4.00
75.82	0.00
75.84	2.00
75.86	2.00
75.88	2.00
75.9	4.00
75.92	6.00
75.94	6.00
75.96	2.00
75.98	4.00
76	2.00
76.02	2.00
76.04	6.00
76.06	6.00
76.08	10.00
76.1	10.00
76.12	4.00
76.14	4.00
76.16	8.00
76.18	10.00
76.2	10.00
76.22	2.00
76.24	8.00
76.26	4.00
76.28	8.00
76.3	8.00
76.32	6.00
76.34	6.00
76.36	6.00
76.38	4.00
76.4	2.00
76.42	4.00
76.44	2.00
76.46	4.00
76.48	2.00
76.5	4.00
76.52	2.00
76.54	2.00
76.56	0.00
76.58	4.00
76.6	6.00
76.62	2.00
76.64	4.00
76.66	0.00
76.68	2.00
76.7	0.00
76.72	2.00
76.74	2.00
76.76	0.00
76.78	0.00
76.8	2.00
76.82	2.00
76.84	0.00
76.86	2.00
76.88	0.00
76.9	0.00
76.92	2.00
76.94	2.00
76.96	2.00
76.98	0.00
77	2.00
77.02	0.00
77.04	0.00
77.06	0.00
77.08	4.00
77.1	2.00
77.12	0.00
77.14	0.00
77.16	4.00
77.18	2.00
77.2	0.00
77.22	0.00
77.24	2.00
77.26	0.00
77.28	0.00
77.3	0.00
77.32	2.00
77.34	2.00
77.36	2.00
77.38	0.00
77.4	2.00
77.42	0.00
77.44	0.00
77.46	0.00
77.48	0.00
77.5	2.00
77.52	2.00
77.54	0.00
77.56	0.00
77.58	0.00
77.6	2.00
77.62	0.00
77.64	0.00
77.66	0.00
77.68	0.00
77.7	2.00
77.72	2.00
77.74	2.00
77.76	0.00
77.78	0.00
77.8	2.00
77.82	0.00
77.84	0.00
77.86	2.00
77.88	0.00
77.9	0.00
77.92	0.00
77.94	0.00
77.96	0.00
77.98	0.00
78	0.00
78.02	0.00
78.04	2.00
78.06	0.00
78.08	0.00
78.1	2.00
78.12	0.00
78.14	2.00
78.16	0.00
78.18	0.00
78.2	2.00
78.22	0.00
78.24	0.00
78.26	0.00
78.28	0.00
78.3	2.00
78.32	0.00
78.34	0.00
78.36	0.00
78.38	0.00
78.4	0.00
78.42	0.00
78.44	0.00
78.46	4.00
78.48	0.00
78.5	2.00
78.52	2.00
78.54	0.00
78.56	2.00
78.58	0.00
78.6	0.00
78.62	0.00
78.64	0.00
78.66	0.00
78.68	2.00
78.7	2.00
78.72	0.00
78.74	2.00
78.76	0.00
78.78	2.00
78.8	2.00
78.82	0.00
78.84	2.00
78.86	0.00
78.88	2.00
78.9	0.00
78.92	2.00
78.94	0.00
78.96	0.00
78.98	0.00
79	0.00
79.02	2.00
79.04	0.00
79.06	0.00
79.08	2.00
79.1	0.00
79.12	2.00
79.14	0.00
79.16	0.00
79.18	0.00
79.2	0.00
79.22	2.00
79.24	0.00
79.26	2.00
79.28	4.00
79.3	0.00
79.32	0.00
79.34	0.00
79.36	0.00
79.38	0.00
79.4	2.00
79.42	0.00
79.44	2.00
79.46	2.00
79.48	2.00
79.5	2.00
79.52	0.00
79.54	0.00
79.56	2.00
79.58	0.00
79.6	0.00
79.62	0.00
79.64	0.00
79.66	2.00
79.68	0.00
79.7	0.00
79.72	2.00
79.74	0.00
79.76	0.00
79.78	0.00
79.8	0.00
79.82	0.00
79.84	2.00
79.86	0.00
79.88	0.00
79.9	0.00
79.92	2.00
79.94	0.00
79.96	2.00
79.98	4.00
80	0.00
