COMMANDER Sample ID
Wavelength = 1.54059
10.0001	397.00
10.0206	416.00
10.041	438.00
10.0615	386.00
10.082	412.00
10.1024	425.00
10.1229	407.00
10.1433	415.00
10.1638	419.00
10.1843	410.00
10.2047	387.00
10.2252	416.00
10.2457	402.00
10.2661	348.00
10.2866	399.00
10.3071	406.00
10.3275	367.00
10.348	373.00
10.3684	375.00
10.3889	381.00
10.4094	379.00
10.4298	360.00
10.4503	388.00
10.4708	369.00
10.4912	404.00
10.5117	388.00
10.5321	388.00
10.5526	359.00
10.5731	370.00
10.5935	361.00
10.614	395.00
10.6345	332.00
10.6549	361.00
10.6754	366.00
10.6959	355.00
10.7163	396.00
10.7368	383.00
10.7572	402.00
10.7777	344.00
10.7982	323.00
10.8186	339.00
10.8391	375.00
10.8596	371.00
10.88	356.00
10.9005	311.00
10.9209	343.00
10.9414	369.00
10.9619	335.00
10.9823	349.00
11.0028	366.00
11.0233	341.00
11.0437	317.00
11.0642	344.00
11.0847	331.00
11.1051	400.00
11.1256	314.00
11.146	346.00
11.1665	334.00
11.187	348.00
11.2074	324.00
11.2279	347.00
11.2484	330.00
11.2688	362.00
11.2893	320.00
11.3097	312.00
11.3302	340.00
11.3507	362.00
11.3711	343.00
11.3916	324.00
11.4121	329.00
11.4325	330.00
11.453	325.00
11.4735	328.00
11.4939	301.00
11.5144	325.00
11.5348	348.00
11.5553	342.00
11.5758	364.00
11.5962	333.00
11.6167	296.00
11.6372	329.00
11.6576	330.00
11.6781	330.00
11.6985	309.00
11.719	310.00
11.7395	293.00
11.7599	310.00
11.7804	333.00
11.8009	301.00
11.8213	312.00
11.8418	317.00
11.8623	299.00
11.8827	301.00
11.9032	319.00
11.9236	297.00
11.9441	304.00
11.9646	351.00
11.985	297.00
12.0055	333.00
12.026	326.00
12.0464	312.00
12.0669	289.00
12.0873	287.00
12.1078	312.00
12.1283	300.00
12.1487	303.00
12.1692	287.00
12.1897	290.00
12.2101	335.00
12.2306	287.00
12.2511	287.00
12.2715	291.00
12.292	294.00
12.3124	283.00
12.3329	290.00
12.3534	289.00
12.3738	272.00
12.3943	260.00
12.4148	285.00
12.4352	274.00
12.4557	304.00
12.4761	270.00
12.4966	294.00
12.5171	270.00
12.5375	270.00
12.558	280.00
12.5785	308.00
12.5989	277.00
12.6194	311.00
12.6399	304.00
12.6603	288.00
12.6808	282.00
12.7012	295.00
12.7217	288.00
12.7422	269.00
12.7626	267.00
12.7831	265.00
12.8036	259.00
12.824	259.00
12.8445	274.00
12.8649	315.00
12.8854	272.00
12.9059	265.00
12.9263	253.00
12.9468	293.00
12.9673	264.00
12.9877	269.00
13.0082	232.00
13.0287	255.00
13.0491	259.00
13.0696	277.00
13.09	274.00
13.1105	262.00
13.131	244.00
13.1514	294.00
13.1719	268.00
13.1924	275.00
13.2128	252.00
13.2333	260.00
13.2537	271.00
13.2742	256.00
13.2947	282.00
13.3151	286.00
13.3356	266.00
13.3561	260.00
13.3765	253.00
13.397	280.00
13.4175	253.00
13.4379	255.00
13.4584	285.00
13.4788	290.00
13.4993	244.00
13.5198	264.00
13.5402	258.00
13.5607	260.00
13.5812	272.00
13.6016	255.00
13.6221	275.00
13.6425	273.00
13.663	287.00
13.6835	279.00
13.7039	243.00
13.7244	280.00
13.7449	286.00
13.7653	285.00
13.7858	221.00
13.8063	270.00
13.8267	277.00
13.8472	255.00
13.8676	251.00
13.8881	267.00
13.9086	302.00
13.929	258.00
13.9495	241.00
13.97	262.00
13.9904	260.00
14.0109	259.00
14.0313	262.00
14.0518	226.00
14.0723	264.00
14.0927	259.00
14.1132	255.00
14.1337	227.00
14.1541	223.00
14.1746	234.00
14.1951	231.00
14.2155	239.00
14.236	245.00
14.2564	245.00
14.2769	256.00
14.2974	213.00
14.3178	226.00
14.3383	242.00
14.3588	221.00
14.3792	256.00
14.3997	203.00
14.4201	215.00
14.4406	221.00
14.4611	249.00
14.4815	213.00
14.502	258.00
14.5225	237.00
14.5429	214.00
14.5634	229.00
14.5839	238.00
14.6043	222.00
14.6248	218.00
14.6452	196.00
14.6657	219.00
14.6862	204.00
14.7066	203.00
14.7271	205.00
14.7476	205.00
14.768	212.00
14.7885	203.00
14.8089	220.00
14.8294	232.00
14.8499	190.00
14.8703	213.00
14.8908	197.00
14.9113	221.00
14.9317	211.00
14.9522	206.00
14.9727	216.00
14.9931	170.00
15.0136	232.00
15.034	216.00
15.0545	203.00
15.075	213.00
15.0954	177.00
15.1159	178.00
15.1364	188.00
15.1568	208.00
15.1773	205.00
15.1977	208.00
15.2182	199.00
15.2387	208.00
15.2591	205.00
15.2796	191.00
15.3001	197.00
15.3205	197.00
15.341	187.00
15.3615	192.00
15.3819	204.00
15.4024	184.00
15.4228	204.00
15.4433	191.00
15.4638	192.00
15.4842	170.00
15.5047	191.00
15.5252	202.00
15.5456	171.00
15.5661	196.00
15.5865	162.00
15.607	198.00
15.6275	213.00
15.6479	157.00
15.6684	180.00
15.6889	158.00
15.7093	173.00
15.7298	159.00
15.7503	189.00
15.7707	166.00
15.7912	165.00
15.8116	192.00
15.8321	179.00
15.8526	185.00
15.873	179.00
15.8935	177.00
15.914	195.00
15.9344	168.00
15.9549	172.00
15.9753	182.00
15.9958	170.00
16.0163	182.00
16.0367	180.00
16.0572	185.00
16.0777	141.00
16.0981	201.00
16.1186	165.00
16.1391	186.00
16.1595	182.00
16.18	156.00
16.2004	199.00
16.2209	182.00
16.2414	186.00
16.2618	165.00
16.2823	186.00
16.3028	172.00
16.3232	152.00
16.3437	161.00
16.3641	174.00
16.3846	165.00
16.4051	172.00
16.4255	191.00
16.446	184.00
16.4665	182.00
16.4869	187.00
16.5074	183.00
16.5279	147.00
16.5483	166.00
16.5688	149.00
16.5892	169.00
16.6097	188.00
16.6302	225.00
16.6506	184.00
16.6711	157.00
16.6916	154.00
16.712	170.00
16.7325	161.00
16.7529	176.00
16.7734	185.00
16.7939	194.00
16.8143	157.00
16.8348	176.00
16.8553	177.00
16.8757	165.00
16.8962	169.00
16.9167	142.00
16.9371	157.00
16.9576	161.00
16.978	160.00
16.9985	173.00
17.019	155.00
17.0394	141.00
17.0599	144.00
17.0804	154.00
17.1008	155.00
17.1213	145.00
17.1417	194.00
17.1622	170.00
17.1827	169.00
17.2031	168.00
17.2236	154.00
17.2441	169.00
17.2645	158.00
17.285	162.00
17.3055	165.00
17.3259	171.00
17.3464	180.00
17.3668	147.00
17.3873	154.00
17.4078	177.00
17.4282	150.00
17.4487	158.00
17.4692	164.00
17.4896	157.00
17.5101	132.00
17.5305	162.00
17.551	186.00
17.5715	161.00
17.5919	174.00
17.6124	147.00
17.6329	162.00
17.6533	167.00
17.6738	158.00
17.6943	165.00
17.7147	154.00
17.7352	179.00
17.7556	150.00
17.7761	164.00
17.7966	164.00
17.817	161.00
17.8375	158.00
17.858	162.00
17.8784	155.00
17.8989	146.00
17.9193	159.00
17.9398	155.00
17.9603	163.00
17.9807	163.00
18.0012	144.00
18.0217	164.00
18.0421	155.00
18.0626	147.00
18.0831	151.00
18.1035	159.00
18.124	132.00
18.1444	145.00
18.1649	142.00
18.1854	166.00
18.2058	153.00
18.2263	156.00
18.2468	158.00
18.2672	160.00
18.2877	144.00
18.3081	142.00
18.3286	159.00
18.3491	149.00
18.3695	175.00
18.39	143.00
18.4105	148.00
18.4309	156.00
18.4514	149.00
18.4719	147.00
18.4923	130.00
18.5128	144.00
18.5332	160.00
18.5537	154.00
18.5742	140.00
18.5946	176.00
18.6151	133.00
18.6356	133.00
18.656	148.00
18.6765	148.00
18.6969	143.00
18.7174	146.00
18.7379	140.00
18.7583	149.00
18.7788	154.00
18.7993	157.00
18.8197	129.00
18.8402	138.00
18.8606	148.00
18.8811	133.00
18.9016	140.00
18.922	144.00
18.9425	122.00
18.963	140.00
18.9834	129.00
19.0039	140.00
19.0244	127.00
19.0448	126.00
19.0653	117.00
19.0857	145.00
19.1062	140.00
19.1267	148.00
19.1471	110.00
19.1676	124.00
19.1881	135.00
19.2085	126.00
19.229	136.00
19.2494	124.00
19.2699	128.00
19.2904	105.00
19.3108	121.00
19.3313	125.00
19.3518	127.00
19.3722	125.00
19.3927	130.00
19.4132	118.00
19.4336	116.00
19.4541	121.00
19.4745	131.00
19.495	137.00
19.5155	113.00
19.5359	138.00
19.5564	133.00
19.5769	150.00
19.5973	113.00
19.6178	117.00
19.6382	121.00
19.6587	145.00
19.6792	119.00
19.6996	127.00
19.7201	129.00
19.7406	145.00
19.761	141.00
19.7815	120.00
19.802	128.00
19.8224	122.00
19.8429	131.00
19.8633	139.00
19.8838	114.00
19.9043	127.00
19.9247	141.00
19.9452	106.00
19.9657	113.00
19.9861	110.00
20.0066	147.00
20.027	136.00
20.0475	121.00
20.068	108.00
20.0884	114.00
20.1089	129.00
20.1294	112.00
20.1498	119.00
20.1703	110.00
20.1908	115.00
20.2112	120.00
20.2317	123.00
20.2521	124.00
20.2726	128.00
20.2931	105.00
20.3135	140.00
20.334	116.00
20.3545	108.00
20.3749	112.00
20.3954	122.00
20.4158	112.00
20.4363	106.00
20.4568	121.00
20.4772	104.00
20.4977	122.00
20.5182	115.00
20.5386	109.00
20.5591	107.00
20.5796	106.00
20.6	123.00
20.6205	116.00
20.6409	113.00
20.6614	113.00
20.6819	122.00
20.7023	109.00
20.7228	125.00
20.7433	121.00
20.7637	112.00
20.7842	91.00
20.8046	122.00
20.8251	112.00
20.8456	104.00
20.866	109.00
20.8865	101.00
20.907	112.00
20.9274	100.00
20.9479	84.00
20.9684	109.00
20.9888	95.00
21.0093	101.00
21.0297	117.00
21.0502	116.00
21.0707	100.00
21.0911	104.00
21.1116	90.00
21.1321	92.00
21.1525	95.00
21.173	113.00
21.1934	114.00
21.2139	97.00
21.2344	96.00
21.2548	111.00
21.2753	94.00
21.2958	107.00
21.3162	101.00
21.3367	102.00
21.3572	109.00
21.3776	108.00
21.3981	97.00
21.4185	92.00
21.439	93.00
21.4595	89.00
21.4799	111.00
21.5004	105.00
21.5209	120.00
21.5413	99.00
21.5618	98.00
21.5822	96.00
21.6027	88.00
21.6232	87.00
21.6436	113.00
21.6641	103.00
21.6846	90.00
21.705	90.00
21.7255	95.00
21.746	102.00
21.7664	86.00
21.7869	73.00
21.8073	88.00
21.8278	85.00
21.8483	98.00
21.8687	99.00
21.8892	91.00
21.9097	117.00
21.9301	97.00
21.9506	97.00
21.971	106.00
21.9915	93.00
22.012	105.00
22.0324	102.00
22.0529	98.00
22.0734	89.00
22.0938	103.00
22.1143	89.00
22.1348	105.00
22.1552	93.00
22.1757	103.00
22.1961	106.00
22.2166	106.00
22.2371	89.00
22.2575	93.00
22.278	96.00
22.2985	114.00
22.3189	77.00
22.3394	78.00
22.3598	95.00
22.3803	85.00
22.4008	96.00
22.4212	91.00
22.4417	100.00
22.4622	100.00
22.4826	105.00
22.5031	83.00
22.5236	87.00
22.544	103.00
22.5645	102.00
22.5849	82.00
22.6054	95.00
22.6259	78.00
22.6463	88.00
22.6668	92.00
22.6873	89.00
22.7077	104.00
22.7282	85.00
22.7486	80.00
22.7691	102.00
22.7896	93.00
22.81	91.00
22.8305	111.00
22.851	72.00
22.8714	87.00
22.8919	83.00
22.9124	75.00
22.9328	85.00
22.9533	83.00
22.9737	69.00
22.9942	83.00
23.0147	85.00
23.0351	97.00
23.0556	85.00
23.0761	85.00
23.0965	79.00
23.117	84.00
23.1374	88.00
23.1579	99.00
23.1784	81.00
23.1988	97.00
23.2193	80.00
23.2398	107.00
23.2602	96.00
23.2807	105.00
23.3012	75.00
23.3216	68.00
23.3421	82.00
23.3625	84.00
23.383	77.00
23.4035	78.00
23.4239	89.00
23.4444	75.00
23.4649	78.00
23.4853	87.00
23.5058	89.00
23.5262	86.00
23.5467	100.00
23.5672	80.00
23.5876	85.00
23.6081	83.00
23.6286	79.00
23.649	82.00
23.6695	112.00
23.69	74.00
23.7104	64.00
23.7309	89.00
23.7513	62.00
23.7718	100.00
23.7923	80.00
23.8127	88.00
23.8332	89.00
23.8537	91.00
23.8741	79.00
23.8946	87.00
23.915	82.00
23.9355	98.00
23.956	72.00
23.9764	91.00
23.9969	83.00
24.0174	76.00
24.0378	67.00
24.0583	81.00
24.0788	88.00
24.0992	76.00
24.1197	96.00
24.1401	85.00
24.1606	91.00
24.1811	90.00
24.2015	92.00
24.222	115.00
24.2425	101.00
24.2629	123.00
24.2834	166.00
24.3038	200.00
24.3243	299.00
24.3448	370.00
24.3652	398.00
24.3857	461.00
24.4062	343.00
24.4266	280.00
24.4471	247.00
24.4676	210.00
24.488	148.00
24.5085	106.00
24.5289	133.00
24.5494	91.00
24.5699	96.00
24.5903	106.00
24.6108	87.00
24.6313	89.00
24.6517	90.00
24.6722	90.00
24.6926	84.00
24.7131	84.00
24.7336	76.00
24.754	82.00
24.7745	77.00
24.795	82.00
24.8154	74.00
24.8359	60.00
24.8564	80.00
24.8768	93.00
24.8973	65.00
24.9177	73.00
24.9382	77.00
24.9587	82.00
24.9791	75.00
24.9996	72.00
25.0201	80.00
25.0405	80.00
25.061	74.00
25.0814	60.00
25.1019	81.00
25.1224	70.00
25.1428	82.00
25.1633	53.00
25.1838	72.00
25.2042	70.00
25.2247	74.00
25.2452	78.00
25.2656	67.00
25.2861	74.00
25.3065	85.00
25.327	63.00
25.3475	57.00
25.3679	53.00
25.3884	71.00
25.4089	73.00
25.4293	66.00
25.4498	48.00
25.4702	68.00
25.4907	64.00
25.5112	71.00
25.5316	63.00
25.5521	72.00
25.5726	68.00
25.593	70.00
25.6135	74.00
25.634	76.00
25.6544	78.00
25.6749	67.00
25.6953	68.00
25.7158	71.00
25.7363	75.00
25.7567	60.00
25.7772	64.00
25.7977	73.00
25.8181	61.00
25.8386	65.00
25.859	79.00
25.8795	64.00
25.9	61.00
25.9204	54.00
25.9409	68.00
25.9614	72.00
25.9818	54.00
26.0023	61.00
26.0228	57.00
26.0432	49.00
26.0637	67.00
26.0841	62.00
26.1046	63.00
26.1251	76.00
26.1455	65.00
26.166	67.00
26.1865	77.00
26.2069	54.00
26.2274	66.00
26.2478	58.00
26.2683	64.00
26.2888	54.00
26.3092	59.00
26.3297	70.00
26.3502	58.00
26.3706	56.00
26.3911	60.00
26.4116	57.00
26.432	74.00
26.4525	53.00
26.4729	68.00
26.4934	58.00
26.5139	55.00
26.5343	65.00
26.5548	50.00
26.5753	42.00
26.5957	61.00
26.6162	57.00
26.6366	54.00
26.6571	59.00
26.6776	52.00
26.698	62.00
26.7185	52.00
26.739	56.00
26.7594	55.00
26.7799	65.00
26.8004	59.00
26.8208	50.00
26.8413	49.00
26.8617	52.00
26.8822	60.00
26.9027	54.00
26.9231	57.00
26.9436	67.00
26.9641	52.00
26.9845	60.00
27.005	65.00
27.0254	58.00
27.0459	61.00
27.0664	51.00
27.0868	55.00
27.1073	46.00
27.1278	65.00
27.1482	47.00
27.1687	53.00
27.1892	68.00
27.2096	34.00
27.2301	37.00
27.2505	53.00
27.271	49.00
27.2915	47.00
27.3119	52.00
27.3324	46.00
27.3529	55.00
27.3733	50.00
27.3938	62.00
27.4142	55.00
27.4347	61.00
27.4552	42.00
27.4756	40.00
27.4961	47.00
27.5166	42.00
27.537	68.00
27.5575	51.00
27.578	60.00
27.5984	53.00
27.6189	50.00
27.6393	47.00
27.6598	42.00
27.6803	41.00
27.7007	51.00
27.7212	57.00
27.7417	37.00
27.7621	61.00
27.7826	57.00
27.803	50.00
27.8235	49.00
27.844	57.00
27.8644	36.00
27.8849	50.00
27.9054	50.00
27.9258	42.00
27.9463	61.00
27.9668	28.00
27.9872	53.00
28.0077	46.00
28.0281	38.00
28.0486	38.00
28.0691	41.00
28.0895	46.00
28.11	42.00
28.1305	51.00
28.1509	46.00
28.1714	52.00
28.1918	35.00
28.2123	55.00
28.2328	42.00
28.2532	47.00
28.2737	47.00
28.2942	46.00
28.3146	51.00
28.3351	42.00
28.3556	50.00
28.376	39.00
28.3965	44.00
28.4169	44.00
28.4374	43.00
28.4579	47.00
28.4783	39.00
28.4988	53.00
28.5193	50.00
28.5397	55.00
28.5602	43.00
28.5806	46.00
28.6011	45.00
28.6216	44.00
28.642	52.00
28.6625	42.00
28.683	34.00
28.7034	49.00
28.7239	51.00
28.7444	48.00
28.7648	50.00
28.7853	37.00
28.8057	38.00
28.8262	45.00
28.8467	28.00
28.8671	46.00
28.8876	40.00
28.9081	38.00
28.9285	46.00
28.949	35.00
28.9694	47.00
28.9899	42.00
29.0104	40.00
29.0308	39.00
29.0513	35.00
29.0718	42.00
29.0922	32.00
29.1127	51.00
29.1332	40.00
29.1536	32.00
29.1741	43.00
29.1945	37.00
29.215	38.00
29.2355	42.00
29.2559	41.00
29.2764	42.00
29.2969	45.00
29.3173	38.00
29.3378	36.00
29.3582	33.00
29.3787	37.00
29.3992	46.00
29.4196	45.00
29.4401	34.00
29.4606	35.00
29.481	44.00
29.5015	35.00
29.522	34.00
29.5424	43.00
29.5629	36.00
29.5833	40.00
29.6038	28.00
29.6243	43.00
29.6447	32.00
29.6652	36.00
29.6857	32.00
29.7061	46.00
29.7266	28.00
29.747	37.00
29.7675	38.00
29.788	37.00
29.8084	37.00
29.8289	37.00
29.8494	30.00
29.8698	37.00
29.8903	25.00
29.9108	34.00
29.9312	31.00
29.9517	47.00
29.9721	45.00
29.9926	33.00
30.0131	42.00
30.0335	48.00
30.054	45.00
30.0745	44.00
30.0949	36.00
30.1154	34.00
30.1358	30.00
30.1563	30.00
30.1768	37.00
30.1972	39.00
30.2177	40.00
30.2382	33.00
30.2586	37.00
30.2791	53.00
30.2996	56.00
30.32	66.00
30.3405	56.00
30.3609	64.00
30.3814	53.00
30.4019	38.00
30.4223	44.00
30.4428	33.00
30.4633	62.00
30.4837	47.00
30.5042	32.00
30.5246	28.00
30.5451	37.00
30.5656	32.00
30.586	36.00
30.6065	40.00
30.627	35.00
30.6474	29.00
30.6679	33.00
30.6884	31.00
30.7088	35.00
30.7293	32.00
30.7497	30.00
30.7702	32.00
30.7907	40.00
30.8111	44.00
30.8316	42.00
30.8521	38.00
30.8725	25.00
30.893	35.00
30.9134	37.00
30.9339	42.00
30.9544	32.00
30.9748	31.00
30.9953	25.00
31.0158	38.00
31.0362	39.00
31.0567	29.00
31.0772	41.00
31.0976	33.00
31.1181	36.00
31.1385	28.00
31.159	35.00
31.1795	31.00
31.1999	39.00
31.2204	37.00
31.2409	34.00
31.2613	37.00
31.2818	23.00
31.3022	39.00
31.3227	26.00
31.3432	39.00
31.3636	37.00
31.3841	34.00
31.4046	20.00
31.425	33.00
31.4455	28.00
31.466	28.00
31.4864	36.00
31.5069	36.00
31.5273	29.00
31.5478	27.00
31.5683	32.00
31.5887	33.00
31.6092	24.00
31.6297	28.00
31.6501	33.00
31.6706	28.00
31.691	37.00
31.7115	32.00
31.732	29.00
31.7524	32.00
31.7729	37.00
31.7934	34.00
31.8138	31.00
31.8343	43.00
31.8548	22.00
31.8752	29.00
31.8957	27.00
31.9161	34.00
31.9366	31.00
31.9571	38.00
31.9775	39.00
31.998	31.00
32.0185	24.00
32.0389	27.00
32.0594	44.00
32.0798	30.00
32.1003	35.00
32.1208	39.00
32.1412	32.00
32.1617	21.00
32.1822	34.00
32.2026	45.00
32.2231	30.00
32.2436	29.00
32.264	34.00
32.2845	30.00
32.3049	36.00
32.3254	41.00
32.3459	36.00
32.3663	39.00
32.3868	29.00
32.4073	34.00
32.4277	26.00
32.4482	33.00
32.4686	35.00
32.4891	41.00
32.5096	37.00
32.53	40.00
32.5505	37.00
32.571	32.00
32.5914	27.00
32.6119	42.00
32.6324	42.00
32.6528	36.00
32.6733	40.00
32.6937	25.00
32.7142	25.00
32.7347	33.00
32.7551	43.00
32.7756	36.00
32.7961	39.00
32.8165	27.00
32.837	30.00
32.8574	42.00
32.8779	36.00
32.8984	39.00
32.9188	44.00
32.9393	42.00
32.9598	49.00
32.9802	39.00
33.0007	44.00
33.0212	50.00
33.0416	50.00
33.0621	52.00
33.0825	66.00
33.103	63.00
33.1235	77.00
33.1439	88.00
33.1644	75.00
33.1849	96.00
33.2053	119.00
33.2258	142.00
33.2462	176.00
33.2667	279.00
33.2872	419.00
33.3076	635.00
33.3281	891.00
33.3486	1045.00
33.369	1058.00
33.3895	913.00
33.41	763.00
33.4304	742.00
33.4509	651.00
33.4713	464.00
33.4918	275.00
33.5123	211.00
33.5327	163.00
33.5532	138.00
33.5737	116.00
33.5941	102.00
33.6146	94.00
33.635	73.00
33.6555	55.00
33.676	57.00
33.6964	64.00
33.7169	62.00
33.7374	52.00
33.7578	40.00
33.7783	45.00
33.7988	57.00
33.8192	42.00
33.8397	46.00
33.8601	32.00
33.8806	39.00
33.9011	38.00
33.9215	33.00
33.942	35.00
33.9625	31.00
33.9829	46.00
34.0034	47.00
34.0238	43.00
34.0443	25.00
34.0648	30.00
34.0852	31.00
34.1057	32.00
34.1262	44.00
34.1466	39.00
34.1671	31.00
34.1876	34.00
34.208	36.00
34.2285	23.00
34.2489	27.00
34.2694	33.00
34.2899	38.00
34.3103	31.00
34.3308	27.00
34.3513	39.00
34.3717	29.00
34.3922	40.00
34.4126	32.00
34.4331	38.00
34.4536	34.00
34.474	38.00
34.4945	46.00
34.515	29.00
34.5354	30.00
34.5559	30.00
34.5764	38.00
34.5968	26.00
34.6173	27.00
34.6377	23.00
34.6582	33.00
34.6787	38.00
34.6991	29.00
34.7196	39.00
34.7401	32.00
34.7605	46.00
34.781	46.00
34.8014	33.00
34.8219	37.00
34.8424	44.00
34.8628	25.00
34.8833	32.00
34.9038	30.00
34.9242	41.00
34.9447	31.00
34.9652	30.00
34.9856	31.00
35.0061	33.00
35.0265	28.00
35.047	41.00
35.0675	33.00
35.0879	34.00
35.1084	27.00
35.1289	27.00
35.1493	31.00
35.1698	30.00
35.1902	38.00
35.2107	29.00
35.2312	30.00
35.2516	26.00
35.2721	35.00
35.2926	33.00
35.313	39.00
35.3335	40.00
35.354	33.00
35.3744	35.00
35.3949	40.00
35.4153	31.00
35.4358	35.00
35.4563	24.00
35.4767	33.00
35.4972	44.00
35.5177	37.00
35.5381	43.00
35.5586	58.00
35.579	68.00
35.5995	78.00
35.62	90.00
35.6404	103.00
35.6609	98.00
35.6814	119.00
35.7018	135.00
35.7223	142.00
35.7428	180.00
35.7632	192.00
35.7837	302.00
35.8041	406.00
35.8246	608.00
35.8451	831.00
35.8655	813.00
35.886	679.00
35.9065	548.00
35.9269	499.00
35.9474	552.00
35.9678	397.00
35.9883	290.00
36.0088	198.00
36.0292	123.00
36.0497	101.00
36.0702	94.00
36.0906	78.00
36.1111	66.00
36.1316	55.00
36.152	61.00
36.1725	51.00
36.1929	49.00
36.2134	44.00
36.2339	40.00
36.2543	47.00
36.2748	33.00
36.2953	34.00
36.3157	32.00
36.3362	33.00
36.3566	34.00
36.3771	34.00
36.3976	26.00
36.418	35.00
36.4385	32.00
36.459	22.00
36.4794	25.00
36.4999	31.00
36.5203	39.00
36.5408	27.00
36.5613	31.00
36.5817	25.00
36.6022	32.00
36.6227	30.00
36.6431	28.00
36.6636	34.00
36.6841	25.00
36.7045	28.00
36.725	31.00
36.7454	31.00
36.7659	24.00
36.7864	40.00
36.8068	17.00
36.8273	35.00
36.8478	31.00
36.8682	38.00
36.8887	30.00
36.9091	26.00
36.9296	27.00
36.9501	21.00
36.9705	22.00
36.991	39.00
37.0115	28.00
37.0319	20.00
37.0524	27.00
37.0729	35.00
37.0933	35.00
37.1138	23.00
37.1342	18.00
37.1547	16.00
37.1752	33.00
37.1956	15.00
37.2161	31.00
37.2366	26.00
37.257	26.00
37.2775	30.00
37.2979	26.00
37.3184	33.00
37.3389	24.00
37.3593	24.00
37.3798	29.00
37.4003	16.00
37.4207	21.00
37.4412	27.00
37.4617	27.00
37.4821	31.00
37.5026	24.00
37.523	19.00
37.5435	26.00
37.564	25.00
37.5844	24.00
37.6049	18.00
37.6254	26.00
37.6458	27.00
37.6663	24.00
37.6867	20.00
37.7072	18.00
37.7277	19.00
37.7481	21.00
37.7686	26.00
37.7891	16.00
37.8095	15.00
37.83	20.00
37.8505	14.00
37.8709	22.00
37.8914	16.00
37.9118	28.00
37.9323	16.00
37.9528	18.00
37.9732	21.00
37.9937	22.00
38.0142	23.00
38.0346	14.00
38.0551	23.00
38.0755	19.00
38.096	18.00
38.1165	24.00
38.1369	22.00
38.1574	24.00
38.1779	22.00
38.1983	14.00
38.2188	21.00
38.2393	16.00
38.2597	34.00
38.2802	18.00
38.3006	11.00
38.3211	18.00
38.3416	25.00
38.362	20.00
38.3825	16.00
38.403	17.00
38.4234	19.00
38.4439	21.00
38.4643	18.00
38.4848	18.00
38.5053	20.00
38.5257	23.00
38.5462	11.00
38.5667	13.00
38.5871	24.00
38.6076	20.00
38.6281	11.00
38.6485	18.00
38.669	21.00
38.6894	15.00
38.7099	13.00
38.7304	22.00
38.7508	23.00
38.7713	21.00
38.7918	29.00
38.8122	17.00
38.8327	17.00
38.8531	20.00
38.8736	18.00
38.8941	23.00
38.9145	21.00
38.935	22.00
38.9555	17.00
38.9759	23.00
38.9964	20.00
39.0169	15.00
39.0373	18.00
39.0578	20.00
39.0782	21.00
39.0987	17.00
39.1192	11.00
39.1396	12.00
39.1601	14.00
39.1806	18.00
39.201	16.00
39.2215	12.00
39.2419	18.00
39.2624	20.00
39.2829	21.00
39.3033	20.00
39.3238	21.00
39.3443	20.00
39.3647	26.00
39.3852	26.00
39.4057	34.00
39.4261	25.00
39.4466	26.00
39.467	35.00
39.4875	38.00
39.508	35.00
39.5284	23.00
39.5489	25.00
39.5694	25.00
39.5898	16.00
39.6103	23.00
39.6307	21.00
39.6512	22.00
39.6717	15.00
39.6921	17.00
39.7126	15.00
39.7331	17.00
39.7535	11.00
39.774	23.00
39.7945	14.00
39.8149	20.00
39.8354	20.00
39.8558	13.00
39.8763	20.00
39.8968	28.00
39.9172	16.00
39.9377	19.00
39.9582	17.00
39.9786	12.00
39.9991	20.00
40.0195	23.00
40.04	17.00
40.0605	13.00
40.0809	16.00
40.1014	18.00
40.1219	17.00
40.1423	21.00
40.1628	17.00
40.1833	18.00
40.2037	15.00
40.2242	21.00
40.2446	12.00
40.2651	22.00
40.2856	15.00
40.306	15.00
40.3265	22.00
40.347	17.00
40.3674	25.00
40.3879	18.00
40.4083	19.00
40.4288	17.00
40.4493	9.00
40.4697	15.00
40.4902	12.00
40.5107	15.00
40.5311	21.00
40.5516	16.00
40.5721	26.00
40.5925	30.00
40.613	17.00
40.6334	19.00
40.6539	24.00
40.6744	17.00
40.6948	25.00
40.7153	24.00
40.7358	18.00
40.7562	22.00
40.7767	27.00
40.7971	21.00
40.8176	25.00
40.8381	29.00
40.8585	39.00
40.879	35.00
40.8995	38.00
40.9199	35.00
40.9404	41.00
40.9609	53.00
40.9813	59.00
41.0018	98.00
41.0222	166.00
41.0427	229.00
41.0632	269.00
41.0836	269.00
41.1041	218.00
41.1246	162.00
41.145	137.00
41.1655	177.00
41.1859	165.00
41.2064	120.00
41.2269	85.00
41.2473	59.00
41.2678	55.00
41.2883	50.00
41.3087	29.00
41.3292	26.00
41.3497	22.00
41.3701	24.00
41.3906	20.00
41.411	31.00
41.4315	21.00
41.452	21.00
41.4724	19.00
41.4929	20.00
41.5134	26.00
41.5338	20.00
41.5543	18.00
41.5747	21.00
41.5952	18.00
41.6157	14.00
41.6361	9.00
41.6566	19.00
41.6771	15.00
41.6975	16.00
41.718	20.00
41.7385	16.00
41.7589	11.00
41.7794	13.00
41.7998	14.00
41.8203	16.00
41.8408	23.00
41.8612	16.00
41.8817	13.00
41.9022	17.00
41.9226	16.00
41.9431	9.00
41.9635	11.00
41.984	20.00
42.0045	17.00
42.0249	14.00
42.0454	15.00
42.0659	15.00
42.0863	12.00
42.1068	21.00
42.1273	28.00
42.1477	9.00
42.1682	15.00
42.1886	19.00
42.2091	18.00
42.2296	20.00
42.25	11.00
42.2705	14.00
42.291	10.00
42.3114	14.00
42.3319	18.00
42.3523	13.00
42.3728	16.00
42.3933	15.00
42.4137	13.00
42.4342	12.00
42.4547	17.00
42.4751	16.00
42.4956	17.00
42.5161	8.00
42.5365	16.00
42.557	15.00
42.5774	15.00
42.5979	21.00
42.6184	12.00
42.6388	7.00
42.6593	8.00
42.6798	14.00
42.7002	18.00
42.7207	12.00
42.7411	15.00
42.7616	10.00
42.7821	15.00
42.8025	5.00
42.823	12.00
42.8435	14.00
42.8639	13.00
42.8844	11.00
42.9049	15.00
42.9253	11.00
42.9458	12.00
42.9662	18.00
42.9867	17.00
43.0072	21.00
43.0276	11.00
43.0481	17.00
43.0686	15.00
43.089	9.00
43.1095	21.00
43.1299	10.00
43.1504	13.00
43.1709	21.00
43.1913	13.00
43.2118	11.00
43.2323	18.00
43.2527	16.00
43.2732	18.00
43.2937	20.00
43.3141	23.00
43.3346	20.00
43.355	14.00
43.3755	20.00
43.396	22.00
43.4164	20.00
43.4369	17.00
43.4574	15.00
43.4778	15.00
43.4983	23.00
43.5187	18.00
43.5392	21.00
43.5597	23.00
43.5801	13.00
43.6006	25.00
43.6211	24.00
43.6415	20.00
43.662	31.00
43.6825	20.00
43.7029	28.00
43.7234	46.00
43.7438	38.00
43.7643	27.00
43.7848	30.00
43.8052	37.00
43.8257	27.00
43.8462	28.00
43.8666	21.00
43.8871	16.00
43.9075	19.00
43.928	11.00
43.9485	14.00
43.9689	10.00
43.9894	12.00
44.0099	9.00
44.0303	12.00
44.0508	16.00
44.0713	7.00
44.0917	13.00
44.1122	6.00
44.1326	14.00
44.1531	18.00
44.1736	7.00
44.194	16.00
44.2145	15.00
44.235	15.00
44.2554	9.00
44.2759	18.00
44.2963	9.00
44.3168	10.00
44.3373	8.00
44.3577	15.00
44.3782	9.00
44.3987	15.00
44.4191	11.00
44.4396	14.00
44.4601	6.00
44.4805	13.00
44.501	15.00
44.5214	20.00
44.5419	7.00
44.5624	14.00
44.5828	18.00
44.6033	14.00
44.6238	15.00
44.6442	12.00
44.6647	22.00
44.6851	12.00
44.7056	11.00
44.7261	9.00
44.7465	18.00
44.767	17.00
44.7875	6.00
44.8079	17.00
44.8284	12.00
44.8489	17.00
44.8693	10.00
44.8898	7.00
44.9102	5.00
44.9307	13.00
44.9512	12.00
44.9716	8.00
44.9921	5.00
45.0126	12.00
45.033	13.00
45.0535	17.00
45.0739	13.00
45.0944	14.00
45.1149	15.00
45.1353	13.00
45.1558	10.00
45.1763	13.00
45.1967	7.00
45.2172	9.00
45.2377	13.00
45.2581	8.00
45.2786	10.00
45.299	11.00
45.3195	10.00
45.34	15.00
45.3604	10.00
45.3809	19.00
45.4014	8.00
45.4218	5.00
45.4423	12.00
45.4627	14.00
45.4832	9.00
45.5037	9.00
45.5241	16.00
45.5446	13.00
45.5651	4.00
45.5855	18.00
45.606	9.00
45.6265	10.00
45.6469	15.00
45.6674	9.00
45.6878	12.00
45.7083	6.00
45.7288	15.00
45.7492	12.00
45.7697	11.00
45.7902	8.00
45.8106	10.00
45.8311	8.00
45.8515	13.00
45.872	10.00
45.8925	23.00
45.9129	12.00
45.9334	10.00
45.9539	12.00
45.9743	9.00
45.9948	12.00
46.0153	13.00
46.0357	18.00
46.0562	11.00
46.0766	12.00
46.0971	12.00
46.1176	12.00
46.138	6.00
46.1585	12.00
46.179	3.00
46.1994	12.00
46.2199	11.00
46.2403	10.00
46.2608	12.00
46.2813	12.00
46.3017	14.00
46.3222	9.00
46.3427	9.00
46.3631	12.00
46.3836	12.00
46.4041	12.00
46.4245	13.00
46.445	7.00
46.4654	13.00
46.4859	18.00
46.5064	9.00
46.5268	15.00
46.5473	9.00
46.5678	8.00
46.5882	16.00
46.6087	12.00
46.6291	9.00
46.6496	9.00
46.6701	6.00
46.6905	17.00
46.711	10.00
46.7315	15.00
46.7519	14.00
46.7724	13.00
46.7929	19.00
46.8133	7.00
46.8338	12.00
46.8542	18.00
46.8747	14.00
46.8952	8.00
46.9156	7.00
46.9361	10.00
46.9566	11.00
46.977	9.00
46.9975	8.00
47.0179	7.00
47.0384	10.00
47.0589	9.00
47.0793	10.00
47.0998	11.00
47.1203	17.00
47.1407	13.00
47.1612	14.00
47.1817	14.00
47.2021	17.00
47.2226	9.00
47.243	6.00
47.2635	9.00
47.284	9.00
47.3044	6.00
47.3249	12.00
47.3454	11.00
47.3658	11.00
47.3863	15.00
47.4067	10.00
47.4272	14.00
47.4477	11.00
47.4681	9.00
47.4886	14.00
47.5091	11.00
47.5295	11.00
47.55	13.00
47.5705	10.00
47.5909	15.00
47.6114	10.00
47.6318	13.00
47.6523	9.00
47.6728	10.00
47.6932	6.00
47.7137	20.00
47.7342	11.00
47.7546	11.00
47.7751	14.00
47.7955	10.00
47.816	9.00
47.8365	9.00
47.8569	8.00
47.8774	9.00
47.8979	14.00
47.9183	13.00
47.9388	11.00
47.9593	12.00
47.9797	13.00
48.0002	10.00
48.0206	9.00
48.0411	14.00
48.0616	10.00
48.082	12.00
48.1025	17.00
48.123	8.00
48.1434	14.00
48.1639	11.00
48.1843	12.00
48.2048	17.00
48.2253	13.00
48.2457	13.00
48.2662	12.00
48.2867	12.00
48.3071	7.00
48.3276	10.00
48.3481	12.00
48.3685	13.00
48.389	13.00
48.4094	8.00
48.4299	15.00
48.4504	10.00
48.4708	11.00
48.4913	16.00
48.5118	12.00
48.5322	8.00
48.5527	13.00
48.5731	14.00
48.5936	18.00
48.6141	12.00
48.6345	11.00
48.655	12.00
48.6755	9.00
48.6959	8.00
48.7164	10.00
48.7369	8.00
48.7573	11.00
48.7778	17.00
48.7982	8.00
48.8187	7.00
48.8392	12.00
48.8596	15.00
48.8801	12.00
48.9006	8.00
48.921	15.00
48.9415	9.00
48.9619	17.00
48.9824	9.00
49.0029	13.00
49.0233	12.00
49.0438	9.00
49.0643	17.00
49.0847	7.00
49.1052	13.00
49.1257	17.00
49.1461	15.00
49.1666	16.00
49.187	19.00
49.2075	17.00
49.228	17.00
49.2484	18.00
49.2689	20.00
49.2894	14.00
49.3098	20.00
49.3303	29.00
49.3507	19.00
49.3712	22.00
49.3917	23.00
49.4121	22.00
49.4326	28.00
49.4531	39.00
49.4735	52.00
49.494	43.00
49.5145	53.00
49.5349	55.00
49.5554	82.00
49.5758	122.00
49.5963	179.00
49.6168	272.00
49.6372	348.00
49.6577	403.00
49.6782	349.00
49.6986	232.00
49.7191	189.00
49.7395	175.00
49.76	222.00
49.7805	215.00
49.8009	187.00
49.8214	149.00
49.8419	112.00
49.8623	94.00
49.8828	51.00
49.9033	60.00
49.9237	44.00
49.9442	30.00
49.9646	42.00
49.9851	13.00
50.0056	27.00
50.026	25.00
50.0465	25.00
50.067	21.00
50.0874	16.00
50.1079	20.00
50.1283	14.00
50.1488	12.00
50.1693	22.00
50.1897	19.00
50.2102	11.00
50.2307	17.00
50.2511	22.00
50.2716	12.00
50.2921	10.00
50.3125	13.00
50.333	11.00
50.3534	14.00
50.3739	16.00
50.3944	14.00
50.4148	9.00
50.4353	18.00
50.4558	12.00
50.4762	15.00
50.4967	17.00
50.5171	7.00
50.5376	12.00
50.5581	14.00
50.5785	12.00
50.599	5.00
50.6195	13.00
50.6399	16.00
50.6604	18.00
50.6809	9.00
50.7013	5.00
50.7218	10.00
50.7422	10.00
50.7627	6.00
50.7832	13.00
50.8036	12.00
50.8241	14.00
50.8446	14.00
50.865	13.00
50.8855	18.00
50.9059	10.00
50.9264	15.00
50.9469	11.00
50.9673	17.00
50.9878	10.00
51.0083	12.00
51.0287	11.00
51.0492	11.00
51.0697	12.00
51.0901	9.00
51.1106	8.00
51.131	13.00
51.1515	12.00
51.172	9.00
51.1924	13.00
51.2129	11.00
51.2334	11.00
51.2538	6.00
51.2743	9.00
51.2947	16.00
51.3152	15.00
51.3357	6.00
51.3561	10.00
51.3766	7.00
51.3971	9.00
51.4175	16.00
51.438	14.00
51.4585	4.00
51.4789	5.00
51.4994	6.00
51.5198	9.00
51.5403	7.00
51.5608	5.00
51.5812	13.00
51.6017	17.00
51.6222	9.00
51.6426	15.00
51.6631	9.00
51.6835	16.00
51.704	13.00
51.7245	11.00
51.7449	13.00
51.7654	10.00
51.7859	3.00
51.8063	14.00
51.8268	11.00
51.8473	9.00
51.8677	11.00
51.8882	17.00
51.9086	17.00
51.9291	13.00
51.9496	11.00
51.97	9.00
51.9905	16.00
52.011	8.00
52.0314	12.00
52.0519	10.00
52.0723	8.00
52.0928	17.00
52.1133	17.00
52.1337	10.00
52.1542	10.00
52.1747	5.00
52.1951	12.00
52.2156	13.00
52.2361	11.00
52.2565	10.00
52.277	15.00
52.2974	11.00
52.3179	9.00
52.3384	9.00
52.3588	7.00
52.3793	7.00
52.3998	8.00
52.4202	18.00
52.4407	12.00
52.4611	16.00
52.4816	11.00
52.5021	8.00
52.5225	13.00
52.543	12.00
52.5635	9.00
52.5839	9.00
52.6044	7.00
52.6249	9.00
52.6453	12.00
52.6658	14.00
52.6862	11.00
52.7067	9.00
52.7272	14.00
52.7476	8.00
52.7681	9.00
52.7886	12.00
52.809	4.00
52.8295	9.00
52.8499	4.00
52.8704	12.00
52.8909	13.00
52.9113	8.00
52.9318	8.00
52.9523	14.00
52.9727	10.00
52.9932	11.00
53.0137	13.00
53.0341	15.00
53.0546	15.00
53.075	8.00
53.0955	6.00
53.116	14.00
53.1364	11.00
53.1569	11.00
53.1774	7.00
53.1978	10.00
53.2183	8.00
53.2387	14.00
53.2592	10.00
53.2797	7.00
53.3001	11.00
53.3206	13.00
53.3411	10.00
53.3615	9.00
53.382	12.00
53.4025	12.00
53.4229	17.00
53.4434	12.00
53.4638	12.00
53.4843	12.00
53.5048	11.00
53.5252	9.00
53.5457	7.00
53.5662	19.00
53.5866	20.00
53.6071	14.00
53.6275	19.00
53.648	13.00
53.6685	20.00
53.6889	31.00
53.7094	25.00
53.7299	16.00
53.7503	19.00
53.7708	16.00
53.7913	22.00
53.8117	14.00
53.8322	19.00
53.8526	22.00
53.8731	18.00
53.8936	17.00
53.914	28.00
53.9345	39.00
53.955	26.00
53.9754	33.00
53.9959	49.00
54.0163	37.00
54.0368	53.00
54.0573	51.00
54.0777	56.00
54.0982	70.00
54.1187	78.00
54.1391	122.00
54.1596	200.00
54.18	272.00
54.2005	369.00
54.221	427.00
54.2414	441.00
54.2619	362.00
54.2824	262.00
54.3028	242.00
54.3233	222.00
54.3438	269.00
54.3642	278.00
54.3847	262.00
54.4051	198.00
54.4256	124.00
54.4461	111.00
54.4665	79.00
54.487	56.00
54.5075	48.00
54.5279	35.00
54.5484	51.00
54.5688	29.00
54.5893	30.00
54.6098	21.00
54.6302	24.00
54.6507	26.00
54.6712	24.00
54.6916	18.00
54.7121	15.00
54.7326	17.00
54.753	13.00
54.7735	19.00
54.7939	10.00
54.8144	14.00
54.8349	14.00
54.8553	9.00
54.8758	8.00
54.8963	10.00
54.9167	18.00
54.9372	14.00
54.9576	13.00
54.9781	9.00
54.9986	17.00
55.019	9.00
55.0395	11.00
55.06	16.00
55.0804	8.00
55.1009	6.00
55.1214	9.00
55.1418	10.00
55.1623	11.00
55.1827	13.00
55.2032	12.00
55.2237	10.00
55.2441	14.00
55.2646	10.00
55.2851	15.00
55.3055	10.00
55.326	13.00
55.3464	15.00
55.3669	13.00
55.3874	13.00
55.4078	7.00
55.4283	10.00
55.4488	8.00
55.4692	10.00
55.4897	8.00
55.5102	5.00
55.5306	11.00
55.5511	8.00
55.5715	8.00
55.592	10.00
55.6125	11.00
55.6329	10.00
55.6534	13.00
55.6739	13.00
55.6943	11.00
55.7148	13.00
55.7352	7.00
55.7557	8.00
55.7762	9.00
55.7966	15.00
55.8171	4.00
55.8376	7.00
55.858	14.00
55.8785	5.00
55.899	9.00
55.9194	15.00
55.9399	10.00
55.9603	8.00
55.9808	7.00
56.0013	5.00
56.0217	11.00
56.0422	15.00
56.0627	10.00
56.0831	7.00
56.1036	10.00
56.124	7.00
56.1445	7.00
56.165	3.00
56.1854	9.00
56.2059	8.00
56.2264	7.00
56.2468	21.00
56.2673	8.00
56.2878	10.00
56.3082	13.00
56.3287	9.00
56.3491	13.00
56.3696	14.00
56.3901	16.00
56.4105	7.00
56.431	13.00
56.4515	15.00
56.4719	16.00
56.4924	10.00
56.5128	6.00
56.5333	10.00
56.5538	10.00
56.5742	11.00
56.5947	14.00
56.6152	4.00
56.6356	7.00
56.6561	7.00
56.6766	12.00
56.697	11.00
56.7175	8.00
56.7379	11.00
56.7584	7.00
56.7789	13.00
56.7993	13.00
56.8198	9.00
56.8403	11.00
56.8607	9.00
56.8812	6.00
56.9016	9.00
56.9221	8.00
56.9426	8.00
56.963	10.00
56.9835	6.00
57.004	8.00
57.0244	9.00
57.0449	7.00
57.0654	7.00
57.0858	15.00
57.1063	15.00
57.1267	21.00
57.1472	17.00
57.1677	14.00
57.1881	19.00
57.2086	20.00
57.2291	31.00
57.2495	22.00
57.27	13.00
57.2904	10.00
57.3109	22.00
57.3314	17.00
57.3518	20.00
57.3723	14.00
57.3928	18.00
57.4132	24.00
57.4337	17.00
57.4542	12.00
57.4746	12.00
57.4951	25.00
57.5155	19.00
57.536	19.00
57.5565	29.00
57.5769	25.00
57.5974	29.00
57.6179	45.00
57.6383	67.00
57.6588	56.00
57.6792	85.00
57.6997	93.00
57.7202	86.00
57.7406	93.00
57.7611	61.00
57.7816	45.00
57.802	44.00
57.8225	50.00
57.843	53.00
57.8634	50.00
57.8839	52.00
57.9043	48.00
57.9248	34.00
57.9453	23.00
57.9657	23.00
57.9862	16.00
58.0067	11.00
58.0271	12.00
58.0476	16.00
58.068	17.00
58.0885	10.00
58.109	17.00
58.1294	16.00
58.1499	13.00
58.1704	8.00
58.1908	8.00
58.2113	14.00
58.2318	13.00
58.2522	8.00
58.2727	8.00
58.2931	10.00
58.3136	11.00
58.3341	10.00
58.3545	7.00
58.375	5.00
58.3955	7.00
58.4159	10.00
58.4364	10.00
58.4568	16.00
58.4773	12.00
58.4978	6.00
58.5182	6.00
58.5387	14.00
58.5592	11.00
58.5796	10.00
58.6001	9.00
58.6206	5.00
58.641	2.00
58.6615	6.00
58.6819	10.00
58.7024	15.00
58.7229	5.00
58.7433	6.00
58.7638	9.00
58.7843	15.00
58.8047	9.00
58.8252	10.00
58.8456	11.00
58.8661	10.00
58.8866	3.00
58.907	7.00
58.9275	7.00
58.948	5.00
58.9684	11.00
58.9889	12.00
59.0094	5.00
59.0298	12.00
59.0503	12.00
59.0707	9.00
59.0912	11.00
59.1117	6.00
59.1321	6.00
59.1526	5.00
59.1731	7.00
59.1935	9.00
59.214	11.00
59.2344	10.00
59.2549	7.00
59.2754	5.00
59.2958	6.00
59.3163	8.00
59.3368	10.00
59.3572	5.00
59.3777	3.00
59.3982	11.00
59.4186	15.00
59.4391	10.00
59.4595	6.00
59.48	11.00
59.5005	12.00
59.5209	12.00
59.5414	4.00
59.5619	7.00
59.5823	5.00
59.6028	9.00
59.6232	4.00
59.6437	5.00
59.6642	10.00
59.6846	10.00
59.7051	6.00
59.7256	10.00
59.746	5.00
59.7665	6.00
59.787	8.00
59.8074	10.00
59.8279	4.00
59.8483	4.00
59.8688	6.00
59.8893	5.00
59.9097	10.00
59.9302	8.00
59.9507	6.00
59.9711	9.00
59.9916	12.00
60.012	10.00
60.0325	7.00
60.053	5.00
60.0734	15.00
60.0939	6.00
60.1144	12.00
60.1348	2.00
60.1553	3.00
60.1758	7.00
60.1962	6.00
60.2167	8.00
60.2371	11.00
60.2576	7.00
60.2781	8.00
60.2985	2.00
60.319	6.00
60.3395	11.00
60.3599	15.00
60.3804	7.00
60.4008	6.00
60.4213	8.00
60.4418	10.00
60.4622	6.00
60.4827	4.00
60.5032	11.00
60.5236	9.00
60.5441	9.00
60.5646	6.00
60.585	6.00
60.6055	8.00
60.6259	9.00
60.6464	7.00
60.6669	4.00
60.6873	6.00
60.7078	6.00
60.7283	11.00
60.7487	7.00
60.7692	3.00
60.7896	12.00
60.8101	9.00
60.8306	8.00
60.851	8.00
60.8715	8.00
60.892	9.00
60.9124	9.00
60.9329	12.00
60.9534	6.00
60.9738	6.00
60.9943	7.00
61.0147	9.00
61.0352	7.00
61.0557	14.00
61.0761	6.00
61.0966	14.00
61.1171	3.00
61.1375	9.00
61.158	4.00
61.1784	8.00
61.1989	9.00
61.2194	12.00
61.2398	7.00
61.2603	7.00
61.2808	12.00
61.3012	8.00
61.3217	6.00
61.3422	12.00
61.3626	10.00
61.3831	9.00
61.4035	14.00
61.424	7.00
61.4445	10.00
61.4649	10.00
61.4854	7.00
61.5059	10.00
61.5263	8.00
61.5468	12.00
61.5672	9.00
61.5877	4.00
61.6082	12.00
61.6286	7.00
61.6491	13.00
61.6696	9.00
61.69	15.00
61.7105	15.00
61.731	6.00
61.7514	17.00
61.7719	6.00
61.7923	14.00
61.8128	11.00
61.8333	9.00
61.8537	13.00
61.8742	3.00
61.8947	9.00
61.9151	14.00
61.9356	8.00
61.956	9.00
61.9765	15.00
61.997	12.00
62.0174	14.00
62.0379	11.00
62.0584	12.00
62.0788	18.00
62.0993	12.00
62.1198	11.00
62.1402	16.00
62.1607	10.00
62.1811	16.00
62.2016	14.00
62.2221	15.00
62.2425	22.00
62.263	16.00
62.2835	15.00
62.3039	23.00
62.3244	23.00
62.3448	20.00
62.3653	19.00
62.3858	23.00
62.4062	19.00
62.4267	39.00
62.4472	42.00
62.4676	42.00
62.4881	53.00
62.5086	71.00
62.529	88.00
62.5495	149.00
62.5699	188.00
62.5904	248.00
62.6109	280.00
62.6313	256.00
62.6518	210.00
62.6723	186.00
62.6927	123.00
62.7132	114.00
62.7336	121.00
62.7541	156.00
62.7746	191.00
62.795	165.00
62.8155	155.00
62.836	119.00
62.8564	82.00
62.8769	66.00
62.8974	40.00
62.9178	43.00
62.9383	42.00
62.9587	37.00
62.9792	25.00
62.9997	34.00
63.0201	17.00
63.0406	30.00
63.0611	20.00
63.0815	16.00
63.102	16.00
63.1224	20.00
63.1429	13.00
63.1634	20.00
63.1838	14.00
63.2043	17.00
63.2248	12.00
63.2452	17.00
63.2657	11.00
63.2862	12.00
63.3066	10.00
63.3271	14.00
63.3475	13.00
63.368	11.00
63.3885	12.00
63.4089	9.00
63.4294	17.00
63.4499	11.00
63.4703	14.00
63.4908	16.00
63.5112	8.00
63.5317	8.00
63.5522	15.00
63.5726	8.00
63.5931	12.00
63.6136	12.00
63.634	14.00
63.6545	15.00
63.675	10.00
63.6954	18.00
63.7159	23.00
63.7363	6.00
63.7568	15.00
63.7773	12.00
63.7977	9.00
63.8182	15.00
63.8387	21.00
63.8591	17.00
63.8796	17.00
63.9	16.00
63.9205	24.00
63.941	23.00
63.9614	26.00
63.9819	32.00
64.0024	30.00
64.0228	29.00
64.0433	43.00
64.0638	48.00
64.0842	57.00
64.1047	81.00
64.1251	128.00
64.1456	162.00
64.1661	251.00
64.1865	280.00
64.207	331.00
64.2275	264.00
64.2479	171.00
64.2684	118.00
64.2888	96.00
64.3093	108.00
64.3298	150.00
64.3502	185.00
64.3707	162.00
64.3912	160.00
64.4116	130.00
64.4321	87.00
64.4526	59.00
64.473	44.00
64.4935	32.00
64.5139	40.00
64.5344	14.00
64.5549	22.00
64.5753	24.00
64.5958	18.00
64.6163	17.00
64.6367	19.00
64.6572	16.00
64.6776	17.00
64.6981	13.00
64.7186	13.00
64.739	11.00
64.7595	9.00
64.78	11.00
64.8004	11.00
64.8209	12.00
64.8414	14.00
64.8618	12.00
64.8823	8.00
64.9027	12.00
64.9232	8.00
64.9437	13.00
64.9641	5.00
64.9846	7.00
65.0051	12.00
65.0255	11.00
65.046	17.00
65.0664	5.00
65.0869	12.00
65.1074	7.00
65.1278	8.00
65.1483	3.00
65.1688	14.00
65.1892	11.00
65.2097	12.00
65.2302	8.00
65.2506	10.00
65.2711	12.00
65.2915	9.00
65.312	12.00
65.3325	11.00
65.3529	10.00
65.3734	10.00
65.3939	17.00
65.4143	9.00
65.4348	3.00
65.4552	11.00
65.4757	8.00
65.4962	6.00
65.5166	9.00
65.5371	7.00
65.5576	8.00
65.578	5.00
65.5985	9.00
65.619	5.00
65.6394	5.00
65.6599	11.00
65.6803	9.00
65.7008	8.00
65.7213	12.00
65.7417	8.00
65.7622	6.00
65.7827	7.00
65.8031	12.00
65.8236	10.00
65.844	11.00
65.8645	8.00
65.885	14.00
65.9054	9.00
65.9259	6.00
65.9464	6.00
65.9668	10.00
65.9873	8.00
66.0078	9.00
66.0282	12.00
66.0487	9.00
66.0691	3.00
66.0896	13.00
66.1101	8.00
66.1305	5.00
66.151	11.00
66.1715	15.00
66.1919	6.00
66.2124	7.00
66.2328	8.00
66.2533	9.00
66.2738	9.00
66.2942	6.00
66.3147	4.00
66.3352	5.00
66.3556	10.00
66.3761	6.00
66.3966	7.00
66.417	7.00
66.4375	11.00
66.4579	7.00
66.4784	6.00
66.4989	10.00
66.5193	6.00
66.5398	3.00
66.5603	8.00
66.5807	6.00
66.6012	5.00
66.6216	6.00
66.6421	7.00
66.6626	16.00
66.683	6.00
66.7035	6.00
66.724	4.00
66.7444	9.00
66.7649	9.00
66.7854	5.00
66.8058	5.00
66.8263	5.00
66.8467	6.00
66.8672	9.00
66.8877	4.00
66.9081	5.00
66.9286	8.00
66.9491	7.00
66.9695	7.00
66.99	4.00
67.0104	3.00
67.0309	7.00
67.0514	7.00
67.0718	5.00
67.0923	6.00
67.1128	3.00
67.1332	4.00
67.1537	7.00
67.1742	7.00
67.1946	4.00
67.2151	6.00
67.2355	10.00
67.256	9.00
67.2765	5.00
67.2969	5.00
67.3174	5.00
67.3379	7.00
67.3583	3.00
67.3788	5.00
67.3992	8.00
67.4197	2.00
67.4402	8.00
67.4606	8.00
67.4811	5.00
67.5016	6.00
67.522	4.00
67.5425	5.00
67.563	6.00
67.5834	4.00
67.6039	7.00
67.6243	12.00
67.6448	4.00
67.6653	8.00
67.6857	8.00
67.7062	4.00
67.7267	4.00
67.7471	6.00
67.7676	7.00
67.788	13.00
67.8085	10.00
67.829	3.00
67.8494	5.00
67.8699	5.00
67.8904	3.00
67.9108	6.00
67.9313	2.00
67.9518	6.00
67.9722	2.00
67.9927	11.00
68.0131	10.00
68.0336	7.00
68.0541	9.00
68.0745	8.00
68.095	3.00
68.1155	5.00
68.1359	7.00
68.1564	5.00
68.1768	6.00
68.1973	7.00
68.2178	9.00
68.2382	9.00
68.2587	3.00
68.2792	15.00
68.2996	4.00
68.3201	8.00
68.3406	8.00
68.361	5.00
68.3815	5.00
68.4019	2.00
68.4224	7.00
68.4429	6.00
68.4633	5.00
68.4838	1.00
68.5043	5.00
68.5247	10.00
68.5452	5.00
68.5656	4.00
68.5861	9.00
68.6066	6.00
68.627	7.00
68.6475	8.00
68.668	13.00
68.6884	9.00
68.7089	6.00
68.7294	8.00
68.7498	5.00
68.7703	12.00
68.7907	4.00
68.8112	5.00
68.8317	6.00
68.8521	5.00
68.8726	7.00
68.8931	4.00
68.9135	7.00
68.934	8.00
68.9544	9.00
68.9749	5.00
68.9954	7.00
69.0158	8.00
69.0363	10.00
69.0568	6.00
69.0772	5.00
69.0977	7.00
69.1182	9.00
69.1386	9.00
69.1591	8.00
69.1795	7.00
69.2	6.00
69.2205	8.00
69.2409	6.00
69.2614	8.00
69.2819	6.00
69.3023	7.00
69.3228	3.00
69.3432	9.00
69.3637	3.00
69.3842	2.00
69.4046	6.00
69.4251	4.00
69.4456	7.00
69.466	11.00
69.4865	10.00
69.507	9.00
69.5274	7.00
69.5479	13.00
69.5683	11.00
69.5888	14.00
69.6093	13.00
69.6297	14.00
69.6502	19.00
69.6707	21.00
69.6911	34.00
69.7116	32.00
69.732	28.00
69.7525	31.00
69.773	14.00
69.7934	17.00
69.8139	11.00
69.8344	10.00
69.8548	16.00
69.8753	27.00
69.8958	11.00
69.9162	20.00
69.9367	14.00
69.9571	14.00
69.9776	10.00
69.9981	3.00
70.0185	6.00
70.039	6.00
70.0595	5.00
70.0799	5.00
70.1004	6.00
70.1208	5.00
70.1413	5.00
70.1618	2.00
70.1822	6.00
70.2027	3.00
70.2232	8.00
70.2436	7.00
70.2641	8.00
70.2846	3.00
70.305	8.00
70.3255	8.00
70.3459	8.00
70.3664	8.00
70.3869	6.00
70.4073	4.00
70.4278	7.00
70.4483	4.00
70.4687	3.00
70.4892	5.00
70.5096	6.00
70.5301	7.00
70.5506	8.00
70.571	5.00
70.5915	5.00
70.612	2.00
70.6324	7.00
70.6529	8.00
70.6734	4.00
70.6938	3.00
70.7143	2.00
70.7347	9.00
70.7552	7.00
70.7757	6.00
70.7961	8.00
70.8166	6.00
70.8371	3.00
70.8575	5.00
70.878	2.00
70.8984	3.00
70.9189	4.00
70.9394	4.00
70.9598	7.00
70.9803	6.00
71.0008	11.00
71.0212	6.00
71.0417	7.00
71.0622	5.00
71.0826	6.00
71.1031	2.00
71.1235	11.00
71.144	4.00
71.1645	10.00
71.1849	10.00
71.2054	6.00
71.2259	8.00
71.2463	6.00
71.2668	14.00
71.2872	7.00
71.3077	5.00
71.3282	6.00
71.3486	12.00
71.3691	11.00
71.3896	5.00
71.41	7.00
71.4305	5.00
71.451	10.00
71.4714	5.00
71.4919	11.00
71.5123	6.00
71.5328	11.00
71.5533	11.00
71.5737	14.00
71.5942	13.00
71.6147	5.00
71.6351	13.00
71.6556	8.00
71.676	17.00
71.6965	18.00
71.717	12.00
71.7374	10.00
71.7579	10.00
71.7784	5.00
71.7988	14.00
71.8193	11.00
71.8398	19.00
71.8602	17.00
71.8807	13.00
71.9011	20.00
71.9216	37.00
71.9421	47.00
71.9625	49.00
71.983	61.00
72.0035	92.00
72.0239	88.00
72.0444	83.00
72.0648	65.00
72.0853	57.00
72.1058	28.00
72.1262	49.00
72.1467	34.00
72.1672	44.00
72.1876	42.00
72.2081	49.00
72.2285	62.00
72.249	58.00
72.2695	54.00
72.2899	33.00
72.3104	39.00
72.3309	42.00
72.3513	35.00
72.3718	27.00
72.3923	28.00
72.4127	23.00
72.4332	24.00
72.4536	14.00
72.4741	24.00
72.4946	10.00
72.515	10.00
72.5355	7.00
72.556	22.00
72.5764	19.00
72.5969	13.00
72.6173	22.00
72.6378	11.00
72.6583	12.00
72.6787	15.00
72.6992	6.00
72.7197	9.00
72.7401	5.00
72.7606	10.00
72.7811	14.00
72.8015	11.00
72.822	12.00
72.8424	7.00
72.8629	10.00
72.8834	9.00
72.9038	7.00
72.9243	8.00
72.9448	9.00
72.9652	5.00
72.9857	8.00
73.0061	11.00
73.0266	8.00
73.0471	2.00
73.0675	3.00
73.088	6.00
73.1085	7.00
73.1289	6.00
73.1494	5.00
73.1699	4.00
73.1903	6.00
73.2108	7.00
73.2312	8.00
73.2517	4.00
73.2722	3.00
73.2926	7.00
73.3131	3.00
73.3336	4.00
73.354	8.00
73.3745	7.00
73.3949	4.00
73.4154	7.00
73.4359	7.00
73.4563	4.00
73.4768	10.00
73.4973	10.00
73.5177	3.00
73.5382	7.00
73.5587	6.00
73.5791	5.00
73.5996	6.00
73.62	5.00
73.6405	8.00
73.661	9.00
73.6814	2.00
73.7019	6.00
73.7224	4.00
73.7428	8.00
73.7633	1.00
73.7837	7.00
73.8042	7.00
73.8247	6.00
73.8451	3.00
73.8656	6.00
73.8861	2.00
73.9065	3.00
73.927	8.00
73.9475	4.00
73.9679	2.00
73.9884	5.00
74.0088	6.00
74.0293	7.00
74.0498	5.00
74.0702	6.00
74.0907	11.00
74.1112	5.00
74.1316	6.00
74.1521	6.00
74.1725	8.00
74.193	10.00
74.2135	12.00
74.2339	7.00
74.2544	6.00
74.2749	8.00
74.2953	6.00
74.3158	6.00
74.3363	9.00
74.3567	12.00
74.3772	5.00
74.3976	12.00
74.4181	4.00
74.4386	5.00
74.459	5.00
74.4795	6.00
74.5	7.00
74.5204	7.00
74.5409	2.00
74.5613	6.00
74.5818	7.00
74.6023	7.00
74.6227	8.00
74.6432	7.00
74.6637	9.00
74.6841	8.00
74.7046	8.00
74.7251	11.00
74.7455	5.00
74.766	5.00
74.7864	8.00
74.8069	3.00
74.8274	2.00
74.8478	7.00
74.8683	12.00
74.8888	7.00
74.9092	6.00
74.9297	5.00
74.9501	4.00
74.9706	6.00
74.9911	6.00
75.0115	3.00
75.032	5.00
75.0525	8.00
75.0729	5.00
75.0934	9.00
75.1139	4.00
75.1343	10.00
75.1548	9.00
75.1752	13.00
75.1957	13.00
75.2162	8.00
75.2366	7.00
75.2571	15.00
75.2776	8.00
75.298	8.00
75.3185	9.00
75.3389	9.00
75.3594	8.00
75.3799	11.00
75.4003	9.00
75.4208	10.00
75.4413	3.00
75.4617	10.00
75.4822	20.00
75.5027	13.00
75.5231	32.00
75.5436	23.00
75.564	36.00
75.5845	38.00
75.605	69.00
75.6254	67.00
75.6459	61.00
75.6664	63.00
75.6868	43.00
75.7073	39.00
75.7277	20.00
75.7482	24.00
75.7687	17.00
75.7891	28.00
75.8096	26.00
75.8301	27.00
75.8505	39.00
75.871	29.00
75.8915	26.00
75.9119	20.00
75.9324	16.00
75.9528	14.00
75.9733	14.00
75.9938	5.00
76.0142	8.00
76.0347	8.00
76.0552	3.00
76.0756	9.00
76.0961	6.00
76.1165	9.00
76.137	11.00
76.1575	8.00
76.1779	3.00
76.1984	6.00
76.2189	5.00
76.2393	8.00
76.2598	5.00
76.2803	9.00
76.3007	2.00
76.3212	7.00
76.3416	4.00
76.3621	1.00
76.3826	6.00
76.403	6.00
76.4235	6.00
76.444	4.00
76.4644	2.00
76.4849	7.00
76.5053	6.00
76.5258	5.00
76.5463	12.00
76.5667	6.00
76.5872	7.00
76.6077	8.00
76.6281	6.00
76.6486	4.00
76.6691	6.00
76.6895	7.00
76.71	2.00
76.7304	3.00
76.7509	5.00
76.7714	9.00
76.7918	2.00
76.8123	2.00
76.8328	6.00
76.8532	7.00
76.8737	5.00
76.8941	2.00
76.9146	4.00
76.9351	4.00
76.9555	1.00
76.976	4.00
76.9965	2.00
77.0169	8.00
77.0374	6.00
77.0579	7.00
77.0783	6.00
77.0988	1.00
77.1192	9.00
77.1397	3.00
77.1602	2.00
77.1806	4.00
77.2011	7.00
77.2216	2.00
77.242	3.00
77.2625	8.00
77.2829	5.00
77.3034	5.00
77.3239	8.00
77.3443	7.00
77.3648	8.00
77.3853	3.00
77.4057	6.00
77.4262	5.00
77.4467	9.00
77.4671	2.00
77.4876	7.00
77.508	5.00
77.5285	4.00
77.549	7.00
77.5694	6.00
77.5899	4.00
77.6104	6.00
77.6308	6.00
77.6513	13.00
77.6717	4.00
77.6922	5.00
77.7127	4.00
77.7331	11.00
77.7536	9.00
77.7741	11.00
77.7945	13.00
77.815	16.00
77.8355	17.00
77.8559	24.00
77.8764	30.00
77.8968	24.00
77.9173	16.00
77.9378	14.00
77.9582	14.00
77.9787	18.00
77.9992	16.00
78.0196	12.00
78.0401	15.00
78.0605	14.00
78.081	22.00
78.1015	16.00
78.1219	16.00
78.1424	13.00
78.1629	16.00
78.1833	7.00
78.2038	4.00
78.2243	9.00
78.2447	7.00
78.2652	4.00
78.2856	9.00
78.3061	9.00
78.3266	5.00
78.347	4.00
78.3675	9.00
78.388	6.00
78.4084	4.00
78.4289	7.00
78.4493	8.00
78.4698	6.00
78.4903	6.00
78.5107	4.00
78.5312	2.00
78.5517	8.00
78.5721	11.00
78.5926	10.00
78.6131	10.00
78.6335	4.00
78.654	1.00
78.6744	7.00
78.6949	6.00
78.7154	1.00
78.7358	3.00
78.7563	4.00
78.7768	7.00
78.7972	9.00
78.8177	5.00
78.8381	4.00
78.8586	10.00
78.8791	11.00
78.8995	10.00
78.92	13.00
78.9405	18.00
78.9609	17.00
78.9814	12.00
79.0019	9.00
79.0223	8.00
79.0428	3.00
79.0632	3.00
79.0837	8.00
79.1042	11.00
79.1246	12.00
79.1451	10.00
79.1656	8.00
79.186	10.00
79.2065	7.00
79.2269	6.00
79.2474	11.00
79.2679	8.00
79.2883	6.00
79.3088	6.00
79.3293	3.00
79.3497	4.00
79.3702	6.00
79.3907	7.00
79.4111	6.00
79.4316	3.00
79.452	8.00
79.4725	6.00
79.493	2.00
79.5134	6.00
79.5339	7.00
79.5544	4.00
79.5748	4.00
79.5953	3.00
79.6157	8.00
79.6362	4.00
79.6567	5.00
79.6771	6.00
79.6976	3.00
79.7181	6.00
79.7385	6.00
79.759	8.00
79.7795	4.00
79.7999	9.00
79.8204	5.00
79.8408	7.00
79.8613	7.00
79.8818	4.00
79.9022	6.00
79.9227	9.00
79.9432	4.00
79.9636	6.00
79.9841	0.00
80.0045	4.00
