COMMANDER Sample ID
Wavelength = 1.54059
10.0001	364.00
10.0206	372.00
10.041	368.00
10.0615	359.00
10.082	400.00
10.1024	388.00
10.1229	342.00
10.1433	410.00
10.1638	339.00
10.1843	388.00
10.2047	349.00
10.2252	351.00
10.2457	358.00
10.2661	387.00
10.2866	360.00
10.3071	361.00
10.3275	347.00
10.348	328.00
10.3684	368.00
10.3889	355.00
10.4094	331.00
10.4298	345.00
10.4503	397.00
10.4708	383.00
10.4912	344.00
10.5117	333.00
10.5321	359.00
10.5526	364.00
10.5731	328.00
10.5935	342.00
10.614	353.00
10.6345	349.00
10.6549	368.00
10.6754	338.00
10.6959	346.00
10.7163	312.00
10.7368	310.00
10.7572	340.00
10.7777	295.00
10.7982	313.00
10.8186	312.00
10.8391	297.00
10.8596	346.00
10.88	341.00
10.9005	362.00
10.9209	333.00
10.9414	323.00
10.9619	310.00
10.9823	310.00
11.0028	282.00
11.0233	281.00
11.0437	331.00
11.0642	338.00
11.0847	306.00
11.1051	319.00
11.1256	306.00
11.146	323.00
11.1665	332.00
11.187	289.00
11.2074	287.00
11.2279	306.00
11.2484	312.00
11.2688	287.00
11.2893	330.00
11.3097	317.00
11.3302	348.00
11.3507	304.00
11.3711	292.00
11.3916	329.00
11.4121	331.00
11.4325	312.00
11.453	310.00
11.4735	312.00
11.4939	282.00
11.5144	268.00
11.5348	290.00
11.5553	239.00
11.5758	271.00
11.5962	306.00
11.6167	289.00
11.6372	285.00
11.6576	289.00
11.6781	284.00
11.6985	285.00
11.719	302.00
11.7395	297.00
11.7599	289.00
11.7804	260.00
11.8009	279.00
11.8213	286.00
11.8418	281.00
11.8623	290.00
11.8827	300.00
11.9032	259.00
11.9236	280.00
11.9441	308.00
11.9646	249.00
11.985	294.00
12.0055	248.00
12.026	256.00
12.0464	269.00
12.0669	272.00
12.0873	256.00
12.1078	270.00
12.1283	264.00
12.1487	282.00
12.1692	263.00
12.1897	275.00
12.2101	272.00
12.2306	250.00
12.2511	271.00
12.2715	287.00
12.292	267.00
12.3124	279.00
12.3329	262.00
12.3534	272.00
12.3738	247.00
12.3943	283.00
12.4148	281.00
12.4352	257.00
12.4557	259.00
12.4761	245.00
12.4966	291.00
12.5171	244.00
12.5375	248.00
12.558	251.00
12.5785	253.00
12.5989	257.00
12.6194	287.00
12.6399	277.00
12.6603	267.00
12.6808	242.00
12.7012	259.00
12.7217	238.00
12.7422	235.00
12.7626	283.00
12.7831	272.00
12.8036	255.00
12.824	252.00
12.8445	238.00
12.8649	245.00
12.8854	246.00
12.9059	248.00
12.9263	244.00
12.9468	249.00
12.9673	248.00
12.9877	256.00
13.0082	241.00
13.0287	233.00
13.0491	269.00
13.0696	268.00
13.09	228.00
13.1105	257.00
13.131	263.00
13.1514	264.00
13.1719	255.00
13.1924	237.00
13.2128	271.00
13.2333	258.00
13.2537	216.00
13.2742	273.00
13.2947	258.00
13.3151	230.00
13.3356	253.00
13.3561	256.00
13.3765	254.00
13.397	288.00
13.4175	263.00
13.4379	219.00
13.4584	251.00
13.4788	236.00
13.4993	229.00
13.5198	227.00
13.5402	259.00
13.5607	252.00
13.5812	250.00
13.6016	236.00
13.6221	231.00
13.6425	235.00
13.663	238.00
13.6835	219.00
13.7039	248.00
13.7244	265.00
13.7449	238.00
13.7653	253.00
13.7858	255.00
13.8063	238.00
13.8267	282.00
13.8472	242.00
13.8676	253.00
13.8881	231.00
13.9086	247.00
13.929	254.00
13.9495	252.00
13.97	230.00
13.9904	253.00
14.0109	233.00
14.0313	253.00
14.0518	232.00
14.0723	245.00
14.0927	242.00
14.1132	221.00
14.1337	193.00
14.1541	227.00
14.1746	209.00
14.1951	219.00
14.2155	202.00
14.236	226.00
14.2564	202.00
14.2769	230.00
14.2974	228.00
14.3178	206.00
14.3383	180.00
14.3588	221.00
14.3792	246.00
14.3997	211.00
14.4201	184.00
14.4406	205.00
14.4611	218.00
14.4815	204.00
14.502	208.00
14.5225	189.00
14.5429	194.00
14.5634	200.00
14.5839	197.00
14.6043	186.00
14.6248	189.00
14.6452	193.00
14.6657	184.00
14.6862	217.00
14.7066	199.00
14.7271	203.00
14.7476	183.00
14.768	194.00
14.7885	198.00
14.8089	180.00
14.8294	183.00
14.8499	192.00
14.8703	162.00
14.8908	185.00
14.9113	184.00
14.9317	179.00
14.9522	184.00
14.9727	176.00
14.9931	187.00
15.0136	175.00
15.034	217.00
15.0545	197.00
15.075	187.00
15.0954	172.00
15.1159	206.00
15.1364	203.00
15.1568	184.00
15.1773	168.00
15.1977	191.00
15.2182	194.00
15.2387	196.00
15.2591	155.00
15.2796	190.00
15.3001	167.00
15.3205	169.00
15.341	187.00
15.3615	185.00
15.3819	171.00
15.4024	172.00
15.4228	152.00
15.4433	172.00
15.4638	192.00
15.4842	172.00
15.5047	175.00
15.5252	180.00
15.5456	182.00
15.5661	165.00
15.5865	179.00
15.607	171.00
15.6275	176.00
15.6479	171.00
15.6684	162.00
15.6889	145.00
15.7093	155.00
15.7298	182.00
15.7503	195.00
15.7707	189.00
15.7912	171.00
15.8116	196.00
15.8321	160.00
15.8526	159.00
15.873	171.00
15.8935	164.00
15.914	151.00
15.9344	171.00
15.9549	158.00
15.9753	167.00
15.9958	154.00
16.0163	153.00
16.0367	164.00
16.0572	157.00
16.0777	146.00
16.0981	160.00
16.1186	160.00
16.1391	170.00
16.1595	149.00
16.18	154.00
16.2004	154.00
16.2209	183.00
16.2414	163.00
16.2618	168.00
16.2823	157.00
16.3028	128.00
16.3232	163.00
16.3437	166.00
16.3641	149.00
16.3846	134.00
16.4051	150.00
16.4255	158.00
16.446	155.00
16.4665	123.00
16.4869	165.00
16.5074	126.00
16.5279	167.00
16.5483	146.00
16.5688	150.00
16.5892	146.00
16.6097	156.00
16.6302	170.00
16.6506	155.00
16.6711	143.00
16.6916	156.00
16.712	139.00
16.7325	126.00
16.7529	149.00
16.7734	152.00
16.7939	163.00
16.8143	147.00
16.8348	139.00
16.8553	146.00
16.8757	158.00
16.8962	147.00
16.9167	158.00
16.9371	166.00
16.9576	137.00
16.978	134.00
16.9985	153.00
17.019	138.00
17.0394	144.00
17.0599	144.00
17.0804	155.00
17.1008	161.00
17.1213	167.00
17.1417	131.00
17.1622	151.00
17.1827	134.00
17.2031	155.00
17.2236	147.00
17.2441	160.00
17.2645	152.00
17.285	144.00
17.3055	154.00
17.3259	166.00
17.3464	156.00
17.3668	142.00
17.3873	129.00
17.4078	152.00
17.4282	144.00
17.4487	142.00
17.4692	147.00
17.4896	154.00
17.5101	141.00
17.5305	150.00
17.551	164.00
17.5715	136.00
17.5919	138.00
17.6124	162.00
17.6329	144.00
17.6533	155.00
17.6738	156.00
17.6943	156.00
17.7147	127.00
17.7352	140.00
17.7556	143.00
17.7761	171.00
17.7966	139.00
17.817	137.00
17.8375	139.00
17.858	147.00
17.8784	128.00
17.8989	137.00
17.9193	151.00
17.9398	148.00
17.9603	137.00
17.9807	132.00
18.0012	139.00
18.0217	169.00
18.0421	136.00
18.0626	159.00
18.0831	161.00
18.1035	138.00
18.124	144.00
18.1444	151.00
18.1649	153.00
18.1854	162.00
18.2058	139.00
18.2263	129.00
18.2468	145.00
18.2672	138.00
18.2877	137.00
18.3081	141.00
18.3286	160.00
18.3491	149.00
18.3695	144.00
18.39	154.00
18.4105	134.00
18.4309	148.00
18.4514	152.00
18.4719	124.00
18.4923	126.00
18.5128	148.00
18.5332	150.00
18.5537	141.00
18.5742	123.00
18.5946	148.00
18.6151	153.00
18.6356	145.00
18.656	130.00
18.6765	152.00
18.6969	140.00
18.7174	154.00
18.7379	152.00
18.7583	115.00
18.7788	115.00
18.7993	141.00
18.8197	152.00
18.8402	138.00
18.8606	106.00
18.8811	124.00
18.9016	133.00
18.922	114.00
18.9425	123.00
18.963	103.00
18.9834	125.00
19.0039	124.00
19.0244	116.00
19.0448	121.00
19.0653	126.00
19.0857	123.00
19.1062	104.00
19.1267	113.00
19.1471	110.00
19.1676	121.00
19.1881	123.00
19.2085	127.00
19.229	128.00
19.2494	96.00
19.2699	111.00
19.2904	111.00
19.3108	108.00
19.3313	138.00
19.3518	121.00
19.3722	107.00
19.3927	125.00
19.4132	105.00
19.4336	125.00
19.4541	115.00
19.4745	121.00
19.495	114.00
19.5155	125.00
19.5359	121.00
19.5564	114.00
19.5769	100.00
19.5973	108.00
19.6178	124.00
19.6382	138.00
19.6587	121.00
19.6792	136.00
19.6996	107.00
19.7201	108.00
19.7406	99.00
19.761	110.00
19.7815	117.00
19.802	103.00
19.8224	106.00
19.8429	126.00
19.8633	123.00
19.8838	99.00
19.9043	109.00
19.9247	108.00
19.9452	95.00
19.9657	95.00
19.9861	100.00
20.0066	114.00
20.027	115.00
20.0475	101.00
20.068	123.00
20.0884	127.00
20.1089	135.00
20.1294	104.00
20.1498	106.00
20.1703	114.00
20.1908	106.00
20.2112	115.00
20.2317	104.00
20.2521	103.00
20.2726	117.00
20.2931	103.00
20.3135	104.00
20.334	96.00
20.3545	125.00
20.3749	92.00
20.3954	112.00
20.4158	102.00
20.4363	91.00
20.4568	114.00
20.4772	90.00
20.4977	114.00
20.5182	90.00
20.5386	101.00
20.5591	95.00
20.5796	89.00
20.6	98.00
20.6205	96.00
20.6409	117.00
20.6614	117.00
20.6819	111.00
20.7023	102.00
20.7228	114.00
20.7433	113.00
20.7637	89.00
20.7842	103.00
20.8046	115.00
20.8251	97.00
20.8456	112.00
20.866	112.00
20.8865	102.00
20.907	86.00
20.9274	97.00
20.9479	122.00
20.9684	95.00
20.9888	93.00
21.0093	94.00
21.0297	101.00
21.0502	95.00
21.0707	90.00
21.0911	101.00
21.1116	90.00
21.1321	93.00
21.1525	110.00
21.173	111.00
21.1934	104.00
21.2139	82.00
21.2344	75.00
21.2548	101.00
21.2753	85.00
21.2958	113.00
21.3162	92.00
21.3367	77.00
21.3572	98.00
21.3776	91.00
21.3981	98.00
21.4185	96.00
21.439	99.00
21.4595	99.00
21.4799	100.00
21.5004	88.00
21.5209	102.00
21.5413	102.00
21.5618	107.00
21.5822	83.00
21.6027	93.00
21.6232	85.00
21.6436	94.00
21.6641	91.00
21.6846	74.00
21.705	82.00
21.7255	91.00
21.746	88.00
21.7664	77.00
21.7869	98.00
21.8073	91.00
21.8278	89.00
21.8483	98.00
21.8687	73.00
21.8892	85.00
21.9097	88.00
21.9301	74.00
21.9506	83.00
21.971	98.00
21.9915	101.00
22.012	95.00
22.0324	86.00
22.0529	93.00
22.0734	84.00
22.0938	99.00
22.1143	90.00
22.1348	81.00
22.1552	86.00
22.1757	97.00
22.1961	84.00
22.2166	74.00
22.2371	75.00
22.2575	101.00
22.278	76.00
22.2985	76.00
22.3189	66.00
22.3394	93.00
22.3598	87.00
22.3803	74.00
22.4008	100.00
22.4212	84.00
22.4417	83.00
22.4622	96.00
22.4826	86.00
22.5031	92.00
22.5236	95.00
22.544	80.00
22.5645	88.00
22.5849	88.00
22.6054	90.00
22.6259	89.00
22.6463	91.00
22.6668	68.00
22.6873	77.00
22.7077	92.00
22.7282	95.00
22.7486	88.00
22.7691	94.00
22.7896	75.00
22.81	88.00
22.8305	87.00
22.851	71.00
22.8714	73.00
22.8919	73.00
22.9124	86.00
22.9328	82.00
22.9533	76.00
22.9737	75.00
22.9942	73.00
23.0147	93.00
23.0351	74.00
23.0556	65.00
23.0761	83.00
23.0965	82.00
23.117	77.00
23.1374	59.00
23.1579	78.00
23.1784	70.00
23.1988	80.00
23.2193	93.00
23.2398	64.00
23.2602	74.00
23.2807	76.00
23.3012	74.00
23.3216	77.00
23.3421	75.00
23.3625	73.00
23.383	71.00
23.4035	57.00
23.4239	93.00
23.4444	71.00
23.4649	87.00
23.4853	71.00
23.5058	70.00
23.5262	74.00
23.5467	78.00
23.5672	67.00
23.5876	72.00
23.6081	71.00
23.6286	55.00
23.649	54.00
23.6695	89.00
23.69	81.00
23.7104	66.00
23.7309	69.00
23.7513	68.00
23.7718	82.00
23.7923	66.00
23.8127	71.00
23.8332	71.00
23.8537	75.00
23.8741	67.00
23.8946	71.00
23.915	75.00
23.9355	58.00
23.956	55.00
23.9764	72.00
23.9969	65.00
24.0174	59.00
24.0378	81.00
24.0583	65.00
24.0788	74.00
24.0992	67.00
24.1197	69.00
24.1401	61.00
24.1606	87.00
24.1811	72.00
24.2015	72.00
24.222	59.00
24.2425	73.00
24.2629	73.00
24.2834	65.00
24.3038	68.00
24.3243	71.00
24.3448	60.00
24.3652	63.00
24.3857	67.00
24.4062	64.00
24.4266	71.00
24.4471	50.00
24.4676	68.00
24.488	74.00
24.5085	51.00
24.5289	62.00
24.5494	49.00
24.5699	58.00
24.5903	56.00
24.6108	65.00
24.6313	79.00
24.6517	75.00
24.6722	65.00
24.6926	67.00
24.7131	72.00
24.7336	76.00
24.754	60.00
24.7745	83.00
24.795	75.00
24.8154	72.00
24.8359	83.00
24.8564	107.00
24.8768	148.00
24.8973	147.00
24.9177	146.00
24.9382	162.00
24.9587	142.00
24.9791	111.00
24.9996	117.00
25.0201	74.00
25.0405	87.00
25.061	62.00
25.0814	68.00
25.1019	84.00
25.1224	71.00
25.1428	59.00
25.1633	73.00
25.1838	71.00
25.2042	66.00
25.2247	79.00
25.2452	61.00
25.2656	63.00
25.2861	58.00
25.3065	65.00
25.327	52.00
25.3475	61.00
25.3679	60.00
25.3884	75.00
25.4089	62.00
25.4293	55.00
25.4498	60.00
25.4702	48.00
25.4907	53.00
25.5112	63.00
25.5316	55.00
25.5521	45.00
25.5726	64.00
25.593	47.00
25.6135	67.00
25.634	62.00
25.6544	58.00
25.6749	45.00
25.6953	57.00
25.7158	55.00
25.7363	53.00
25.7567	64.00
25.7772	60.00
25.7977	55.00
25.8181	61.00
25.8386	55.00
25.859	47.00
25.8795	51.00
25.9	57.00
25.9204	55.00
25.9409	59.00
25.9614	51.00
25.9818	51.00
26.0023	48.00
26.0228	64.00
26.0432	49.00
26.0637	59.00
26.0841	53.00
26.1046	61.00
26.1251	57.00
26.1455	52.00
26.166	60.00
26.1865	59.00
26.2069	53.00
26.2274	50.00
26.2478	60.00
26.2683	59.00
26.2888	43.00
26.3092	46.00
26.3297	45.00
26.3502	62.00
26.3706	41.00
26.3911	57.00
26.4116	50.00
26.432	53.00
26.4525	57.00
26.4729	71.00
26.4934	57.00
26.5139	43.00
26.5343	56.00
26.5548	55.00
26.5753	44.00
26.5957	48.00
26.6162	49.00
26.6366	47.00
26.6571	55.00
26.6776	48.00
26.698	44.00
26.7185	42.00
26.739	48.00
26.7594	46.00
26.7799	41.00
26.8004	51.00
26.8208	44.00
26.8413	42.00
26.8617	64.00
26.8822	44.00
26.9027	44.00
26.9231	42.00
26.9436	42.00
26.9641	48.00
26.9845	45.00
27.005	48.00
27.0254	43.00
27.0459	52.00
27.0664	39.00
27.0868	39.00
27.1073	58.00
27.1278	40.00
27.1482	47.00
27.1687	42.00
27.1892	50.00
27.2096	42.00
27.2301	51.00
27.2505	52.00
27.271	38.00
27.2915	61.00
27.3119	46.00
27.3324	46.00
27.3529	57.00
27.3733	56.00
27.3938	33.00
27.4142	46.00
27.4347	48.00
27.4552	35.00
27.4756	42.00
27.4961	45.00
27.5166	45.00
27.537	51.00
27.5575	41.00
27.578	42.00
27.5984	38.00
27.6189	44.00
27.6393	51.00
27.6598	50.00
27.6803	44.00
27.7007	29.00
27.7212	30.00
27.7417	33.00
27.7621	41.00
27.7826	32.00
27.803	41.00
27.8235	31.00
27.844	46.00
27.8644	41.00
27.8849	43.00
27.9054	35.00
27.9258	48.00
27.9463	39.00
27.9668	40.00
27.9872	36.00
28.0077	37.00
28.0281	44.00
28.0486	49.00
28.0691	37.00
28.0895	49.00
28.11	45.00
28.1305	43.00
28.1509	37.00
28.1714	37.00
28.1918	29.00
28.2123	39.00
28.2328	47.00
28.2532	33.00
28.2737	28.00
28.2942	35.00
28.3146	29.00
28.3351	39.00
28.3556	38.00
28.376	35.00
28.3965	35.00
28.4169	45.00
28.4374	26.00
28.4579	34.00
28.4783	51.00
28.4988	42.00
28.5193	36.00
28.5397	35.00
28.5602	32.00
28.5806	38.00
28.6011	28.00
28.6216	28.00
28.642	36.00
28.6625	31.00
28.683	29.00
28.7034	34.00
28.7239	29.00
28.7444	36.00
28.7648	46.00
28.7853	30.00
28.8057	34.00
28.8262	36.00
28.8467	32.00
28.8671	32.00
28.8876	38.00
28.9081	28.00
28.9285	39.00
28.949	27.00
28.9694	31.00
28.9899	33.00
29.0104	33.00
29.0308	29.00
29.0513	28.00
29.0718	30.00
29.0922	34.00
29.1127	35.00
29.1332	37.00
29.1536	22.00
29.1741	34.00
29.1945	39.00
29.215	28.00
29.2355	31.00
29.2559	25.00
29.2764	31.00
29.2969	37.00
29.3173	34.00
29.3378	37.00
29.3582	25.00
29.3787	29.00
29.3992	42.00
29.4196	39.00
29.4401	31.00
29.4606	37.00
29.481	25.00
29.5015	29.00
29.522	18.00
29.5424	27.00
29.5629	32.00
29.5833	26.00
29.6038	36.00
29.6243	32.00
29.6447	33.00
29.6652	31.00
29.6857	28.00
29.7061	32.00
29.7266	40.00
29.747	46.00
29.7675	35.00
29.788	24.00
29.8084	27.00
29.8289	36.00
29.8494	27.00
29.8698	28.00
29.8903	31.00
29.9108	15.00
29.9312	32.00
29.9517	27.00
29.9721	25.00
29.9926	20.00
30.0131	31.00
30.0335	37.00
30.054	31.00
30.0745	39.00
30.0949	26.00
30.1154	25.00
30.1358	36.00
30.1563	30.00
30.1768	16.00
30.1972	32.00
30.2177	27.00
30.2382	37.00
30.2586	20.00
30.2791	26.00
30.2996	23.00
30.32	26.00
30.3405	30.00
30.3609	29.00
30.3814	25.00
30.4019	29.00
30.4223	28.00
30.4428	22.00
30.4633	38.00
30.4837	33.00
30.5042	27.00
30.5246	25.00
30.5451	26.00
30.5656	30.00
30.586	33.00
30.6065	26.00
30.627	40.00
30.6474	33.00
30.6679	28.00
30.6884	33.00
30.7088	30.00
30.7293	20.00
30.7497	30.00
30.7702	34.00
30.7907	22.00
30.8111	35.00
30.8316	27.00
30.8521	31.00
30.8725	41.00
30.893	36.00
30.9134	41.00
30.9339	35.00
30.9544	30.00
30.9748	28.00
30.9953	31.00
31.0158	33.00
31.0362	22.00
31.0567	29.00
31.0772	26.00
31.0976	30.00
31.1181	25.00
31.1385	25.00
31.159	23.00
31.1795	18.00
31.1999	25.00
31.2204	17.00
31.2409	29.00
31.2613	16.00
31.2818	31.00
31.3022	26.00
31.3227	34.00
31.3432	36.00
31.3636	28.00
31.3841	28.00
31.4046	23.00
31.425	31.00
31.4455	24.00
31.466	22.00
31.4864	19.00
31.5069	29.00
31.5273	18.00
31.5478	28.00
31.5683	24.00
31.5887	27.00
31.6092	23.00
31.6297	21.00
31.6501	31.00
31.6706	24.00
31.691	29.00
31.7115	22.00
31.732	30.00
31.7524	17.00
31.7729	27.00
31.7934	17.00
31.8138	24.00
31.8343	28.00
31.8548	20.00
31.8752	21.00
31.8957	20.00
31.9161	22.00
31.9366	17.00
31.9571	26.00
31.9775	25.00
31.998	30.00
32.0185	18.00
32.0389	22.00
32.0594	22.00
32.0798	25.00
32.1003	34.00
32.1208	23.00
32.1412	24.00
32.1617	30.00
32.1822	26.00
32.2026	30.00
32.2231	24.00
32.2436	35.00
32.264	24.00
32.2845	34.00
32.3049	28.00
32.3254	29.00
32.3459	18.00
32.3663	26.00
32.3868	20.00
32.4073	31.00
32.4277	28.00
32.4482	16.00
32.4686	16.00
32.4891	27.00
32.5096	24.00
32.53	32.00
32.5505	31.00
32.571	36.00
32.5914	30.00
32.6119	18.00
32.6324	28.00
32.6528	19.00
32.6733	19.00
32.6937	25.00
32.7142	29.00
32.7347	31.00
32.7551	25.00
32.7756	34.00
32.7961	28.00
32.8165	36.00
32.837	25.00
32.8574	25.00
32.8779	31.00
32.8984	21.00
32.9188	25.00
32.9393	29.00
32.9598	26.00
32.9802	22.00
33.0007	26.00
33.0212	28.00
33.0416	29.00
33.0621	28.00
33.0825	28.00
33.103	23.00
33.1235	18.00
33.1439	20.00
33.1644	32.00
33.1849	26.00
33.2053	21.00
33.2258	27.00
33.2462	35.00
33.2667	21.00
33.2872	39.00
33.3076	23.00
33.3281	28.00
33.3486	27.00
33.369	23.00
33.3895	29.00
33.41	36.00
33.4304	34.00
33.4509	29.00
33.4713	27.00
33.4918	29.00
33.5123	39.00
33.5327	35.00
33.5532	32.00
33.5737	25.00
33.5941	37.00
33.6146	40.00
33.635	36.00
33.6555	39.00
33.676	46.00
33.6964	55.00
33.7169	74.00
33.7374	119.00
33.7578	86.00
33.7783	128.00
33.7988	172.00
33.8192	272.00
33.8397	364.00
33.8601	548.00
33.8806	651.00
33.9011	593.00
33.9215	562.00
33.942	565.00
33.9625	460.00
33.9829	379.00
34.0034	301.00
34.0238	210.00
34.0443	159.00
34.0648	139.00
34.0852	85.00
34.1057	76.00
34.1262	88.00
34.1466	72.00
34.1671	67.00
34.1876	47.00
34.208	37.00
34.2285	54.00
34.2489	35.00
34.2694	35.00
34.2899	25.00
34.3103	31.00
34.3308	38.00
34.3513	31.00
34.3717	33.00
34.3922	28.00
34.4126	28.00
34.4331	15.00
34.4536	32.00
34.474	26.00
34.4945	25.00
34.515	32.00
34.5354	24.00
34.5559	24.00
34.5764	31.00
34.5968	33.00
34.6173	13.00
34.6377	25.00
34.6582	28.00
34.6787	22.00
34.6991	29.00
34.7196	29.00
34.7401	25.00
34.7605	27.00
34.781	15.00
34.8014	14.00
34.8219	29.00
34.8424	24.00
34.8628	34.00
34.8833	30.00
34.9038	22.00
34.9242	25.00
34.9447	25.00
34.9652	31.00
34.9856	16.00
35.0061	24.00
35.0265	27.00
35.047	22.00
35.0675	38.00
35.0879	20.00
35.1084	23.00
35.1289	19.00
35.1493	29.00
35.1698	18.00
35.1902	22.00
35.2107	30.00
35.2312	24.00
35.2516	22.00
35.2721	26.00
35.2926	30.00
35.313	23.00
35.3335	23.00
35.354	24.00
35.3744	19.00
35.3949	17.00
35.4153	20.00
35.4358	26.00
35.4563	24.00
35.4767	31.00
35.4972	22.00
35.5177	25.00
35.5381	28.00
35.5586	17.00
35.579	26.00
35.5995	24.00
35.62	33.00
35.6404	26.00
35.6609	36.00
35.6814	18.00
35.7018	22.00
35.7223	31.00
35.7428	22.00
35.7632	23.00
35.7837	19.00
35.8041	30.00
35.8246	21.00
35.8451	23.00
35.8655	26.00
35.886	25.00
35.9065	25.00
35.9269	19.00
35.9474	21.00
35.9678	24.00
35.9883	21.00
36.0088	17.00
36.0292	24.00
36.0497	35.00
36.0702	30.00
36.0906	31.00
36.1111	43.00
36.1316	58.00
36.152	51.00
36.1725	69.00
36.1929	73.00
36.2134	70.00
36.2339	101.00
36.2543	89.00
36.2748	112.00
36.2953	126.00
36.3157	217.00
36.3362	334.00
36.3566	381.00
36.3771	525.00
36.3976	533.00
36.418	443.00
36.4385	356.00
36.459	327.00
36.4794	326.00
36.4999	250.00
36.5203	205.00
36.5408	115.00
36.5613	103.00
36.5817	78.00
36.6022	66.00
36.6227	50.00
36.6431	52.00
36.6636	50.00
36.6841	43.00
36.7045	48.00
36.725	37.00
36.7454	28.00
36.7659	24.00
36.7864	18.00
36.8068	33.00
36.8273	23.00
36.8478	30.00
36.8682	28.00
36.8887	23.00
36.9091	32.00
36.9296	32.00
36.9501	25.00
36.9705	30.00
36.991	19.00
37.0115	25.00
37.0319	19.00
37.0524	17.00
37.0729	30.00
37.0933	21.00
37.1138	15.00
37.1342	26.00
37.1547	15.00
37.1752	25.00
37.1956	25.00
37.2161	17.00
37.2366	30.00
37.257	27.00
37.2775	21.00
37.2979	17.00
37.3184	23.00
37.3389	23.00
37.3593	18.00
37.3798	17.00
37.4003	17.00
37.4207	20.00
37.4412	28.00
37.4617	24.00
37.4821	19.00
37.5026	27.00
37.523	22.00
37.5435	21.00
37.564	15.00
37.5844	27.00
37.6049	20.00
37.6254	17.00
37.6458	20.00
37.6663	19.00
37.6867	21.00
37.7072	16.00
37.7277	19.00
37.7481	24.00
37.7686	25.00
37.7891	24.00
37.8095	21.00
37.83	24.00
37.8505	14.00
37.8709	17.00
37.8914	21.00
37.9118	9.00
37.9323	18.00
37.9528	26.00
37.9732	20.00
37.9937	23.00
38.0142	17.00
38.0346	17.00
38.0551	15.00
38.0755	16.00
38.096	13.00
38.1165	21.00
38.1369	15.00
38.1574	24.00
38.1779	18.00
38.1983	28.00
38.2188	14.00
38.2393	18.00
38.2597	16.00
38.2802	19.00
38.3006	23.00
38.3211	18.00
38.3416	16.00
38.362	10.00
38.3825	18.00
38.403	18.00
38.4234	16.00
38.4439	18.00
38.4643	12.00
38.4848	15.00
38.5053	22.00
38.5257	13.00
38.5462	20.00
38.5667	12.00
38.5871	15.00
38.6076	18.00
38.6281	15.00
38.6485	14.00
38.669	14.00
38.6894	14.00
38.7099	12.00
38.7304	19.00
38.7508	21.00
38.7713	11.00
38.7918	8.00
38.8122	13.00
38.8327	17.00
38.8531	16.00
38.8736	17.00
38.8941	15.00
38.9145	20.00
38.935	19.00
38.9555	17.00
38.9759	10.00
38.9964	16.00
39.0169	13.00
39.0373	17.00
39.0578	16.00
39.0782	16.00
39.0987	19.00
39.1192	20.00
39.1396	13.00
39.1601	19.00
39.1806	17.00
39.201	15.00
39.2215	15.00
39.2419	13.00
39.2624	15.00
39.2829	16.00
39.3033	7.00
39.3238	15.00
39.3443	9.00
39.3647	21.00
39.3852	12.00
39.4057	10.00
39.4261	9.00
39.4466	24.00
39.467	17.00
39.4875	7.00
39.508	17.00
39.5284	18.00
39.5489	9.00
39.5694	10.00
39.5898	15.00
39.6103	14.00
39.6307	11.00
39.6512	10.00
39.6717	13.00
39.6921	21.00
39.7126	16.00
39.7331	6.00
39.7535	15.00
39.774	8.00
39.7945	22.00
39.8149	13.00
39.8354	11.00
39.8558	19.00
39.8763	16.00
39.8968	13.00
39.9172	26.00
39.9377	18.00
39.9582	18.00
39.9786	29.00
39.9991	18.00
40.0195	27.00
40.04	22.00
40.0605	21.00
40.0809	26.00
40.1014	23.00
40.1219	17.00
40.1423	26.00
40.1628	4.00
40.1833	15.00
40.2037	8.00
40.2242	9.00
40.2446	17.00
40.2651	14.00
40.2856	12.00
40.306	18.00
40.3265	19.00
40.347	12.00
40.3674	12.00
40.3879	15.00
40.4083	22.00
40.4288	18.00
40.4493	13.00
40.4697	13.00
40.4902	13.00
40.5107	12.00
40.5311	15.00
40.5516	17.00
40.5721	14.00
40.5925	13.00
40.613	19.00
40.6334	11.00
40.6539	10.00
40.6744	10.00
40.6948	13.00
40.7153	13.00
40.7358	19.00
40.7562	18.00
40.7767	18.00
40.7971	19.00
40.8176	11.00
40.8381	11.00
40.8585	13.00
40.879	18.00
40.8995	9.00
40.9199	17.00
40.9404	27.00
40.9609	13.00
40.9813	10.00
41.0018	8.00
41.0222	17.00
41.0427	19.00
41.0632	13.00
41.0836	12.00
41.1041	19.00
41.1246	13.00
41.145	17.00
41.1655	15.00
41.1859	14.00
41.2064	19.00
41.2269	14.00
41.2473	19.00
41.2678	16.00
41.2883	18.00
41.3087	18.00
41.3292	15.00
41.3497	14.00
41.3701	20.00
41.3906	20.00
41.411	19.00
41.4315	31.00
41.452	31.00
41.4724	37.00
41.4929	49.00
41.5134	69.00
41.5338	100.00
41.5543	139.00
41.5747	181.00
41.5952	235.00
41.6157	183.00
41.6361	143.00
41.6566	138.00
41.6771	153.00
41.6975	133.00
41.718	129.00
41.7385	77.00
41.7589	57.00
41.7794	43.00
41.7998	32.00
41.8203	29.00
41.8408	35.00
41.8612	24.00
41.8817	21.00
41.9022	26.00
41.9226	20.00
41.9431	23.00
41.9635	12.00
41.984	20.00
42.0045	18.00
42.0249	15.00
42.0454	22.00
42.0659	11.00
42.0863	15.00
42.1068	19.00
42.1273	12.00
42.1477	17.00
42.1682	14.00
42.1886	13.00
42.2091	8.00
42.2296	3.00
42.25	7.00
42.2705	16.00
42.291	15.00
42.3114	4.00
42.3319	15.00
42.3523	9.00
42.3728	8.00
42.3933	18.00
42.4137	10.00
42.4342	13.00
42.4547	14.00
42.4751	11.00
42.4956	10.00
42.5161	16.00
42.5365	7.00
42.557	19.00
42.5774	16.00
42.5979	13.00
42.6184	10.00
42.6388	15.00
42.6593	12.00
42.6798	17.00
42.7002	12.00
42.7207	9.00
42.7411	9.00
42.7616	13.00
42.7821	10.00
42.8025	17.00
42.823	16.00
42.8435	12.00
42.8639	10.00
42.8844	16.00
42.9049	10.00
42.9253	11.00
42.9458	9.00
42.9662	7.00
42.9867	15.00
43.0072	13.00
43.0276	7.00
43.0481	11.00
43.0686	10.00
43.089	11.00
43.1095	12.00
43.1299	9.00
43.1504	13.00
43.1709	10.00
43.1913	9.00
43.2118	12.00
43.2323	8.00
43.2527	8.00
43.2732	9.00
43.2937	12.00
43.3141	15.00
43.3346	9.00
43.355	10.00
43.3755	10.00
43.396	14.00
43.4164	6.00
43.4369	14.00
43.4574	15.00
43.4778	11.00
43.4983	19.00
43.5187	12.00
43.5392	8.00
43.5597	16.00
43.5801	12.00
43.6006	10.00
43.6211	14.00
43.6415	9.00
43.662	11.00
43.6825	17.00
43.7029	7.00
43.7234	16.00
43.7438	20.00
43.7643	20.00
43.7848	19.00
43.8052	12.00
43.8257	18.00
43.8462	27.00
43.8666	24.00
43.8871	12.00
43.9075	15.00
43.928	20.00
43.9485	24.00
43.9689	12.00
43.9894	10.00
44.0099	13.00
44.0303	15.00
44.0508	17.00
44.0713	15.00
44.0917	19.00
44.1122	12.00
44.1326	14.00
44.1531	12.00
44.1736	18.00
44.194	18.00
44.2145	27.00
44.235	34.00
44.2554	28.00
44.2759	32.00
44.2963	17.00
44.3168	21.00
44.3373	21.00
44.3577	23.00
44.3782	18.00
44.3987	25.00
44.4191	15.00
44.4396	12.00
44.4601	17.00
44.4805	7.00
44.501	8.00
44.5214	4.00
44.5419	15.00
44.5624	9.00
44.5828	8.00
44.6033	9.00
44.6238	20.00
44.6442	8.00
44.6647	8.00
44.6851	9.00
44.7056	9.00
44.7261	14.00
44.7465	6.00
44.767	12.00
44.7875	4.00
44.8079	12.00
44.8284	11.00
44.8489	12.00
44.8693	12.00
44.8898	14.00
44.9102	12.00
44.9307	10.00
44.9512	9.00
44.9716	12.00
44.9921	11.00
45.0126	12.00
45.033	5.00
45.0535	11.00
45.0739	5.00
45.0944	9.00
45.1149	19.00
45.1353	12.00
45.1558	13.00
45.1763	9.00
45.1967	10.00
45.2172	6.00
45.2377	13.00
45.2581	8.00
45.2786	10.00
45.299	12.00
45.3195	6.00
45.34	8.00
45.3604	9.00
45.3809	5.00
45.4014	7.00
45.4218	7.00
45.4423	12.00
45.4627	12.00
45.4832	12.00
45.5037	9.00
45.5241	6.00
45.5446	7.00
45.5651	8.00
45.5855	4.00
45.606	10.00
45.6265	9.00
45.6469	9.00
45.6674	9.00
45.6878	7.00
45.7083	2.00
45.7288	9.00
45.7492	10.00
45.7697	5.00
45.7902	9.00
45.8106	12.00
45.8311	11.00
45.8515	10.00
45.872	5.00
45.8925	8.00
45.9129	6.00
45.9334	4.00
45.9539	6.00
45.9743	8.00
45.9948	10.00
46.0153	12.00
46.0357	12.00
46.0562	14.00
46.0766	5.00
46.0971	7.00
46.1176	14.00
46.138	7.00
46.1585	9.00
46.179	12.00
46.1994	9.00
46.2199	6.00
46.2403	14.00
46.2608	4.00
46.2813	9.00
46.3017	8.00
46.3222	5.00
46.3427	15.00
46.3631	6.00
46.3836	4.00
46.4041	9.00
46.4245	9.00
46.445	19.00
46.4654	13.00
46.4859	10.00
46.5064	10.00
46.5268	7.00
46.5473	8.00
46.5678	9.00
46.5882	4.00
46.6087	10.00
46.6291	12.00
46.6496	4.00
46.6701	8.00
46.6905	7.00
46.711	9.00
46.7315	3.00
46.7519	8.00
46.7724	12.00
46.7929	10.00
46.8133	12.00
46.8338	3.00
46.8542	8.00
46.8747	5.00
46.8952	8.00
46.9156	10.00
46.9361	11.00
46.9566	10.00
46.977	8.00
46.9975	11.00
47.0179	9.00
47.0384	8.00
47.0589	16.00
47.0793	10.00
47.0998	14.00
47.1203	8.00
47.1407	14.00
47.1612	8.00
47.1817	6.00
47.2021	8.00
47.2226	6.00
47.243	5.00
47.2635	9.00
47.284	11.00
47.3044	9.00
47.3249	4.00
47.3454	5.00
47.3658	7.00
47.3863	10.00
47.4067	8.00
47.4272	7.00
47.4477	7.00
47.4681	6.00
47.4886	8.00
47.5091	12.00
47.5295	10.00
47.55	7.00
47.5705	8.00
47.5909	13.00
47.6114	7.00
47.6318	10.00
47.6523	8.00
47.6728	9.00
47.6932	4.00
47.7137	8.00
47.7342	8.00
47.7546	9.00
47.7751	10.00
47.7955	6.00
47.816	9.00
47.8365	10.00
47.8569	6.00
47.8774	8.00
47.8979	9.00
47.9183	7.00
47.9388	3.00
47.9593	6.00
47.9797	7.00
48.0002	5.00
48.0206	8.00
48.0411	10.00
48.0616	10.00
48.082	5.00
48.1025	8.00
48.123	13.00
48.1434	4.00
48.1639	6.00
48.1843	9.00
48.2048	8.00
48.2253	4.00
48.2457	13.00
48.2662	10.00
48.2867	8.00
48.3071	10.00
48.3276	11.00
48.3481	3.00
48.3685	10.00
48.389	10.00
48.4094	9.00
48.4299	11.00
48.4504	10.00
48.4708	7.00
48.4913	8.00
48.5118	8.00
48.5322	9.00
48.5527	5.00
48.5731	10.00
48.5936	8.00
48.6141	11.00
48.6345	7.00
48.655	10.00
48.6755	8.00
48.6959	10.00
48.7164	12.00
48.7369	9.00
48.7573	7.00
48.7778	8.00
48.7982	12.00
48.8187	9.00
48.8392	10.00
48.8596	11.00
48.8801	9.00
48.9006	10.00
48.921	5.00
48.9415	7.00
48.9619	8.00
48.9824	12.00
49.0029	5.00
49.0233	10.00
49.0438	13.00
49.0643	14.00
49.0847	6.00
49.1052	7.00
49.1257	7.00
49.1461	5.00
49.1666	12.00
49.187	6.00
49.2075	10.00
49.228	18.00
49.2484	12.00
49.2689	16.00
49.2894	13.00
49.3098	9.00
49.3303	12.00
49.3507	8.00
49.3712	12.00
49.3917	9.00
49.4121	13.00
49.4326	10.00
49.4531	12.00
49.4735	10.00
49.494	9.00
49.5145	13.00
49.5349	6.00
49.5554	10.00
49.5758	14.00
49.5963	15.00
49.6168	11.00
49.6372	6.00
49.6577	10.00
49.6782	9.00
49.6986	12.00
49.7191	12.00
49.7395	16.00
49.76	15.00
49.7805	11.00
49.8009	13.00
49.8214	14.00
49.8419	16.00
49.8623	11.00
49.8828	23.00
49.9033	32.00
49.9237	25.00
49.9442	19.00
49.9646	20.00
49.9851	31.00
50.0056	42.00
50.026	51.00
50.0465	60.00
50.067	68.00
50.0874	127.00
50.1079	153.00
50.1283	236.00
50.1488	281.00
50.1693	324.00
50.1897	272.00
50.2102	200.00
50.2307	170.00
50.2511	142.00
50.2716	202.00
50.2921	170.00
50.3125	180.00
50.333	132.00
50.3534	102.00
50.3739	71.00
50.3944	62.00
50.4148	37.00
50.4353	35.00
50.4558	30.00
50.4762	31.00
50.4967	17.00
50.5171	17.00
50.5376	18.00
50.5581	23.00
50.5785	15.00
50.599	14.00
50.6195	15.00
50.6399	12.00
50.6604	14.00
50.6809	11.00
50.7013	17.00
50.7218	11.00
50.7422	13.00
50.7627	11.00
50.7832	14.00
50.8036	10.00
50.8241	10.00
50.8446	19.00
50.865	10.00
50.8855	7.00
50.9059	7.00
50.9264	12.00
50.9469	11.00
50.9673	14.00
50.9878	10.00
51.0083	13.00
51.0287	9.00
51.0492	7.00
51.0697	8.00
51.0901	24.00
51.1106	9.00
51.131	12.00
51.1515	6.00
51.172	5.00
51.1924	6.00
51.2129	11.00
51.2334	8.00
51.2538	11.00
51.2743	7.00
51.2947	4.00
51.3152	8.00
51.3357	6.00
51.3561	7.00
51.3766	15.00
51.3971	6.00
51.4175	8.00
51.438	9.00
51.4585	8.00
51.4789	12.00
51.4994	12.00
51.5198	9.00
51.5403	9.00
51.5608	7.00
51.5812	9.00
51.6017	14.00
51.6222	10.00
51.6426	9.00
51.6631	11.00
51.6835	12.00
51.704	10.00
51.7245	8.00
51.7449	3.00
51.7654	8.00
51.7859	9.00
51.8063	6.00
51.8268	8.00
51.8473	5.00
51.8677	12.00
51.8882	9.00
51.9086	4.00
51.9291	6.00
51.9496	10.00
51.97	9.00
51.9905	11.00
52.011	11.00
52.0314	13.00
52.0519	10.00
52.0723	9.00
52.0928	9.00
52.1133	8.00
52.1337	12.00
52.1542	10.00
52.1747	14.00
52.1951	13.00
52.2156	10.00
52.2361	14.00
52.2565	6.00
52.277	6.00
52.2974	10.00
52.3179	6.00
52.3384	12.00
52.3588	7.00
52.3793	11.00
52.3998	4.00
52.4202	10.00
52.4407	6.00
52.4611	6.00
52.4816	11.00
52.5021	6.00
52.5225	4.00
52.543	10.00
52.5635	13.00
52.5839	9.00
52.6044	10.00
52.6249	5.00
52.6453	8.00
52.6658	8.00
52.6862	10.00
52.7067	11.00
52.7272	3.00
52.7476	5.00
52.7681	12.00
52.7886	9.00
52.809	7.00
52.8295	10.00
52.8499	5.00
52.8704	10.00
52.8909	8.00
52.9113	5.00
52.9318	5.00
52.9523	13.00
52.9727	5.00
52.9932	8.00
53.0137	15.00
53.0341	12.00
53.0546	9.00
53.075	8.00
53.0955	8.00
53.116	7.00
53.1364	6.00
53.1569	9.00
53.1774	5.00
53.1978	7.00
53.2183	9.00
53.2387	10.00
53.2592	15.00
53.2797	5.00
53.3001	11.00
53.3206	11.00
53.3411	11.00
53.3615	10.00
53.382	9.00
53.4025	11.00
53.4229	15.00
53.4434	9.00
53.4638	14.00
53.4843	10.00
53.5048	4.00
53.5252	8.00
53.5457	8.00
53.5662	11.00
53.5866	9.00
53.6071	8.00
53.6275	8.00
53.648	7.00
53.6685	12.00
53.6889	11.00
53.7094	9.00
53.7299	8.00
53.7503	16.00
53.7708	11.00
53.7913	11.00
53.8117	9.00
53.8322	11.00
53.8526	9.00
53.8731	12.00
53.8936	14.00
53.914	12.00
53.9345	18.00
53.955	12.00
53.9754	11.00
53.9959	14.00
54.0163	7.00
54.0368	9.00
54.0573	14.00
54.0777	5.00
54.0982	18.00
54.1187	16.00
54.1391	12.00
54.1596	14.00
54.18	15.00
54.2005	16.00
54.221	11.00
54.2414	9.00
54.2619	16.00
54.2824	10.00
54.3028	14.00
54.3233	16.00
54.3438	21.00
54.3642	16.00
54.3847	18.00
54.4051	20.00
54.4256	24.00
54.4461	17.00
54.4665	29.00
54.487	22.00
54.5075	29.00
54.5279	36.00
54.5484	40.00
54.5688	40.00
54.5893	55.00
54.6098	59.00
54.6302	82.00
54.6507	154.00
54.6712	178.00
54.6916	274.00
54.7121	344.00
54.7326	384.00
54.753	350.00
54.7735	262.00
54.7939	220.00
54.8144	201.00
54.8349	185.00
54.8553	234.00
54.8758	215.00
54.8963	213.00
54.9167	167.00
54.9372	121.00
54.9576	77.00
54.9781	64.00
54.9986	46.00
55.019	43.00
55.0395	35.00
55.06	34.00
55.0804	27.00
55.1009	21.00
55.1214	23.00
55.1418	23.00
55.1623	11.00
55.1827	16.00
55.2032	14.00
55.2237	12.00
55.2441	17.00
55.2646	17.00
55.2851	15.00
55.3055	12.00
55.326	15.00
55.3464	19.00
55.3669	13.00
55.3874	15.00
55.4078	11.00
55.4283	10.00
55.4488	13.00
55.4692	8.00
55.4897	15.00
55.5102	11.00
55.5306	8.00
55.5511	18.00
55.5715	7.00
55.592	13.00
55.6125	10.00
55.6329	9.00
55.6534	12.00
55.6739	12.00
55.6943	13.00
55.7148	14.00
55.7352	4.00
55.7557	6.00
55.7762	8.00
55.7966	8.00
55.8171	9.00
55.8376	12.00
55.858	6.00
55.8785	7.00
55.899	5.00
55.9194	13.00
55.9399	10.00
55.9603	9.00
55.9808	7.00
56.0013	6.00
56.0217	5.00
56.0422	12.00
56.0627	10.00
56.0831	6.00
56.1036	7.00
56.124	6.00
56.1445	8.00
56.165	8.00
56.1854	6.00
56.2059	15.00
56.2264	11.00
56.2468	9.00
56.2673	8.00
56.2878	8.00
56.3082	10.00
56.3287	8.00
56.3491	9.00
56.3696	10.00
56.3901	9.00
56.4105	7.00
56.431	8.00
56.4515	6.00
56.4719	10.00
56.4924	9.00
56.5128	13.00
56.5333	5.00
56.5538	10.00
56.5742	17.00
56.5947	8.00
56.6152	16.00
56.6356	13.00
56.6561	11.00
56.6766	12.00
56.697	8.00
56.7175	7.00
56.7379	7.00
56.7584	11.00
56.7789	8.00
56.7993	10.00
56.8198	14.00
56.8403	10.00
56.8607	12.00
56.8812	14.00
56.9016	7.00
56.9221	4.00
56.9426	14.00
56.963	8.00
56.9835	8.00
57.004	7.00
57.0244	13.00
57.0449	12.00
57.0654	11.00
57.0858	6.00
57.1063	6.00
57.1267	9.00
57.1472	9.00
57.1677	12.00
57.1881	2.00
57.2086	8.00
57.2291	5.00
57.2495	5.00
57.27	6.00
57.2904	10.00
57.3109	7.00
57.3314	8.00
57.3518	4.00
57.3723	7.00
57.3928	8.00
57.4132	6.00
57.4337	6.00
57.4542	13.00
57.4746	7.00
57.4951	9.00
57.5155	7.00
57.536	9.00
57.5565	12.00
57.5769	9.00
57.5974	10.00
57.6179	15.00
57.6383	15.00
57.6588	15.00
57.6792	8.00
57.6997	15.00
57.7202	14.00
57.7406	11.00
57.7611	17.00
57.7816	15.00
57.802	12.00
57.8225	14.00
57.843	17.00
57.8634	13.00
57.8839	24.00
57.9043	25.00
57.9248	9.00
57.9453	12.00
57.9657	14.00
57.9862	12.00
58.0067	9.00
58.0271	20.00
58.0476	25.00
58.068	28.00
58.0885	24.00
58.109	28.00
58.1294	46.00
58.1499	55.00
58.1704	71.00
58.1908	67.00
58.2113	72.00
58.2318	80.00
58.2522	63.00
58.2727	55.00
58.2931	49.00
58.3136	54.00
58.3341	52.00
58.3545	45.00
58.375	40.00
58.3955	38.00
58.4159	36.00
58.4364	16.00
58.4568	19.00
58.4773	12.00
58.4978	18.00
58.5182	10.00
58.5387	8.00
58.5592	17.00
58.5796	10.00
58.6001	10.00
58.6206	4.00
58.641	6.00
58.6615	14.00
58.6819	9.00
58.7024	7.00
58.7229	11.00
58.7433	7.00
58.7638	10.00
58.7843	6.00
58.8047	11.00
58.8252	9.00
58.8456	9.00
58.8661	9.00
58.8866	14.00
58.907	5.00
58.9275	7.00
58.948	8.00
58.9684	4.00
58.9889	6.00
59.0094	9.00
59.0298	5.00
59.0503	11.00
59.0707	6.00
59.0912	4.00
59.1117	10.00
59.1321	5.00
59.1526	4.00
59.1731	10.00
59.1935	11.00
59.214	4.00
59.2344	10.00
59.2549	8.00
59.2754	5.00
59.2958	6.00
59.3163	8.00
59.3368	10.00
59.3572	6.00
59.3777	10.00
59.3982	7.00
59.4186	8.00
59.4391	5.00
59.4595	7.00
59.48	10.00
59.5005	11.00
59.5209	5.00
59.5414	7.00
59.5619	9.00
59.5823	11.00
59.6028	12.00
59.6232	10.00
59.6437	8.00
59.6642	13.00
59.6846	4.00
59.7051	10.00
59.7256	9.00
59.746	7.00
59.7665	7.00
59.787	11.00
59.8074	8.00
59.8279	5.00
59.8483	5.00
59.8688	7.00
59.8893	5.00
59.9097	10.00
59.9302	8.00
59.9507	5.00
59.9711	6.00
59.9916	5.00
60.012	7.00
60.0325	7.00
60.053	8.00
60.0734	8.00
60.0939	4.00
60.1144	8.00
60.1348	7.00
60.1553	14.00
60.1758	4.00
60.1962	4.00
60.2167	5.00
60.2371	6.00
60.2576	1.00
60.2781	3.00
60.2985	8.00
60.319	3.00
60.3395	7.00
60.3599	4.00
60.3804	11.00
60.4008	3.00
60.4213	4.00
60.4418	12.00
60.4622	8.00
60.4827	6.00
60.5032	5.00
60.5236	4.00
60.5441	9.00
60.5646	8.00
60.585	10.00
60.6055	5.00
60.6259	6.00
60.6464	2.00
60.6669	11.00
60.6873	6.00
60.7078	3.00
60.7283	7.00
60.7487	4.00
60.7692	5.00
60.7896	8.00
60.8101	4.00
60.8306	2.00
60.851	8.00
60.8715	6.00
60.892	7.00
60.9124	4.00
60.9329	2.00
60.9534	2.00
60.9738	8.00
60.9943	9.00
61.0147	7.00
61.0352	5.00
61.0557	3.00
61.0761	8.00
61.0966	7.00
61.1171	4.00
61.1375	6.00
61.158	9.00
61.1784	4.00
61.1989	5.00
61.2194	1.00
61.2398	6.00
61.2603	6.00
61.2808	3.00
61.3012	3.00
61.3217	6.00
61.3422	5.00
61.3626	7.00
61.3831	3.00
61.4035	5.00
61.424	7.00
61.4445	7.00
61.4649	5.00
61.4854	6.00
61.5059	9.00
61.5263	4.00
61.5468	5.00
61.5672	8.00
61.5877	7.00
61.6082	5.00
61.6286	6.00
61.6491	6.00
61.6696	7.00
61.69	7.00
61.7105	11.00
61.731	11.00
61.7514	11.00
61.7719	7.00
61.7923	5.00
61.8128	8.00
61.8333	4.00
61.8537	7.00
61.8742	7.00
61.8947	10.00
61.9151	8.00
61.9356	7.00
61.956	11.00
61.9765	8.00
61.997	8.00
62.0174	11.00
62.0379	7.00
62.0584	7.00
62.0788	5.00
62.0993	7.00
62.1198	13.00
62.1402	7.00
62.1607	8.00
62.1811	11.00
62.2016	5.00
62.2221	8.00
62.2425	10.00
62.263	5.00
62.2835	8.00
62.3039	8.00
62.3244	4.00
62.3448	11.00
62.3653	10.00
62.3858	9.00
62.4062	13.00
62.4267	9.00
62.4472	13.00
62.4676	13.00
62.4881	4.00
62.5086	16.00
62.529	10.00
62.5495	8.00
62.5699	5.00
62.5904	12.00
62.6109	8.00
62.6313	8.00
62.6518	9.00
62.6723	10.00
62.6927	11.00
62.7132	18.00
62.7336	10.00
62.7541	13.00
62.7746	9.00
62.795	23.00
62.8155	14.00
62.836	21.00
62.8564	16.00
62.8769	27.00
62.8974	24.00
62.9178	20.00
62.9383	35.00
62.9587	45.00
62.9792	50.00
62.9997	66.00
63.0201	93.00
63.0406	141.00
63.0611	200.00
63.0815	263.00
63.102	255.00
63.1224	220.00
63.1429	193.00
63.1634	138.00
63.1838	122.00
63.2043	121.00
63.2248	139.00
63.2452	149.00
63.2657	160.00
63.2862	139.00
63.3066	123.00
63.3271	74.00
63.3475	66.00
63.368	58.00
63.3885	40.00
63.4089	38.00
63.4294	36.00
63.4499	34.00
63.4703	23.00
63.4908	27.00
63.5112	21.00
63.5317	12.00
63.5522	10.00
63.5726	16.00
63.5931	10.00
63.6136	15.00
63.634	14.00
63.6545	12.00
63.675	13.00
63.6954	12.00
63.7159	7.00
63.7363	7.00
63.7568	7.00
63.7773	10.00
63.7977	16.00
63.8182	6.00
63.8387	11.00
63.8591	8.00
63.8796	8.00
63.9	12.00
63.9205	4.00
63.941	11.00
63.9614	10.00
63.9819	8.00
64.0024	8.00
64.0228	11.00
64.0433	13.00
64.0638	7.00
64.0842	6.00
64.1047	17.00
64.1251	8.00
64.1456	11.00
64.1661	6.00
64.1865	7.00
64.207	7.00
64.2275	11.00
64.2479	14.00
64.2684	19.00
64.2888	7.00
64.3093	12.00
64.3298	12.00
64.3502	22.00
64.3707	20.00
64.3912	14.00
64.4116	17.00
64.4321	15.00
64.4526	22.00
64.473	24.00
64.4935	20.00
64.5139	25.00
64.5344	34.00
64.5549	31.00
64.5753	69.00
64.5958	82.00
64.6163	113.00
64.6367	194.00
64.6572	266.00
64.6776	252.00
64.6981	274.00
64.7186	205.00
64.739	144.00
64.7595	114.00
64.78	76.00
64.8004	104.00
64.8209	124.00
64.8414	161.00
64.8618	130.00
64.8823	125.00
64.9027	72.00
64.9232	62.00
64.9437	50.00
64.9641	34.00
64.9846	34.00
65.0051	19.00
65.0255	27.00
65.046	22.00
65.0664	13.00
65.0869	18.00
65.1074	10.00
65.1278	16.00
65.1483	15.00
65.1688	11.00
65.1892	15.00
65.2097	6.00
65.2302	6.00
65.2506	15.00
65.2711	7.00
65.2915	7.00
65.312	7.00
65.3325	15.00
65.3529	5.00
65.3734	11.00
65.3939	7.00
65.4143	8.00
65.4348	6.00
65.4552	7.00
65.4757	7.00
65.4962	10.00
65.5166	7.00
65.5371	9.00
65.5576	4.00
65.578	8.00
65.5985	6.00
65.619	5.00
65.6394	7.00
65.6599	8.00
65.6803	12.00
65.7008	8.00
65.7213	11.00
65.7417	9.00
65.7622	6.00
65.7827	6.00
65.8031	5.00
65.8236	6.00
65.844	6.00
65.8645	9.00
65.885	9.00
65.9054	8.00
65.9259	11.00
65.9464	3.00
65.9668	8.00
65.9873	12.00
66.0078	3.00
66.0282	6.00
66.0487	6.00
66.0691	9.00
66.0896	6.00
66.1101	5.00
66.1305	10.00
66.151	7.00
66.1715	3.00
66.1919	9.00
66.2124	11.00
66.2328	5.00
66.2533	6.00
66.2738	7.00
66.2942	8.00
66.3147	8.00
66.3352	7.00
66.3556	8.00
66.3761	4.00
66.3966	6.00
66.417	6.00
66.4375	6.00
66.4579	3.00
66.4784	11.00
66.4989	7.00
66.5193	9.00
66.5398	7.00
66.5603	10.00
66.5807	5.00
66.6012	11.00
66.6216	11.00
66.6421	6.00
66.6626	6.00
66.683	11.00
66.7035	12.00
66.724	6.00
66.7444	11.00
66.7649	4.00
66.7854	11.00
66.8058	7.00
66.8263	14.00
66.8467	6.00
66.8672	8.00
66.8877	6.00
66.9081	3.00
66.9286	11.00
66.9491	7.00
66.9695	8.00
66.99	6.00
67.0104	4.00
67.0309	3.00
67.0514	4.00
67.0718	7.00
67.0923	9.00
67.1128	7.00
67.1332	2.00
67.1537	11.00
67.1742	8.00
67.1946	7.00
67.2151	6.00
67.2355	9.00
67.256	8.00
67.2765	4.00
67.2969	7.00
67.3174	10.00
67.3379	3.00
67.3583	4.00
67.3788	5.00
67.3992	3.00
67.4197	8.00
67.4402	6.00
67.4606	9.00
67.4811	6.00
67.5016	9.00
67.522	7.00
67.5425	7.00
67.563	6.00
67.5834	9.00
67.6039	7.00
67.6243	9.00
67.6448	5.00
67.6653	3.00
67.6857	6.00
67.7062	7.00
67.7267	5.00
67.7471	6.00
67.7676	7.00
67.788	10.00
67.8085	9.00
67.829	6.00
67.8494	7.00
67.8699	9.00
67.8904	3.00
67.9108	6.00
67.9313	6.00
67.9518	9.00
67.9722	5.00
67.9927	5.00
68.0131	1.00
68.0336	8.00
68.0541	9.00
68.0745	5.00
68.095	6.00
68.1155	3.00
68.1359	8.00
68.1564	6.00
68.1768	4.00
68.1973	4.00
68.2178	4.00
68.2382	5.00
68.2587	2.00
68.2792	5.00
68.2996	7.00
68.3201	7.00
68.3406	5.00
68.361	4.00
68.3815	4.00
68.4019	10.00
68.4224	7.00
68.4429	7.00
68.4633	3.00
68.4838	7.00
68.5043	9.00
68.5247	11.00
68.5452	5.00
68.5656	7.00
68.5861	4.00
68.6066	6.00
68.627	9.00
68.6475	4.00
68.668	4.00
68.6884	5.00
68.7089	9.00
68.7294	4.00
68.7498	5.00
68.7703	3.00
68.7907	4.00
68.8112	4.00
68.8317	5.00
68.8521	7.00
68.8726	1.00
68.8931	11.00
68.9135	3.00
68.934	3.00
68.9544	2.00
68.9749	10.00
68.9954	6.00
69.0158	6.00
69.0363	6.00
69.0568	6.00
69.0772	7.00
69.0977	6.00
69.1182	5.00
69.1386	3.00
69.1591	7.00
69.1795	6.00
69.2	7.00
69.2205	1.00
69.2409	4.00
69.2614	4.00
69.2819	5.00
69.3023	6.00
69.3228	3.00
69.3432	3.00
69.3637	7.00
69.3842	4.00
69.4046	8.00
69.4251	5.00
69.4456	3.00
69.466	8.00
69.4865	6.00
69.507	3.00
69.5274	5.00
69.5479	3.00
69.5683	9.00
69.5888	10.00
69.6093	8.00
69.6297	6.00
69.6502	2.00
69.6707	6.00
69.6911	5.00
69.7116	3.00
69.732	9.00
69.7525	7.00
69.773	8.00
69.7934	9.00
69.8139	8.00
69.8344	6.00
69.8548	4.00
69.8753	1.00
69.8958	4.00
69.9162	6.00
69.9367	10.00
69.9571	6.00
69.9776	12.00
69.9981	8.00
70.0185	7.00
70.039	11.00
70.0595	11.00
70.0799	17.00
70.1004	15.00
70.1208	11.00
70.1413	17.00
70.1618	31.00
70.1822	28.00
70.2027	23.00
70.2232	22.00
70.2436	16.00
70.2641	13.00
70.2846	12.00
70.305	12.00
70.3255	15.00
70.3459	19.00
70.3664	16.00
70.3869	16.00
70.4073	9.00
70.4278	12.00
70.4483	5.00
70.4687	15.00
70.4892	7.00
70.5096	8.00
70.5301	4.00
70.5506	11.00
70.571	7.00
70.5915	9.00
70.612	2.00
70.6324	4.00
70.6529	8.00
70.6734	9.00
70.6938	7.00
70.7143	7.00
70.7347	5.00
70.7552	4.00
70.7757	6.00
70.7961	4.00
70.8166	3.00
70.8371	5.00
70.8575	7.00
70.878	3.00
70.8984	6.00
70.9189	6.00
70.9394	3.00
70.9598	8.00
70.9803	8.00
71.0008	6.00
71.0212	7.00
71.0417	5.00
71.0622	6.00
71.0826	5.00
71.1031	3.00
71.1235	4.00
71.144	3.00
71.1645	4.00
71.1849	6.00
71.2054	4.00
71.2259	5.00
71.2463	7.00
71.2668	5.00
71.2872	5.00
71.3077	5.00
71.3282	5.00
71.3486	9.00
71.3691	11.00
71.3896	5.00
71.41	1.00
71.4305	10.00
71.451	8.00
71.4714	2.00
71.4919	10.00
71.5123	6.00
71.5328	2.00
71.5533	6.00
71.5737	6.00
71.5942	4.00
71.6147	8.00
71.6351	2.00
71.6556	2.00
71.676	4.00
71.6965	6.00
71.717	4.00
71.7374	6.00
71.7579	3.00
71.7784	10.00
71.7988	6.00
71.8193	8.00
71.8398	12.00
71.8602	3.00
71.8807	3.00
71.9011	4.00
71.9216	4.00
71.9421	5.00
71.9625	9.00
71.983	6.00
72.0035	7.00
72.0239	8.00
72.0444	7.00
72.0648	6.00
72.0853	7.00
72.1058	3.00
72.1262	5.00
72.1467	10.00
72.1672	11.00
72.1876	11.00
72.2081	11.00
72.2285	5.00
72.249	9.00
72.2695	16.00
72.2899	18.00
72.3104	16.00
72.3309	13.00
72.3513	19.00
72.3718	35.00
72.3923	39.00
72.4127	42.00
72.4332	59.00
72.4536	71.00
72.4741	83.00
72.4946	69.00
72.515	54.00
72.5355	56.00
72.556	41.00
72.5764	37.00
72.5969	43.00
72.6173	34.00
72.6378	47.00
72.6583	46.00
72.6787	41.00
72.6992	55.00
72.7197	56.00
72.7401	30.00
72.7606	39.00
72.7811	32.00
72.8015	25.00
72.822	32.00
72.8424	26.00
72.8629	26.00
72.8834	23.00
72.9038	9.00
72.9243	12.00
72.9448	14.00
72.9652	14.00
72.9857	16.00
73.0061	20.00
73.0266	13.00
73.0471	12.00
73.0675	16.00
73.088	4.00
73.1085	10.00
73.1289	8.00
73.1494	10.00
73.1699	1.00
73.1903	10.00
73.2108	11.00
73.2312	6.00
73.2517	14.00
73.2722	4.00
73.2926	8.00
73.3131	3.00
73.3336	5.00
73.354	11.00
73.3745	3.00
73.3949	2.00
73.4154	6.00
73.4359	7.00
73.4563	9.00
73.4768	4.00
73.4973	6.00
73.5177	1.00
73.5382	6.00
73.5587	7.00
73.5791	10.00
73.5996	5.00
73.62	5.00
73.6405	8.00
73.661	4.00
73.6814	5.00
73.7019	4.00
73.7224	3.00
73.7428	6.00
73.7633	5.00
73.7837	5.00
73.8042	7.00
73.8247	9.00
73.8451	4.00
73.8656	2.00
73.8861	1.00
73.9065	8.00
73.927	8.00
73.9475	5.00
73.9679	2.00
73.9884	7.00
74.0088	1.00
74.0293	6.00
74.0498	2.00
74.0702	6.00
74.0907	3.00
74.1112	8.00
74.1316	10.00
74.1521	5.00
74.1725	5.00
74.193	5.00
74.2135	6.00
74.2339	10.00
74.2544	3.00
74.2749	5.00
74.2953	4.00
74.3158	9.00
74.3363	4.00
74.3567	1.00
74.3772	3.00
74.3976	5.00
74.4181	5.00
74.4386	4.00
74.459	4.00
74.4795	5.00
74.5	11.00
74.5204	5.00
74.5409	3.00
74.5613	8.00
74.5818	6.00
74.6023	8.00
74.6227	11.00
74.6432	6.00
74.6637	5.00
74.6841	4.00
74.7046	4.00
74.7251	2.00
74.7455	5.00
74.766	5.00
74.7864	7.00
74.8069	7.00
74.8274	4.00
74.8478	7.00
74.8683	6.00
74.8888	6.00
74.9092	7.00
74.9297	7.00
74.9501	4.00
74.9706	6.00
74.9911	4.00
75.0115	6.00
75.032	9.00
75.0525	4.00
75.0729	4.00
75.0934	7.00
75.1139	7.00
75.1343	6.00
75.1548	3.00
75.1752	9.00
75.1957	3.00
75.2162	3.00
75.2366	3.00
75.2571	3.00
75.2776	4.00
75.298	4.00
75.3185	4.00
75.3389	7.00
75.3594	8.00
75.3799	9.00
75.4003	3.00
75.4208	8.00
75.4413	5.00
75.4617	3.00
75.4822	5.00
75.5027	4.00
75.5231	6.00
75.5436	7.00
75.564	8.00
75.5845	6.00
75.605	7.00
75.6254	6.00
75.6459	7.00
75.6664	4.00
75.6868	5.00
75.7073	5.00
75.7277	6.00
75.7482	6.00
75.7687	5.00
75.7891	9.00
75.8096	9.00
75.8301	6.00
75.8505	9.00
75.871	10.00
75.8915	13.00
75.9119	6.00
75.9324	12.00
75.9528	11.00
75.9733	12.00
75.9938	19.00
76.0142	29.00
76.0347	34.00
76.0552	38.00
76.0756	54.00
76.0961	60.00
76.1165	42.00
76.137	32.00
76.1575	22.00
76.1779	19.00
76.1984	20.00
76.2189	23.00
76.2393	25.00
76.2598	30.00
76.2803	34.00
76.3007	30.00
76.3212	30.00
76.3416	21.00
76.3621	19.00
76.3826	18.00
76.403	13.00
76.4235	6.00
76.444	12.00
76.4644	10.00
76.4849	11.00
76.5053	7.00
76.5258	10.00
76.5463	3.00
76.5667	8.00
76.5872	3.00
76.6077	3.00
76.6281	6.00
76.6486	5.00
76.6691	6.00
76.6895	7.00
76.71	4.00
76.7304	8.00
76.7509	12.00
76.7714	6.00
76.7918	6.00
76.8123	4.00
76.8328	3.00
76.8532	2.00
76.8737	1.00
76.8941	5.00
76.9146	1.00
76.9351	7.00
76.9555	7.00
76.976	7.00
76.9965	3.00
77.0169	2.00
77.0374	7.00
77.0579	6.00
77.0783	6.00
77.0988	2.00
77.1192	7.00
77.1397	9.00
77.1602	4.00
77.1806	4.00
77.2011	2.00
77.2216	1.00
77.242	7.00
77.2625	8.00
77.2829	8.00
77.3034	4.00
77.3239	3.00
77.3443	6.00
77.3648	5.00
77.3853	3.00
77.4057	7.00
77.4262	7.00
77.4467	5.00
77.4671	5.00
77.4876	4.00
77.508	7.00
77.5285	8.00
77.549	5.00
77.5694	5.00
77.5899	3.00
77.6104	6.00
77.6308	1.00
77.6513	3.00
77.6717	4.00
77.6922	4.00
77.7127	3.00
77.7331	6.00
77.7536	4.00
77.7741	3.00
77.7945	4.00
77.815	10.00
77.8355	6.00
77.8559	4.00
77.8764	4.00
77.8968	3.00
77.9173	6.00
77.9378	7.00
77.9582	5.00
77.9787	4.00
77.9992	4.00
78.0196	8.00
78.0401	7.00
78.0605	4.00
78.081	5.00
78.1015	5.00
78.1219	5.00
78.1424	4.00
78.1629	8.00
78.1833	6.00
78.2038	9.00
78.2243	10.00
78.2447	13.00
78.2652	15.00
78.2856	27.00
78.3061	23.00
78.3266	27.00
78.347	21.00
78.3675	21.00
78.388	16.00
78.4084	13.00
78.4289	15.00
78.4493	8.00
78.4698	13.00
78.4903	12.00
78.5107	13.00
78.5312	12.00
78.5517	12.00
78.5721	11.00
78.5926	9.00
78.6131	8.00
78.6335	9.00
78.654	4.00
78.6744	6.00
78.6949	4.00
78.7154	3.00
78.7358	4.00
78.7563	5.00
78.7768	6.00
78.7972	2.00
78.8177	4.00
78.8381	2.00
78.8586	5.00
78.8791	6.00
78.8995	4.00
78.92	8.00
78.9405	3.00
78.9609	7.00
78.9814	1.00
79.0019	2.00
79.0223	4.00
79.0428	8.00
79.0632	4.00
79.0837	6.00
79.1042	11.00
79.1246	6.00
79.1451	5.00
79.1656	10.00
79.186	4.00
79.2065	3.00
79.2269	3.00
79.2474	7.00
79.2679	4.00
79.2883	7.00
79.3088	9.00
79.3293	8.00
79.3497	13.00
79.3702	8.00
79.3907	18.00
79.4111	10.00
79.4316	11.00
79.452	12.00
79.4725	8.00
79.493	11.00
79.5134	10.00
79.5339	7.00
79.5544	10.00
79.5748	8.00
79.5953	13.00
79.6157	5.00
79.6362	10.00
79.6567	7.00
79.6771	7.00
79.6976	4.00
79.7181	5.00
79.7385	5.00
79.759	8.00
79.7795	4.00
79.7999	8.00
79.8204	4.00
79.8408	7.00
79.8613	3.00
79.8818	7.00
79.9022	5.00
79.9227	10.00
79.9432	4.00
79.9636	3.00
79.9841	4.00
80.0045	5.00
