COMMANDER Sample ID
Wavelength = 1.54059
10.0001	397.00
10.0206	403.00
10.041	402.00
10.0615	397.00
10.082	396.00
10.1024	415.00
10.1229	405.00
10.1433	387.00
10.1638	392.00
10.1843	424.00
10.2047	400.00
10.2252	379.00
10.2457	399.00
10.2661	382.00
10.2866	337.00
10.3071	373.00
10.3275	384.00
10.348	395.00
10.3684	351.00
10.3889	392.00
10.4094	382.00
10.4298	367.00
10.4503	386.00
10.4708	414.00
10.4912	392.00
10.5117	385.00
10.5321	350.00
10.5526	380.00
10.5731	388.00
10.5935	382.00
10.614	364.00
10.6345	389.00
10.6549	370.00
10.6754	357.00
10.6959	372.00
10.7163	413.00
10.7368	360.00
10.7572	329.00
10.7777	324.00
10.7982	363.00
10.8186	346.00
10.8391	376.00
10.8596	399.00
10.88	341.00
10.9005	335.00
10.9209	329.00
10.9414	377.00
10.9619	354.00
10.9823	326.00
11.0028	388.00
11.0233	336.00
11.0437	321.00
11.0642	321.00
11.0847	391.00
11.1051	350.00
11.1256	366.00
11.146	356.00
11.1665	366.00
11.187	349.00
11.2074	379.00
11.2279	327.00
11.2484	314.00
11.2688	346.00
11.2893	328.00
11.3097	342.00
11.3302	350.00
11.3507	318.00
11.3711	371.00
11.3916	331.00
11.4121	312.00
11.4325	295.00
11.453	365.00
11.4735	315.00
11.4939	320.00
11.5144	327.00
11.5348	316.00
11.5553	308.00
11.5758	327.00
11.5962	301.00
11.6167	308.00
11.6372	326.00
11.6576	309.00
11.6781	319.00
11.6985	291.00
11.719	321.00
11.7395	302.00
11.7599	305.00
11.7804	323.00
11.8009	308.00
11.8213	313.00
11.8418	315.00
11.8623	286.00
11.8827	279.00
11.9032	323.00
11.9236	297.00
11.9441	320.00
11.9646	294.00
11.985	295.00
12.0055	316.00
12.026	308.00
12.0464	309.00
12.0669	281.00
12.0873	293.00
12.1078	350.00
12.1283	294.00
12.1487	281.00
12.1692	284.00
12.1897	296.00
12.2101	327.00
12.2306	292.00
12.2511	272.00
12.2715	305.00
12.292	305.00
12.3124	283.00
12.3329	276.00
12.3534	292.00
12.3738	303.00
12.3943	292.00
12.4148	289.00
12.4352	301.00
12.4557	303.00
12.4761	284.00
12.4966	295.00
12.5171	282.00
12.5375	294.00
12.558	291.00
12.5785	309.00
12.5989	302.00
12.6194	252.00
12.6399	264.00
12.6603	294.00
12.6808	261.00
12.7012	276.00
12.7217	295.00
12.7422	296.00
12.7626	290.00
12.7831	264.00
12.8036	275.00
12.824	268.00
12.8445	251.00
12.8649	292.00
12.8854	285.00
12.9059	273.00
12.9263	252.00
12.9468	245.00
12.9673	266.00
12.9877	258.00
13.0082	275.00
13.0287	305.00
13.0491	273.00
13.0696	275.00
13.09	273.00
13.1105	269.00
13.131	267.00
13.1514	248.00
13.1719	285.00
13.1924	276.00
13.2128	265.00
13.2333	272.00
13.2537	282.00
13.2742	265.00
13.2947	277.00
13.3151	275.00
13.3356	259.00
13.3561	310.00
13.3765	273.00
13.397	274.00
13.4175	260.00
13.4379	274.00
13.4584	246.00
13.4788	251.00
13.4993	295.00
13.5198	256.00
13.5402	290.00
13.5607	247.00
13.5812	255.00
13.6016	273.00
13.6221	263.00
13.6425	272.00
13.663	257.00
13.6835	299.00
13.7039	282.00
13.7244	301.00
13.7449	281.00
13.7653	265.00
13.7858	261.00
13.8063	283.00
13.8267	282.00
13.8472	295.00
13.8676	243.00
13.8881	248.00
13.9086	267.00
13.929	260.00
13.9495	256.00
13.97	242.00
13.9904	241.00
14.0109	235.00
14.0313	279.00
14.0518	265.00
14.0723	243.00
14.0927	246.00
14.1132	242.00
14.1337	262.00
14.1541	238.00
14.1746	229.00
14.1951	228.00
14.2155	255.00
14.236	233.00
14.2564	245.00
14.2769	234.00
14.2974	251.00
14.3178	255.00
14.3383	208.00
14.3588	228.00
14.3792	223.00
14.3997	246.00
14.4201	226.00
14.4406	215.00
14.4611	217.00
14.4815	220.00
14.502	230.00
14.5225	211.00
14.5429	207.00
14.5634	205.00
14.5839	186.00
14.6043	216.00
14.6248	186.00
14.6452	200.00
14.6657	220.00
14.6862	219.00
14.7066	205.00
14.7271	216.00
14.7476	202.00
14.768	195.00
14.7885	182.00
14.8089	208.00
14.8294	241.00
14.8499	220.00
14.8703	218.00
14.8908	221.00
14.9113	218.00
14.9317	201.00
14.9522	213.00
14.9727	212.00
14.9931	230.00
15.0136	218.00
15.034	207.00
15.0545	211.00
15.075	186.00
15.0954	203.00
15.1159	202.00
15.1364	197.00
15.1568	195.00
15.1773	188.00
15.1977	189.00
15.2182	214.00
15.2387	179.00
15.2591	174.00
15.2796	203.00
15.3001	163.00
15.3205	201.00
15.341	186.00
15.3615	207.00
15.3819	200.00
15.4024	204.00
15.4228	190.00
15.4433	208.00
15.4638	176.00
15.4842	189.00
15.5047	177.00
15.5252	186.00
15.5456	187.00
15.5661	172.00
15.5865	171.00
15.607	177.00
15.6275	175.00
15.6479	173.00
15.6684	179.00
15.6889	191.00
15.7093	175.00
15.7298	173.00
15.7503	190.00
15.7707	167.00
15.7912	181.00
15.8116	169.00
15.8321	181.00
15.8526	168.00
15.873	161.00
15.8935	183.00
15.914	188.00
15.9344	180.00
15.9549	197.00
15.9753	187.00
15.9958	171.00
16.0163	141.00
16.0367	192.00
16.0572	165.00
16.0777	180.00
16.0981	161.00
16.1186	179.00
16.1391	165.00
16.1595	182.00
16.18	182.00
16.2004	159.00
16.2209	170.00
16.2414	173.00
16.2618	166.00
16.2823	172.00
16.3028	157.00
16.3232	185.00
16.3437	175.00
16.3641	170.00
16.3846	166.00
16.4051	184.00
16.4255	171.00
16.446	161.00
16.4665	158.00
16.4869	166.00
16.5074	180.00
16.5279	175.00
16.5483	178.00
16.5688	168.00
16.5892	170.00
16.6097	162.00
16.6302	147.00
16.6506	166.00
16.6711	177.00
16.6916	165.00
16.712	174.00
16.7325	172.00
16.7529	167.00
16.7734	161.00
16.7939	160.00
16.8143	161.00
16.8348	162.00
16.8553	152.00
16.8757	199.00
16.8962	141.00
16.9167	167.00
16.9371	151.00
16.9576	161.00
16.978	143.00
16.9985	169.00
17.019	169.00
17.0394	154.00
17.0599	167.00
17.0804	177.00
17.1008	174.00
17.1213	161.00
17.1417	166.00
17.1622	177.00
17.1827	144.00
17.2031	178.00
17.2236	186.00
17.2441	128.00
17.2645	174.00
17.285	149.00
17.3055	152.00
17.3259	166.00
17.3464	170.00
17.3668	160.00
17.3873	138.00
17.4078	152.00
17.4282	171.00
17.4487	164.00
17.4692	160.00
17.4896	163.00
17.5101	156.00
17.5305	165.00
17.551	174.00
17.5715	149.00
17.5919	147.00
17.6124	159.00
17.6329	181.00
17.6533	151.00
17.6738	160.00
17.6943	168.00
17.7147	159.00
17.7352	143.00
17.7556	153.00
17.7761	155.00
17.7966	150.00
17.817	148.00
17.8375	142.00
17.858	151.00
17.8784	136.00
17.8989	157.00
17.9193	176.00
17.9398	167.00
17.9603	152.00
17.9807	166.00
18.0012	151.00
18.0217	160.00
18.0421	158.00
18.0626	146.00
18.0831	142.00
18.1035	134.00
18.124	151.00
18.1444	151.00
18.1649	163.00
18.1854	169.00
18.2058	138.00
18.2263	152.00
18.2468	149.00
18.2672	150.00
18.2877	165.00
18.3081	154.00
18.3286	182.00
18.3491	149.00
18.3695	143.00
18.39	159.00
18.4105	148.00
18.4309	129.00
18.4514	137.00
18.4719	159.00
18.4923	144.00
18.5128	160.00
18.5332	149.00
18.5537	141.00
18.5742	137.00
18.5946	152.00
18.6151	165.00
18.6356	162.00
18.656	133.00
18.6765	156.00
18.6969	148.00
18.7174	155.00
18.7379	143.00
18.7583	112.00
18.7788	165.00
18.7993	149.00
18.8197	146.00
18.8402	131.00
18.8606	141.00
18.8811	133.00
18.9016	136.00
18.922	174.00
18.9425	130.00
18.963	142.00
18.9834	149.00
19.0039	143.00
19.0244	146.00
19.0448	133.00
19.0653	131.00
19.0857	125.00
19.1062	122.00
19.1267	133.00
19.1471	121.00
19.1676	122.00
19.1881	143.00
19.2085	118.00
19.229	142.00
19.2494	140.00
19.2699	129.00
19.2904	111.00
19.3108	127.00
19.3313	116.00
19.3518	131.00
19.3722	136.00
19.3927	121.00
19.4132	113.00
19.4336	139.00
19.4541	138.00
19.4745	134.00
19.495	134.00
19.5155	144.00
19.5359	145.00
19.5564	139.00
19.5769	128.00
19.5973	120.00
19.6178	142.00
19.6382	150.00
19.6587	120.00
19.6792	138.00
19.6996	128.00
19.7201	142.00
19.7406	127.00
19.761	133.00
19.7815	122.00
19.802	113.00
19.8224	130.00
19.8429	121.00
19.8633	124.00
19.8838	137.00
19.9043	111.00
19.9247	124.00
19.9452	129.00
19.9657	125.00
19.9861	107.00
20.0066	121.00
20.027	119.00
20.0475	118.00
20.068	131.00
20.0884	131.00
20.1089	124.00
20.1294	137.00
20.1498	122.00
20.1703	118.00
20.1908	114.00
20.2112	134.00
20.2317	120.00
20.2521	110.00
20.2726	129.00
20.2931	115.00
20.3135	124.00
20.334	113.00
20.3545	114.00
20.3749	130.00
20.3954	126.00
20.4158	102.00
20.4363	112.00
20.4568	142.00
20.4772	106.00
20.4977	119.00
20.5182	109.00
20.5386	111.00
20.5591	100.00
20.5796	151.00
20.6	133.00
20.6205	115.00
20.6409	135.00
20.6614	121.00
20.6819	127.00
20.7023	92.00
20.7228	109.00
20.7433	118.00
20.7637	100.00
20.7842	114.00
20.8046	107.00
20.8251	109.00
20.8456	106.00
20.866	107.00
20.8865	127.00
20.907	110.00
20.9274	119.00
20.9479	115.00
20.9684	111.00
20.9888	110.00
21.0093	113.00
21.0297	100.00
21.0502	111.00
21.0707	110.00
21.0911	105.00
21.1116	106.00
21.1321	117.00
21.1525	94.00
21.173	101.00
21.1934	135.00
21.2139	128.00
21.2344	99.00
21.2548	116.00
21.2753	119.00
21.2958	108.00
21.3162	114.00
21.3367	95.00
21.3572	111.00
21.3776	115.00
21.3981	117.00
21.4185	96.00
21.439	97.00
21.4595	123.00
21.4799	99.00
21.5004	111.00
21.5209	107.00
21.5413	117.00
21.5618	107.00
21.5822	103.00
21.6027	116.00
21.6232	82.00
21.6436	100.00
21.6641	91.00
21.6846	90.00
21.705	114.00
21.7255	79.00
21.746	100.00
21.7664	98.00
21.7869	91.00
21.8073	116.00
21.8278	116.00
21.8483	82.00
21.8687	77.00
21.8892	91.00
21.9097	101.00
21.9301	89.00
21.9506	94.00
21.971	104.00
21.9915	92.00
22.012	69.00
22.0324	87.00
22.0529	102.00
22.0734	77.00
22.0938	91.00
22.1143	108.00
22.1348	83.00
22.1552	101.00
22.1757	98.00
22.1961	95.00
22.2166	100.00
22.2371	104.00
22.2575	100.00
22.278	100.00
22.2985	100.00
22.3189	93.00
22.3394	91.00
22.3598	85.00
22.3803	77.00
22.4008	77.00
22.4212	104.00
22.4417	89.00
22.4622	89.00
22.4826	80.00
22.5031	101.00
22.5236	83.00
22.544	87.00
22.5645	105.00
22.5849	96.00
22.6054	94.00
22.6259	70.00
22.6463	107.00
22.6668	99.00
22.6873	67.00
22.7077	87.00
22.7282	76.00
22.7486	100.00
22.7691	92.00
22.7896	89.00
22.81	105.00
22.8305	94.00
22.851	72.00
22.8714	80.00
22.8919	99.00
22.9124	82.00
22.9328	83.00
22.9533	74.00
22.9737	85.00
22.9942	97.00
23.0147	90.00
23.0351	102.00
23.0556	75.00
23.0761	88.00
23.0965	72.00
23.117	109.00
23.1374	87.00
23.1579	86.00
23.1784	74.00
23.1988	93.00
23.2193	80.00
23.2398	86.00
23.2602	105.00
23.2807	99.00
23.3012	91.00
23.3216	85.00
23.3421	90.00
23.3625	74.00
23.383	90.00
23.4035	93.00
23.4239	84.00
23.4444	98.00
23.4649	102.00
23.4853	94.00
23.5058	86.00
23.5262	79.00
23.5467	71.00
23.5672	96.00
23.5876	79.00
23.6081	74.00
23.6286	87.00
23.649	83.00
23.6695	109.00
23.69	101.00
23.7104	76.00
23.7309	88.00
23.7513	81.00
23.7718	69.00
23.7923	90.00
23.8127	98.00
23.8332	86.00
23.8537	83.00
23.8741	80.00
23.8946	66.00
23.915	64.00
23.9355	78.00
23.956	89.00
23.9764	80.00
23.9969	95.00
24.0174	88.00
24.0378	89.00
24.0583	105.00
24.0788	80.00
24.0992	106.00
24.1197	76.00
24.1401	96.00
24.1606	96.00
24.1811	127.00
24.2015	99.00
24.222	135.00
24.2425	142.00
24.2629	170.00
24.2834	234.00
24.3038	337.00
24.3243	413.00
24.3448	420.00
24.3652	410.00
24.3857	345.00
24.4062	292.00
24.4266	264.00
24.4471	190.00
24.4676	144.00
24.488	103.00
24.5085	123.00
24.5289	100.00
24.5494	116.00
24.5699	92.00
24.5903	72.00
24.6108	85.00
24.6313	100.00
24.6517	90.00
24.6722	75.00
24.6926	72.00
24.7131	75.00
24.7336	85.00
24.754	76.00
24.7745	93.00
24.795	79.00
24.8154	84.00
24.8359	61.00
24.8564	82.00
24.8768	73.00
24.8973	75.00
24.9177	66.00
24.9382	76.00
24.9587	66.00
24.9791	73.00
24.9996	82.00
25.0201	74.00
25.0405	74.00
25.061	72.00
25.0814	85.00
25.1019	67.00
25.1224	80.00
25.1428	69.00
25.1633	70.00
25.1838	68.00
25.2042	65.00
25.2247	78.00
25.2452	74.00
25.2656	60.00
25.2861	68.00
25.3065	56.00
25.327	68.00
25.3475	93.00
25.3679	67.00
25.3884	54.00
25.4089	56.00
25.4293	61.00
25.4498	69.00
25.4702	65.00
25.4907	69.00
25.5112	70.00
25.5316	62.00
25.5521	62.00
25.5726	57.00
25.593	77.00
25.6135	75.00
25.634	61.00
25.6544	68.00
25.6749	75.00
25.6953	64.00
25.7158	47.00
25.7363	65.00
25.7567	71.00
25.7772	64.00
25.7977	73.00
25.8181	59.00
25.8386	69.00
25.859	66.00
25.8795	63.00
25.9	74.00
25.9204	64.00
25.9409	53.00
25.9614	64.00
25.9818	56.00
26.0023	68.00
26.0228	61.00
26.0432	57.00
26.0637	86.00
26.0841	69.00
26.1046	63.00
26.1251	68.00
26.1455	67.00
26.166	68.00
26.1865	57.00
26.2069	62.00
26.2274	52.00
26.2478	65.00
26.2683	55.00
26.2888	58.00
26.3092	59.00
26.3297	55.00
26.3502	67.00
26.3706	68.00
26.3911	75.00
26.4116	54.00
26.432	59.00
26.4525	65.00
26.4729	64.00
26.4934	50.00
26.5139	60.00
26.5343	58.00
26.5548	50.00
26.5753	60.00
26.5957	63.00
26.6162	57.00
26.6366	58.00
26.6571	54.00
26.6776	45.00
26.698	51.00
26.7185	69.00
26.739	61.00
26.7594	44.00
26.7799	51.00
26.8004	51.00
26.8208	70.00
26.8413	51.00
26.8617	51.00
26.8822	57.00
26.9027	58.00
26.9231	54.00
26.9436	43.00
26.9641	56.00
26.9845	46.00
27.005	52.00
27.0254	52.00
27.0459	55.00
27.0664	53.00
27.0868	50.00
27.1073	63.00
27.1278	41.00
27.1482	48.00
27.1687	59.00
27.1892	57.00
27.2096	55.00
27.2301	52.00
27.2505	65.00
27.271	63.00
27.2915	60.00
27.3119	58.00
27.3324	57.00
27.3529	47.00
27.3733	67.00
27.3938	43.00
27.4142	52.00
27.4347	45.00
27.4552	54.00
27.4756	46.00
27.4961	47.00
27.5166	47.00
27.537	47.00
27.5575	49.00
27.578	56.00
27.5984	62.00
27.6189	51.00
27.6393	57.00
27.6598	47.00
27.6803	43.00
27.7007	42.00
27.7212	46.00
27.7417	48.00
27.7621	39.00
27.7826	52.00
27.803	50.00
27.8235	56.00
27.844	34.00
27.8644	41.00
27.8849	36.00
27.9054	47.00
27.9258	40.00
27.9463	59.00
27.9668	46.00
27.9872	38.00
28.0077	57.00
28.0281	56.00
28.0486	45.00
28.0691	38.00
28.0895	52.00
28.11	42.00
28.1305	36.00
28.1509	47.00
28.1714	44.00
28.1918	44.00
28.2123	42.00
28.2328	60.00
28.2532	47.00
28.2737	38.00
28.2942	36.00
28.3146	39.00
28.3351	36.00
28.3556	43.00
28.376	45.00
28.3965	34.00
28.4169	37.00
28.4374	35.00
28.4579	51.00
28.4783	35.00
28.4988	45.00
28.5193	30.00
28.5397	35.00
28.5602	40.00
28.5806	41.00
28.6011	36.00
28.6216	42.00
28.642	34.00
28.6625	61.00
28.683	46.00
28.7034	44.00
28.7239	48.00
28.7444	33.00
28.7648	59.00
28.7853	45.00
28.8057	49.00
28.8262	32.00
28.8467	36.00
28.8671	32.00
28.8876	38.00
28.9081	38.00
28.9285	31.00
28.949	28.00
28.9694	50.00
28.9899	42.00
29.0104	34.00
29.0308	46.00
29.0513	35.00
29.0718	47.00
29.0922	39.00
29.1127	45.00
29.1332	32.00
29.1536	36.00
29.1741	37.00
29.1945	42.00
29.215	42.00
29.2355	37.00
29.2559	53.00
29.2764	35.00
29.2969	44.00
29.3173	38.00
29.3378	42.00
29.3582	35.00
29.3787	38.00
29.3992	28.00
29.4196	52.00
29.4401	38.00
29.4606	32.00
29.481	32.00
29.5015	44.00
29.522	34.00
29.5424	37.00
29.5629	27.00
29.5833	37.00
29.6038	42.00
29.6243	36.00
29.6447	39.00
29.6652	26.00
29.6857	30.00
29.7061	38.00
29.7266	35.00
29.747	31.00
29.7675	37.00
29.788	37.00
29.8084	43.00
29.8289	43.00
29.8494	37.00
29.8698	46.00
29.8903	32.00
29.9108	33.00
29.9312	53.00
29.9517	38.00
29.9721	40.00
29.9926	33.00
30.0131	38.00
30.0335	42.00
30.054	39.00
30.0745	36.00
30.0949	36.00
30.1154	32.00
30.1358	37.00
30.1563	34.00
30.1768	30.00
30.1972	32.00
30.2177	46.00
30.2382	43.00
30.2586	52.00
30.2791	29.00
30.2996	66.00
30.32	43.00
30.3405	56.00
30.3609	39.00
30.3814	30.00
30.4019	47.00
30.4223	43.00
30.4428	39.00
30.4633	40.00
30.4837	31.00
30.5042	34.00
30.5246	37.00
30.5451	40.00
30.5656	34.00
30.586	30.00
30.6065	31.00
30.627	37.00
30.6474	28.00
30.6679	33.00
30.6884	39.00
30.7088	41.00
30.7293	29.00
30.7497	40.00
30.7702	30.00
30.7907	29.00
30.8111	44.00
30.8316	33.00
30.8521	32.00
30.8725	34.00
30.893	33.00
30.9134	26.00
30.9339	36.00
30.9544	37.00
30.9748	35.00
30.9953	41.00
31.0158	37.00
31.0362	38.00
31.0567	31.00
31.0772	31.00
31.0976	41.00
31.1181	34.00
31.1385	35.00
31.159	30.00
31.1795	33.00
31.1999	31.00
31.2204	37.00
31.2409	30.00
31.2613	33.00
31.2818	30.00
31.3022	33.00
31.3227	26.00
31.3432	34.00
31.3636	30.00
31.3841	25.00
31.4046	33.00
31.425	35.00
31.4455	34.00
31.466	37.00
31.4864	26.00
31.5069	44.00
31.5273	30.00
31.5478	33.00
31.5683	28.00
31.5887	23.00
31.6092	33.00
31.6297	36.00
31.6501	27.00
31.6706	30.00
31.691	29.00
31.7115	31.00
31.732	30.00
31.7524	36.00
31.7729	33.00
31.7934	27.00
31.8138	32.00
31.8343	31.00
31.8548	29.00
31.8752	21.00
31.8957	32.00
31.9161	30.00
31.9366	23.00
31.9571	38.00
31.9775	38.00
31.998	35.00
32.0185	37.00
32.0389	43.00
32.0594	44.00
32.0798	20.00
32.1003	40.00
32.1208	27.00
32.1412	40.00
32.1617	30.00
32.1822	28.00
32.2026	33.00
32.2231	25.00
32.2436	45.00
32.264	42.00
32.2845	33.00
32.3049	47.00
32.3254	39.00
32.3459	25.00
32.3663	34.00
32.3868	28.00
32.4073	29.00
32.4277	37.00
32.4482	38.00
32.4686	34.00
32.4891	34.00
32.5096	40.00
32.53	25.00
32.5505	39.00
32.571	30.00
32.5914	34.00
32.6119	40.00
32.6324	27.00
32.6528	39.00
32.6733	27.00
32.6937	40.00
32.7142	27.00
32.7347	38.00
32.7551	34.00
32.7756	48.00
32.7961	33.00
32.8165	33.00
32.837	38.00
32.8574	39.00
32.8779	40.00
32.8984	39.00
32.9188	39.00
32.9393	41.00
32.9598	49.00
32.9802	51.00
33.0007	65.00
33.0212	60.00
33.0416	60.00
33.0621	81.00
33.0825	59.00
33.103	73.00
33.1235	84.00
33.1439	87.00
33.1644	94.00
33.1849	139.00
33.2053	154.00
33.2258	210.00
33.2462	335.00
33.2667	524.00
33.2872	800.00
33.3076	1082.00
33.3281	1112.00
33.3486	1037.00
33.369	849.00
33.3895	853.00
33.41	736.00
33.4304	549.00
33.4509	376.00
33.4713	274.00
33.4918	230.00
33.5123	149.00
33.5327	106.00
33.5532	89.00
33.5737	66.00
33.5941	71.00
33.6146	70.00
33.635	64.00
33.6555	68.00
33.676	54.00
33.6964	61.00
33.7169	41.00
33.7374	57.00
33.7578	46.00
33.7783	48.00
33.7988	53.00
33.8192	41.00
33.8397	41.00
33.8601	36.00
33.8806	42.00
33.9011	34.00
33.9215	35.00
33.942	41.00
33.9625	40.00
33.9829	36.00
34.0034	37.00
34.0238	40.00
34.0443	32.00
34.0648	44.00
34.0852	40.00
34.1057	47.00
34.1262	30.00
34.1466	31.00
34.1671	36.00
34.1876	28.00
34.208	37.00
34.2285	39.00
34.2489	28.00
34.2694	31.00
34.2899	26.00
34.3103	28.00
34.3308	31.00
34.3513	25.00
34.3717	39.00
34.3922	33.00
34.4126	23.00
34.4331	30.00
34.4536	32.00
34.474	36.00
34.4945	35.00
34.515	35.00
34.5354	30.00
34.5559	28.00
34.5764	26.00
34.5968	26.00
34.6173	20.00
34.6377	28.00
34.6582	31.00
34.6787	29.00
34.6991	31.00
34.7196	37.00
34.7401	36.00
34.7605	37.00
34.781	36.00
34.8014	35.00
34.8219	49.00
34.8424	30.00
34.8628	36.00
34.8833	29.00
34.9038	28.00
34.9242	38.00
34.9447	32.00
34.9652	34.00
34.9856	51.00
35.0061	33.00
35.0265	30.00
35.047	28.00
35.0675	30.00
35.0879	35.00
35.1084	35.00
35.1289	29.00
35.1493	29.00
35.1698	30.00
35.1902	35.00
35.2107	33.00
35.2312	34.00
35.2516	43.00
35.2721	40.00
35.2926	38.00
35.313	36.00
35.3335	24.00
35.354	41.00
35.3744	29.00
35.3949	36.00
35.4153	41.00
35.4358	29.00
35.4563	41.00
35.4767	45.00
35.4972	37.00
35.5177	49.00
35.5381	55.00
35.5586	64.00
35.579	75.00
35.5995	95.00
35.62	102.00
35.6404	118.00
35.6609	126.00
35.6814	148.00
35.7018	167.00
35.7223	186.00
35.7428	213.00
35.7632	359.00
35.7837	543.00
35.8041	762.00
35.8246	876.00
35.8451	774.00
35.8655	562.00
35.886	550.00
35.9065	504.00
35.9269	470.00
35.9474	330.00
35.9678	235.00
35.9883	129.00
36.0088	128.00
36.0292	101.00
36.0497	65.00
36.0702	82.00
36.0906	70.00
36.1111	49.00
36.1316	35.00
36.152	50.00
36.1725	38.00
36.1929	35.00
36.2134	37.00
36.2339	34.00
36.2543	43.00
36.2748	28.00
36.2953	43.00
36.3157	32.00
36.3362	34.00
36.3566	31.00
36.3771	26.00
36.3976	29.00
36.418	27.00
36.4385	33.00
36.459	31.00
36.4794	25.00
36.4999	25.00
36.5203	26.00
36.5408	25.00
36.5613	25.00
36.5817	23.00
36.6022	27.00
36.6227	30.00
36.6431	30.00
36.6636	39.00
36.6841	31.00
36.7045	34.00
36.725	20.00
36.7454	30.00
36.7659	40.00
36.7864	29.00
36.8068	35.00
36.8273	27.00
36.8478	32.00
36.8682	32.00
36.8887	38.00
36.9091	27.00
36.9296	24.00
36.9501	24.00
36.9705	36.00
36.991	14.00
37.0115	22.00
37.0319	31.00
37.0524	27.00
37.0729	31.00
37.0933	25.00
37.1138	20.00
37.1342	27.00
37.1547	21.00
37.1752	29.00
37.1956	16.00
37.2161	20.00
37.2366	23.00
37.257	30.00
37.2775	26.00
37.2979	26.00
37.3184	24.00
37.3389	27.00
37.3593	19.00
37.3798	27.00
37.4003	17.00
37.4207	21.00
37.4412	16.00
37.4617	21.00
37.4821	12.00
37.5026	20.00
37.523	29.00
37.5435	19.00
37.564	27.00
37.5844	29.00
37.6049	21.00
37.6254	29.00
37.6458	23.00
37.6663	25.00
37.6867	28.00
37.7072	19.00
37.7277	24.00
37.7481	21.00
37.7686	19.00
37.7891	15.00
37.8095	29.00
37.83	17.00
37.8505	17.00
37.8709	15.00
37.8914	17.00
37.9118	16.00
37.9323	26.00
37.9528	15.00
37.9732	25.00
37.9937	26.00
38.0142	25.00
38.0346	26.00
38.0551	17.00
38.0755	16.00
38.096	14.00
38.1165	19.00
38.1369	14.00
38.1574	32.00
38.1779	15.00
38.1983	31.00
38.2188	16.00
38.2393	27.00
38.2597	23.00
38.2802	19.00
38.3006	23.00
38.3211	17.00
38.3416	25.00
38.362	16.00
38.3825	19.00
38.403	19.00
38.4234	23.00
38.4439	24.00
38.4643	15.00
38.4848	20.00
38.5053	21.00
38.5257	16.00
38.5462	11.00
38.5667	21.00
38.5871	19.00
38.6076	27.00
38.6281	14.00
38.6485	21.00
38.669	24.00
38.6894	13.00
38.7099	20.00
38.7304	19.00
38.7508	15.00
38.7713	23.00
38.7918	25.00
38.8122	16.00
38.8327	15.00
38.8531	23.00
38.8736	16.00
38.8941	20.00
38.9145	13.00
38.935	20.00
38.9555	18.00
38.9759	11.00
38.9964	27.00
39.0169	22.00
39.0373	20.00
39.0578	18.00
39.0782	17.00
39.0987	27.00
39.1192	20.00
39.1396	19.00
39.1601	22.00
39.1806	18.00
39.201	14.00
39.2215	23.00
39.2419	16.00
39.2624	18.00
39.2829	15.00
39.3033	21.00
39.3238	16.00
39.3443	21.00
39.3647	32.00
39.3852	38.00
39.4057	30.00
39.4261	29.00
39.4466	23.00
39.467	29.00
39.4875	27.00
39.508	23.00
39.5284	33.00
39.5489	27.00
39.5694	20.00
39.5898	23.00
39.6103	23.00
39.6307	16.00
39.6512	12.00
39.6717	12.00
39.6921	14.00
39.7126	20.00
39.7331	15.00
39.7535	14.00
39.774	16.00
39.7945	21.00
39.8149	12.00
39.8354	22.00
39.8558	19.00
39.8763	13.00
39.8968	20.00
39.9172	24.00
39.9377	22.00
39.9582	15.00
39.9786	15.00
39.9991	15.00
40.0195	18.00
40.04	16.00
40.0605	22.00
40.0809	18.00
40.1014	19.00
40.1219	16.00
40.1423	10.00
40.1628	18.00
40.1833	13.00
40.2037	23.00
40.2242	10.00
40.2446	16.00
40.2651	21.00
40.2856	24.00
40.306	22.00
40.3265	17.00
40.347	15.00
40.3674	14.00
40.3879	24.00
40.4083	18.00
40.4288	16.00
40.4493	23.00
40.4697	15.00
40.4902	23.00
40.5107	19.00
40.5311	12.00
40.5516	14.00
40.5721	19.00
40.5925	18.00
40.613	21.00
40.6334	24.00
40.6539	20.00
40.6744	19.00
40.6948	19.00
40.7153	21.00
40.7358	23.00
40.7562	22.00
40.7767	26.00
40.7971	22.00
40.8176	19.00
40.8381	19.00
40.8585	34.00
40.879	48.00
40.8995	44.00
40.9199	51.00
40.9404	53.00
40.9609	82.00
40.9813	133.00
41.0018	201.00
41.0222	266.00
41.0427	247.00
41.0632	243.00
41.0836	209.00
41.1041	194.00
41.1246	180.00
41.145	190.00
41.1655	141.00
41.1859	120.00
41.2064	71.00
41.2269	48.00
41.2473	58.00
41.2678	30.00
41.2883	21.00
41.3087	34.00
41.3292	24.00
41.3497	24.00
41.3701	22.00
41.3906	23.00
41.411	13.00
41.4315	18.00
41.452	23.00
41.4724	23.00
41.4929	13.00
41.5134	15.00
41.5338	20.00
41.5543	23.00
41.5747	15.00
41.5952	17.00
41.6157	23.00
41.6361	11.00
41.6566	17.00
41.6771	16.00
41.6975	22.00
41.718	19.00
41.7385	14.00
41.7589	15.00
41.7794	12.00
41.7998	15.00
41.8203	15.00
41.8408	18.00
41.8612	10.00
41.8817	10.00
41.9022	11.00
41.9226	13.00
41.9431	14.00
41.9635	13.00
41.984	15.00
42.0045	15.00
42.0249	18.00
42.0454	17.00
42.0659	13.00
42.0863	22.00
42.1068	13.00
42.1273	18.00
42.1477	8.00
42.1682	17.00
42.1886	12.00
42.2091	18.00
42.2296	16.00
42.25	20.00
42.2705	18.00
42.291	20.00
42.3114	13.00
42.3319	12.00
42.3523	18.00
42.3728	17.00
42.3933	16.00
42.4137	17.00
42.4342	19.00
42.4547	21.00
42.4751	10.00
42.4956	18.00
42.5161	16.00
42.5365	15.00
42.557	15.00
42.5774	16.00
42.5979	14.00
42.6184	21.00
42.6388	13.00
42.6593	11.00
42.6798	11.00
42.7002	13.00
42.7207	21.00
42.7411	12.00
42.7616	18.00
42.7821	17.00
42.8025	8.00
42.823	12.00
42.8435	14.00
42.8639	14.00
42.8844	15.00
42.9049	17.00
42.9253	11.00
42.9458	8.00
42.9662	15.00
42.9867	17.00
43.0072	12.00
43.0276	11.00
43.0481	17.00
43.0686	14.00
43.089	14.00
43.1095	20.00
43.1299	14.00
43.1504	17.00
43.1709	22.00
43.1913	21.00
43.2118	18.00
43.2323	15.00
43.2527	28.00
43.2732	17.00
43.2937	15.00
43.3141	27.00
43.3346	18.00
43.355	21.00
43.3755	19.00
43.396	24.00
43.4164	20.00
43.4369	19.00
43.4574	15.00
43.4778	17.00
43.4983	13.00
43.5187	13.00
43.5392	19.00
43.5597	15.00
43.5801	20.00
43.6006	18.00
43.6211	13.00
43.6415	22.00
43.662	32.00
43.6825	29.00
43.7029	36.00
43.7234	22.00
43.7438	28.00
43.7643	16.00
43.7848	17.00
43.8052	19.00
43.8257	23.00
43.8462	15.00
43.8666	21.00
43.8871	10.00
43.9075	12.00
43.928	8.00
43.9485	12.00
43.9689	8.00
43.9894	12.00
44.0099	12.00
44.0303	14.00
44.0508	10.00
44.0713	12.00
44.0917	16.00
44.1122	8.00
44.1326	20.00
44.1531	11.00
44.1736	11.00
44.194	12.00
44.2145	14.00
44.235	14.00
44.2554	15.00
44.2759	14.00
44.2963	13.00
44.3168	9.00
44.3373	7.00
44.3577	15.00
44.3782	13.00
44.3987	18.00
44.4191	13.00
44.4396	9.00
44.4601	13.00
44.4805	10.00
44.501	8.00
44.5214	17.00
44.5419	16.00
44.5624	9.00
44.5828	13.00
44.6033	17.00
44.6238	21.00
44.6442	10.00
44.6647	12.00
44.6851	12.00
44.7056	10.00
44.7261	13.00
44.7465	18.00
44.767	10.00
44.7875	14.00
44.8079	6.00
44.8284	18.00
44.8489	6.00
44.8693	8.00
44.8898	10.00
44.9102	12.00
44.9307	7.00
44.9512	18.00
44.9716	9.00
44.9921	9.00
45.0126	10.00
45.033	7.00
45.0535	10.00
45.0739	10.00
45.0944	10.00
45.1149	10.00
45.1353	14.00
45.1558	7.00
45.1763	19.00
45.1967	13.00
45.2172	15.00
45.2377	14.00
45.2581	7.00
45.2786	9.00
45.299	11.00
45.3195	12.00
45.34	11.00
45.3604	15.00
45.3809	8.00
45.4014	8.00
45.4218	13.00
45.4423	7.00
45.4627	7.00
45.4832	14.00
45.5037	12.00
45.5241	13.00
45.5446	10.00
45.5651	11.00
45.5855	13.00
45.606	11.00
45.6265	9.00
45.6469	7.00
45.6674	12.00
45.6878	7.00
45.7083	11.00
45.7288	8.00
45.7492	10.00
45.7697	4.00
45.7902	15.00
45.8106	17.00
45.8311	15.00
45.8515	9.00
45.872	12.00
45.8925	12.00
45.9129	11.00
45.9334	10.00
45.9539	9.00
45.9743	5.00
45.9948	9.00
46.0153	14.00
46.0357	13.00
46.0562	5.00
46.0766	20.00
46.0971	12.00
46.1176	11.00
46.138	13.00
46.1585	15.00
46.179	6.00
46.1994	16.00
46.2199	7.00
46.2403	5.00
46.2608	14.00
46.2813	9.00
46.3017	13.00
46.3222	11.00
46.3427	11.00
46.3631	3.00
46.3836	4.00
46.4041	11.00
46.4245	9.00
46.445	9.00
46.4654	13.00
46.4859	16.00
46.5064	12.00
46.5268	12.00
46.5473	9.00
46.5678	9.00
46.5882	11.00
46.6087	12.00
46.6291	6.00
46.6496	14.00
46.6701	14.00
46.6905	13.00
46.711	5.00
46.7315	10.00
46.7519	13.00
46.7724	6.00
46.7929	10.00
46.8133	9.00
46.8338	10.00
46.8542	7.00
46.8747	19.00
46.8952	8.00
46.9156	11.00
46.9361	14.00
46.9566	15.00
46.977	14.00
46.9975	6.00
47.0179	15.00
47.0384	11.00
47.0589	16.00
47.0793	13.00
47.0998	17.00
47.1203	15.00
47.1407	8.00
47.1612	12.00
47.1817	8.00
47.2021	15.00
47.2226	10.00
47.243	11.00
47.2635	7.00
47.284	13.00
47.3044	13.00
47.3249	18.00
47.3454	17.00
47.3658	11.00
47.3863	10.00
47.4067	8.00
47.4272	10.00
47.4477	10.00
47.4681	12.00
47.4886	9.00
47.5091	8.00
47.5295	11.00
47.55	13.00
47.5705	11.00
47.5909	8.00
47.6114	14.00
47.6318	10.00
47.6523	11.00
47.6728	8.00
47.6932	11.00
47.7137	7.00
47.7342	6.00
47.7546	11.00
47.7751	19.00
47.7955	10.00
47.816	10.00
47.8365	17.00
47.8569	13.00
47.8774	17.00
47.8979	14.00
47.9183	12.00
47.9388	11.00
47.9593	5.00
47.9797	5.00
48.0002	7.00
48.0206	12.00
48.0411	10.00
48.0616	20.00
48.082	16.00
48.1025	14.00
48.123	7.00
48.1434	13.00
48.1639	11.00
48.1843	8.00
48.2048	10.00
48.2253	13.00
48.2457	13.00
48.2662	11.00
48.2867	8.00
48.3071	25.00
48.3276	15.00
48.3481	12.00
48.3685	15.00
48.389	8.00
48.4094	12.00
48.4299	9.00
48.4504	13.00
48.4708	11.00
48.4913	9.00
48.5118	7.00
48.5322	21.00
48.5527	12.00
48.5731	4.00
48.5936	10.00
48.6141	16.00
48.6345	9.00
48.655	11.00
48.6755	8.00
48.6959	4.00
48.7164	7.00
48.7369	20.00
48.7573	8.00
48.7778	17.00
48.7982	6.00
48.8187	15.00
48.8392	14.00
48.8596	5.00
48.8801	16.00
48.9006	16.00
48.921	15.00
48.9415	12.00
48.9619	7.00
48.9824	9.00
49.0029	17.00
49.0233	9.00
49.0438	9.00
49.0643	14.00
49.0847	15.00
49.1052	16.00
49.1257	16.00
49.1461	19.00
49.1666	20.00
49.187	13.00
49.2075	10.00
49.228	14.00
49.2484	14.00
49.2689	16.00
49.2894	23.00
49.3098	23.00
49.3303	30.00
49.3507	28.00
49.3712	22.00
49.3917	28.00
49.4121	30.00
49.4326	43.00
49.4531	40.00
49.4735	44.00
49.494	67.00
49.5145	68.00
49.5349	93.00
49.5554	130.00
49.5758	247.00
49.5963	305.00
49.6168	404.00
49.6372	393.00
49.6577	299.00
49.6782	233.00
49.6986	196.00
49.7191	197.00
49.7395	226.00
49.76	227.00
49.7805	169.00
49.8009	119.00
49.8214	90.00
49.8419	67.00
49.8623	46.00
49.8828	37.00
49.9033	31.00
49.9237	37.00
49.9442	25.00
49.9646	35.00
49.9851	21.00
50.0056	30.00
50.026	14.00
50.0465	25.00
50.067	15.00
50.0874	12.00
50.1079	10.00
50.1283	16.00
50.1488	15.00
50.1693	11.00
50.1897	14.00
50.2102	15.00
50.2307	12.00
50.2511	12.00
50.2716	20.00
50.2921	13.00
50.3125	11.00
50.333	11.00
50.3534	21.00
50.3739	16.00
50.3944	13.00
50.4148	16.00
50.4353	17.00
50.4558	10.00
50.4762	7.00
50.4967	8.00
50.5171	13.00
50.5376	11.00
50.5581	13.00
50.5785	12.00
50.599	13.00
50.6195	10.00
50.6399	11.00
50.6604	16.00
50.6809	10.00
50.7013	13.00
50.7218	19.00
50.7422	9.00
50.7627	21.00
50.7832	10.00
50.8036	15.00
50.8241	7.00
50.8446	13.00
50.865	6.00
50.8855	14.00
50.9059	13.00
50.9264	12.00
50.9469	14.00
50.9673	14.00
50.9878	8.00
51.0083	9.00
51.0287	13.00
51.0492	10.00
51.0697	12.00
51.0901	9.00
51.1106	14.00
51.131	17.00
51.1515	6.00
51.172	6.00
51.1924	8.00
51.2129	14.00
51.2334	6.00
51.2538	9.00
51.2743	13.00
51.2947	8.00
51.3152	11.00
51.3357	10.00
51.3561	4.00
51.3766	8.00
51.3971	7.00
51.4175	6.00
51.438	10.00
51.4585	9.00
51.4789	15.00
51.4994	13.00
51.5198	12.00
51.5403	8.00
51.5608	14.00
51.5812	13.00
51.6017	10.00
51.6222	7.00
51.6426	11.00
51.6631	4.00
51.6835	11.00
51.704	7.00
51.7245	14.00
51.7449	10.00
51.7654	11.00
51.7859	9.00
51.8063	9.00
51.8268	11.00
51.8473	9.00
51.8677	13.00
51.8882	12.00
51.9086	8.00
51.9291	8.00
51.9496	12.00
51.97	13.00
51.9905	12.00
52.011	4.00
52.0314	13.00
52.0519	12.00
52.0723	12.00
52.0928	7.00
52.1133	12.00
52.1337	5.00
52.1542	5.00
52.1747	10.00
52.1951	7.00
52.2156	10.00
52.2361	12.00
52.2565	16.00
52.277	11.00
52.2974	13.00
52.3179	10.00
52.3384	2.00
52.3588	8.00
52.3793	10.00
52.3998	11.00
52.4202	10.00
52.4407	14.00
52.4611	7.00
52.4816	7.00
52.5021	7.00
52.5225	13.00
52.543	11.00
52.5635	7.00
52.5839	6.00
52.6044	14.00
52.6249	8.00
52.6453	12.00
52.6658	16.00
52.6862	14.00
52.7067	9.00
52.7272	7.00
52.7476	9.00
52.7681	12.00
52.7886	10.00
52.809	12.00
52.8295	14.00
52.8499	5.00
52.8704	13.00
52.8909	9.00
52.9113	4.00
52.9318	5.00
52.9523	12.00
52.9727	13.00
52.9932	14.00
53.0137	9.00
53.0341	10.00
53.0546	13.00
53.075	12.00
53.0955	8.00
53.116	8.00
53.1364	13.00
53.1569	8.00
53.1774	12.00
53.1978	11.00
53.2183	8.00
53.2387	13.00
53.2592	10.00
53.2797	7.00
53.3001	17.00
53.3206	9.00
53.3411	14.00
53.3615	6.00
53.382	14.00
53.4025	11.00
53.4229	21.00
53.4434	9.00
53.4638	13.00
53.4843	13.00
53.5048	18.00
53.5252	11.00
53.5457	16.00
53.5662	20.00
53.5866	30.00
53.6071	17.00
53.6275	18.00
53.648	21.00
53.6685	15.00
53.6889	17.00
53.7094	10.00
53.7299	13.00
53.7503	16.00
53.7708	9.00
53.7913	20.00
53.8117	22.00
53.8322	23.00
53.8526	26.00
53.8731	30.00
53.8936	25.00
53.914	26.00
53.9345	30.00
53.955	35.00
53.9754	37.00
53.9959	44.00
54.0163	46.00
54.0368	45.00
54.0573	71.00
54.0777	81.00
54.0982	107.00
54.1187	126.00
54.1391	278.00
54.1596	379.00
54.18	482.00
54.2005	456.00
54.221	410.00
54.2414	314.00
54.2619	251.00
54.2824	247.00
54.3028	248.00
54.3233	278.00
54.3438	281.00
54.3642	249.00
54.3847	202.00
54.4051	147.00
54.4256	97.00
54.4461	68.00
54.4665	59.00
54.487	41.00
54.5075	38.00
54.5279	35.00
54.5484	31.00
54.5688	23.00
54.5893	19.00
54.6098	16.00
54.6302	25.00
54.6507	12.00
54.6712	18.00
54.6916	23.00
54.7121	18.00
54.7326	22.00
54.753	17.00
54.7735	22.00
54.7939	19.00
54.8144	13.00
54.8349	15.00
54.8553	16.00
54.8758	13.00
54.8963	15.00
54.9167	13.00
54.9372	13.00
54.9576	10.00
54.9781	12.00
54.9986	14.00
55.019	10.00
55.0395	11.00
55.06	15.00
55.0804	9.00
55.1009	8.00
55.1214	12.00
55.1418	11.00
55.1623	12.00
55.1827	14.00
55.2032	13.00
55.2237	15.00
55.2441	12.00
55.2646	13.00
55.2851	13.00
55.3055	13.00
55.326	9.00
55.3464	8.00
55.3669	15.00
55.3874	16.00
55.4078	7.00
55.4283	6.00
55.4488	12.00
55.4692	12.00
55.4897	15.00
55.5102	13.00
55.5306	16.00
55.5511	12.00
55.5715	10.00
55.592	7.00
55.6125	17.00
55.6329	7.00
55.6534	6.00
55.6739	17.00
55.6943	11.00
55.7148	9.00
55.7352	12.00
55.7557	6.00
55.7762	11.00
55.7966	16.00
55.8171	13.00
55.8376	13.00
55.858	7.00
55.8785	3.00
55.899	9.00
55.9194	4.00
55.9399	11.00
55.9603	7.00
55.9808	7.00
56.0013	7.00
56.0217	11.00
56.0422	9.00
56.0627	11.00
56.0831	12.00
56.1036	17.00
56.124	5.00
56.1445	8.00
56.165	13.00
56.1854	11.00
56.2059	9.00
56.2264	10.00
56.2468	10.00
56.2673	14.00
56.2878	10.00
56.3082	21.00
56.3287	13.00
56.3491	17.00
56.3696	10.00
56.3901	14.00
56.4105	9.00
56.431	10.00
56.4515	8.00
56.4719	9.00
56.4924	3.00
56.5128	15.00
56.5333	13.00
56.5538	9.00
56.5742	10.00
56.5947	10.00
56.6152	7.00
56.6356	6.00
56.6561	8.00
56.6766	14.00
56.697	7.00
56.7175	10.00
56.7379	9.00
56.7584	10.00
56.7789	11.00
56.7993	8.00
56.8198	6.00
56.8403	13.00
56.8607	12.00
56.8812	6.00
56.9016	11.00
56.9221	10.00
56.9426	3.00
56.963	12.00
56.9835	14.00
57.004	12.00
57.0244	16.00
57.0449	12.00
57.0654	18.00
57.0858	13.00
57.1063	23.00
57.1267	17.00
57.1472	19.00
57.1677	21.00
57.1881	19.00
57.2086	14.00
57.2291	14.00
57.2495	17.00
57.27	12.00
57.2904	15.00
57.3109	19.00
57.3314	19.00
57.3518	22.00
57.3723	17.00
57.3928	22.00
57.4132	19.00
57.4337	22.00
57.4542	22.00
57.4746	19.00
57.4951	18.00
57.5155	18.00
57.536	30.00
57.5565	24.00
57.5769	47.00
57.5974	57.00
57.6179	58.00
57.6383	74.00
57.6588	94.00
57.6792	94.00
57.6997	102.00
57.7202	70.00
57.7406	67.00
57.7611	58.00
57.7816	65.00
57.802	60.00
57.8225	45.00
57.843	53.00
57.8634	49.00
57.8839	43.00
57.9043	34.00
57.9248	24.00
57.9453	21.00
57.9657	22.00
57.9862	18.00
58.0067	18.00
58.0271	20.00
58.0476	12.00
58.068	14.00
58.0885	11.00
58.109	12.00
58.1294	13.00
58.1499	2.00
58.1704	11.00
58.1908	9.00
58.2113	7.00
58.2318	14.00
58.2522	11.00
58.2727	7.00
58.2931	11.00
58.3136	3.00
58.3341	16.00
58.3545	11.00
58.375	13.00
58.3955	13.00
58.4159	9.00
58.4364	9.00
58.4568	7.00
58.4773	4.00
58.4978	11.00
58.5182	6.00
58.5387	5.00
58.5592	8.00
58.5796	5.00
58.6001	5.00
58.6206	7.00
58.641	10.00
58.6615	6.00
58.6819	6.00
58.7024	11.00
58.7229	10.00
58.7433	5.00
58.7638	6.00
58.7843	6.00
58.8047	5.00
58.8252	5.00
58.8456	9.00
58.8661	8.00
58.8866	14.00
58.907	3.00
58.9275	8.00
58.948	9.00
58.9684	9.00
58.9889	7.00
59.0094	13.00
59.0298	10.00
59.0503	6.00
59.0707	8.00
59.0912	11.00
59.1117	9.00
59.1321	4.00
59.1526	9.00
59.1731	11.00
59.1935	10.00
59.214	12.00
59.2344	9.00
59.2549	11.00
59.2754	13.00
59.2958	8.00
59.3163	10.00
59.3368	10.00
59.3572	10.00
59.3777	12.00
59.3982	8.00
59.4186	10.00
59.4391	12.00
59.4595	6.00
59.48	11.00
59.5005	8.00
59.5209	11.00
59.5414	11.00
59.5619	14.00
59.5823	6.00
59.6028	11.00
59.6232	5.00
59.6437	10.00
59.6642	13.00
59.6846	6.00
59.7051	6.00
59.7256	8.00
59.746	5.00
59.7665	8.00
59.787	1.00
59.8074	9.00
59.8279	4.00
59.8483	3.00
59.8688	10.00
59.8893	9.00
59.9097	10.00
59.9302	6.00
59.9507	6.00
59.9711	8.00
59.9916	1.00
60.012	8.00
60.0325	6.00
60.053	15.00
60.0734	10.00
60.0939	6.00
60.1144	10.00
60.1348	7.00
60.1553	8.00
60.1758	10.00
60.1962	7.00
60.2167	7.00
60.2371	12.00
60.2576	9.00
60.2781	6.00
60.2985	5.00
60.319	7.00
60.3395	11.00
60.3599	6.00
60.3804	5.00
60.4008	3.00
60.4213	11.00
60.4418	8.00
60.4622	7.00
60.4827	11.00
60.5032	13.00
60.5236	9.00
60.5441	8.00
60.5646	8.00
60.585	7.00
60.6055	11.00
60.6259	8.00
60.6464	5.00
60.6669	11.00
60.6873	15.00
60.7078	12.00
60.7283	12.00
60.7487	4.00
60.7692	7.00
60.7896	3.00
60.8101	11.00
60.8306	5.00
60.851	8.00
60.8715	8.00
60.892	3.00
60.9124	9.00
60.9329	5.00
60.9534	12.00
60.9738	6.00
60.9943	9.00
61.0147	6.00
61.0352	5.00
61.0557	4.00
61.0761	7.00
61.0966	6.00
61.1171	4.00
61.1375	9.00
61.158	4.00
61.1784	4.00
61.1989	8.00
61.2194	8.00
61.2398	9.00
61.2603	11.00
61.2808	15.00
61.3012	11.00
61.3217	6.00
61.3422	6.00
61.3626	8.00
61.3831	9.00
61.4035	6.00
61.424	6.00
61.4445	11.00
61.4649	10.00
61.4854	14.00
61.5059	11.00
61.5263	10.00
61.5468	8.00
61.5672	10.00
61.5877	12.00
61.6082	11.00
61.6286	8.00
61.6491	12.00
61.6696	11.00
61.69	10.00
61.7105	12.00
61.731	8.00
61.7514	8.00
61.7719	8.00
61.7923	11.00
61.8128	8.00
61.8333	5.00
61.8537	6.00
61.8742	13.00
61.8947	13.00
61.9151	10.00
61.9356	2.00
61.956	12.00
61.9765	9.00
61.997	3.00
62.0174	11.00
62.0379	13.00
62.0584	12.00
62.0788	14.00
62.0993	15.00
62.1198	12.00
62.1402	9.00
62.1607	15.00
62.1811	13.00
62.2016	12.00
62.2221	13.00
62.2425	20.00
62.263	15.00
62.2835	21.00
62.3039	22.00
62.3244	27.00
62.3448	39.00
62.3653	28.00
62.3858	28.00
62.4062	31.00
62.4267	35.00
62.4472	48.00
62.4676	65.00
62.4881	83.00
62.5086	110.00
62.529	166.00
62.5495	253.00
62.5699	315.00
62.5904	318.00
62.6109	269.00
62.6313	184.00
62.6518	147.00
62.6723	127.00
62.6927	132.00
62.7132	144.00
62.7336	162.00
62.7541	196.00
62.7746	162.00
62.795	136.00
62.8155	103.00
62.836	69.00
62.8564	63.00
62.8769	43.00
62.8974	33.00
62.9178	44.00
62.9383	34.00
62.9587	23.00
62.9792	28.00
62.9997	19.00
63.0201	21.00
63.0406	14.00
63.0611	14.00
63.0815	23.00
63.102	23.00
63.1224	14.00
63.1429	17.00
63.1634	12.00
63.1838	10.00
63.2043	14.00
63.2248	13.00
63.2452	15.00
63.2657	14.00
63.2862	13.00
63.3066	11.00
63.3271	14.00
63.3475	9.00
63.368	11.00
63.3885	14.00
63.4089	11.00
63.4294	8.00
63.4499	6.00
63.4703	10.00
63.4908	10.00
63.5112	12.00
63.5317	15.00
63.5522	12.00
63.5726	15.00
63.5931	14.00
63.6136	10.00
63.634	11.00
63.6545	13.00
63.675	10.00
63.6954	14.00
63.7159	13.00
63.7363	16.00
63.7568	13.00
63.7773	12.00
63.7977	13.00
63.8182	18.00
63.8387	23.00
63.8591	22.00
63.8796	24.00
63.9	20.00
63.9205	26.00
63.941	22.00
63.9614	16.00
63.9819	23.00
64.0024	36.00
64.0228	38.00
64.0433	50.00
64.0638	64.00
64.0842	101.00
64.1047	157.00
64.1251	193.00
64.1456	266.00
64.1661	342.00
64.1865	269.00
64.207	209.00
64.2275	130.00
64.2479	98.00
64.2684	117.00
64.2888	116.00
64.3093	142.00
64.3298	193.00
64.3502	182.00
64.3707	121.00
64.3912	113.00
64.4116	72.00
64.4321	53.00
64.4526	29.00
64.473	38.00
64.4935	28.00
64.5139	24.00
64.5344	27.00
64.5549	14.00
64.5753	20.00
64.5958	15.00
64.6163	14.00
64.6367	12.00
64.6572	11.00
64.6776	15.00
64.6981	11.00
64.7186	9.00
64.739	8.00
64.7595	9.00
64.78	7.00
64.8004	10.00
64.8209	10.00
64.8414	7.00
64.8618	5.00
64.8823	8.00
64.9027	9.00
64.9232	5.00
64.9437	11.00
64.9641	12.00
64.9846	12.00
65.0051	3.00
65.0255	8.00
65.046	14.00
65.0664	9.00
65.0869	6.00
65.1074	7.00
65.1278	10.00
65.1483	13.00
65.1688	6.00
65.1892	8.00
65.2097	8.00
65.2302	7.00
65.2506	9.00
65.2711	8.00
65.2915	9.00
65.312	8.00
65.3325	5.00
65.3529	7.00
65.3734	6.00
65.3939	5.00
65.4143	5.00
65.4348	3.00
65.4552	13.00
65.4757	6.00
65.4962	12.00
65.5166	12.00
65.5371	7.00
65.5576	8.00
65.578	9.00
65.5985	8.00
65.619	6.00
65.6394	9.00
65.6599	4.00
65.6803	18.00
65.7008	13.00
65.7213	12.00
65.7417	7.00
65.7622	10.00
65.7827	4.00
65.8031	6.00
65.8236	11.00
65.844	9.00
65.8645	10.00
65.885	8.00
65.9054	5.00
65.9259	5.00
65.9464	8.00
65.9668	7.00
65.9873	5.00
66.0078	6.00
66.0282	8.00
66.0487	8.00
66.0691	10.00
66.0896	7.00
66.1101	7.00
66.1305	12.00
66.151	19.00
66.1715	6.00
66.1919	12.00
66.2124	14.00
66.2328	8.00
66.2533	4.00
66.2738	7.00
66.2942	7.00
66.3147	12.00
66.3352	7.00
66.3556	7.00
66.3761	11.00
66.3966	8.00
66.417	6.00
66.4375	5.00
66.4579	4.00
66.4784	11.00
66.4989	13.00
66.5193	4.00
66.5398	12.00
66.5603	5.00
66.5807	12.00
66.6012	8.00
66.6216	8.00
66.6421	5.00
66.6626	3.00
66.683	2.00
66.7035	4.00
66.724	12.00
66.7444	8.00
66.7649	3.00
66.7854	5.00
66.8058	3.00
66.8263	4.00
66.8467	10.00
66.8672	6.00
66.8877	8.00
66.9081	7.00
66.9286	5.00
66.9491	6.00
66.9695	11.00
66.99	8.00
67.0104	5.00
67.0309	4.00
67.0514	7.00
67.0718	10.00
67.0923	6.00
67.1128	6.00
67.1332	12.00
67.1537	10.00
67.1742	9.00
67.1946	7.00
67.2151	6.00
67.2355	5.00
67.256	6.00
67.2765	4.00
67.2969	5.00
67.3174	9.00
67.3379	9.00
67.3583	8.00
67.3788	6.00
67.3992	6.00
67.4197	9.00
67.4402	6.00
67.4606	10.00
67.4811	1.00
67.5016	4.00
67.522	2.00
67.5425	10.00
67.563	5.00
67.5834	6.00
67.6039	5.00
67.6243	8.00
67.6448	6.00
67.6653	6.00
67.6857	3.00
67.7062	4.00
67.7267	11.00
67.7471	5.00
67.7676	7.00
67.788	2.00
67.8085	9.00
67.829	7.00
67.8494	7.00
67.8699	11.00
67.8904	8.00
67.9108	10.00
67.9313	7.00
67.9518	8.00
67.9722	8.00
67.9927	5.00
68.0131	6.00
68.0336	7.00
68.0541	5.00
68.0745	2.00
68.095	6.00
68.1155	5.00
68.1359	5.00
68.1564	11.00
68.1768	6.00
68.1973	6.00
68.2178	6.00
68.2382	8.00
68.2587	8.00
68.2792	6.00
68.2996	2.00
68.3201	6.00
68.3406	7.00
68.361	7.00
68.3815	6.00
68.4019	8.00
68.4224	5.00
68.4429	2.00
68.4633	4.00
68.4838	10.00
68.5043	10.00
68.5247	7.00
68.5452	7.00
68.5656	6.00
68.5861	12.00
68.6066	3.00
68.627	5.00
68.6475	9.00
68.668	8.00
68.6884	4.00
68.7089	4.00
68.7294	4.00
68.7498	11.00
68.7703	11.00
68.7907	10.00
68.8112	5.00
68.8317	9.00
68.8521	11.00
68.8726	7.00
68.8931	7.00
68.9135	6.00
68.934	10.00
68.9544	8.00
68.9749	1.00
68.9954	6.00
69.0158	4.00
69.0363	4.00
69.0568	9.00
69.0772	6.00
69.0977	5.00
69.1182	7.00
69.1386	6.00
69.1591	7.00
69.1795	8.00
69.2	3.00
69.2205	8.00
69.2409	6.00
69.2614	9.00
69.2819	7.00
69.3023	6.00
69.3228	5.00
69.3432	6.00
69.3637	6.00
69.3842	13.00
69.4046	5.00
69.4251	9.00
69.4456	4.00
69.466	9.00
69.4865	8.00
69.507	10.00
69.5274	10.00
69.5479	16.00
69.5683	12.00
69.5888	11.00
69.6093	14.00
69.6297	20.00
69.6502	28.00
69.6707	26.00
69.6911	23.00
69.7116	32.00
69.732	22.00
69.7525	14.00
69.773	19.00
69.7934	17.00
69.8139	16.00
69.8344	13.00
69.8548	21.00
69.8753	15.00
69.8958	16.00
69.9162	20.00
69.9367	7.00
69.9571	15.00
69.9776	8.00
69.9981	7.00
70.0185	13.00
70.039	8.00
70.0595	9.00
70.0799	5.00
70.1004	10.00
70.1208	8.00
70.1413	6.00
70.1618	6.00
70.1822	9.00
70.2027	10.00
70.2232	10.00
70.2436	5.00
70.2641	7.00
70.2846	11.00
70.305	4.00
70.3255	5.00
70.3459	10.00
70.3664	11.00
70.3869	8.00
70.4073	6.00
70.4278	4.00
70.4483	6.00
70.4687	9.00
70.4892	6.00
70.5096	3.00
70.5301	6.00
70.5506	6.00
70.571	10.00
70.5915	8.00
70.612	6.00
70.6324	8.00
70.6529	7.00
70.6734	5.00
70.6938	2.00
70.7143	9.00
70.7347	6.00
70.7552	12.00
70.7757	6.00
70.7961	5.00
70.8166	4.00
70.8371	6.00
70.8575	4.00
70.878	8.00
70.8984	4.00
70.9189	5.00
70.9394	5.00
70.9598	7.00
70.9803	9.00
71.0008	10.00
71.0212	6.00
71.0417	12.00
71.0622	6.00
71.0826	4.00
71.1031	12.00
71.1235	5.00
71.144	8.00
71.1645	5.00
71.1849	7.00
71.2054	7.00
71.2259	5.00
71.2463	7.00
71.2668	7.00
71.2872	4.00
71.3077	5.00
71.3282	20.00
71.3486	4.00
71.3691	6.00
71.3896	12.00
71.41	11.00
71.4305	10.00
71.451	6.00
71.4714	5.00
71.4919	7.00
71.5123	5.00
71.5328	8.00
71.5533	7.00
71.5737	11.00
71.5942	14.00
71.6147	9.00
71.6351	9.00
71.6556	8.00
71.676	16.00
71.6965	10.00
71.717	12.00
71.7374	10.00
71.7579	12.00
71.7784	14.00
71.7988	15.00
71.8193	10.00
71.8398	19.00
71.8602	24.00
71.8807	33.00
71.9011	47.00
71.9216	49.00
71.9421	64.00
71.9625	78.00
71.983	83.00
72.0035	70.00
72.0239	80.00
72.0444	55.00
72.0648	38.00
72.0853	38.00
72.1058	47.00
72.1262	40.00
72.1467	40.00
72.1672	41.00
72.1876	50.00
72.2081	41.00
72.2285	41.00
72.249	46.00
72.2695	32.00
72.2899	46.00
72.3104	35.00
72.3309	37.00
72.3513	27.00
72.3718	26.00
72.3923	18.00
72.4127	22.00
72.4332	15.00
72.4536	12.00
72.4741	13.00
72.4946	15.00
72.515	12.00
72.5355	18.00
72.556	21.00
72.5764	21.00
72.5969	21.00
72.6173	16.00
72.6378	7.00
72.6583	12.00
72.6787	7.00
72.6992	8.00
72.7197	11.00
72.7401	6.00
72.7606	12.00
72.7811	8.00
72.8015	6.00
72.822	8.00
72.8424	11.00
72.8629	9.00
72.8834	4.00
72.9038	3.00
72.9243	7.00
72.9448	7.00
72.9652	6.00
72.9857	8.00
73.0061	10.00
73.0266	7.00
73.0471	10.00
73.0675	9.00
73.088	5.00
73.1085	8.00
73.1289	8.00
73.1494	5.00
73.1699	10.00
73.1903	7.00
73.2108	9.00
73.2312	8.00
73.2517	6.00
73.2722	4.00
73.2926	8.00
73.3131	4.00
73.3336	7.00
73.354	8.00
73.3745	8.00
73.3949	3.00
73.4154	6.00
73.4359	5.00
73.4563	10.00
73.4768	8.00
73.4973	9.00
73.5177	6.00
73.5382	6.00
73.5587	9.00
73.5791	4.00
73.5996	9.00
73.62	7.00
73.6405	10.00
73.661	4.00
73.6814	10.00
73.7019	4.00
73.7224	8.00
73.7428	8.00
73.7633	4.00
73.7837	5.00
73.8042	10.00
73.8247	1.00
73.8451	8.00
73.8656	6.00
73.8861	2.00
73.9065	6.00
73.927	5.00
73.9475	6.00
73.9679	6.00
73.9884	4.00
74.0088	4.00
74.0293	5.00
74.0498	8.00
74.0702	4.00
74.0907	7.00
74.1112	8.00
74.1316	5.00
74.1521	7.00
74.1725	7.00
74.193	11.00
74.2135	11.00
74.2339	8.00
74.2544	6.00
74.2749	5.00
74.2953	7.00
74.3158	8.00
74.3363	8.00
74.3567	5.00
74.3772	5.00
74.3976	11.00
74.4181	11.00
74.4386	7.00
74.459	6.00
74.4795	10.00
74.5	8.00
74.5204	5.00
74.5409	3.00
74.5613	7.00
74.5818	4.00
74.6023	4.00
74.6227	5.00
74.6432	4.00
74.6637	6.00
74.6841	3.00
74.7046	6.00
74.7251	9.00
74.7455	5.00
74.766	10.00
74.7864	3.00
74.8069	8.00
74.8274	2.00
74.8478	1.00
74.8683	9.00
74.8888	6.00
74.9092	5.00
74.9297	4.00
74.9501	4.00
74.9706	6.00
74.9911	4.00
75.0115	5.00
75.032	2.00
75.0525	9.00
75.0729	7.00
75.0934	8.00
75.1139	5.00
75.1343	10.00
75.1548	4.00
75.1752	8.00
75.1957	8.00
75.2162	4.00
75.2366	7.00
75.2571	6.00
75.2776	8.00
75.298	15.00
75.3185	6.00
75.3389	10.00
75.3594	10.00
75.3799	9.00
75.4003	7.00
75.4208	15.00
75.4413	15.00
75.4617	11.00
75.4822	19.00
75.5027	17.00
75.5231	22.00
75.5436	43.00
75.564	49.00
75.5845	71.00
75.605	65.00
75.6254	58.00
75.6459	47.00
75.6664	42.00
75.6868	28.00
75.7073	19.00
75.7277	23.00
75.7482	20.00
75.7687	23.00
75.7891	33.00
75.8096	36.00
75.8301	43.00
75.8505	47.00
75.871	30.00
75.8915	27.00
75.9119	19.00
75.9324	13.00
75.9528	17.00
75.9733	6.00
75.9938	6.00
76.0142	7.00
76.0347	7.00
76.0552	11.00
76.0756	4.00
76.0961	12.00
76.1165	9.00
76.137	4.00
76.1575	8.00
76.1779	2.00
76.1984	7.00
76.2189	3.00
76.2393	8.00
76.2598	7.00
76.2803	7.00
76.3007	3.00
76.3212	3.00
76.3416	4.00
76.3621	7.00
76.3826	10.00
76.403	5.00
76.4235	7.00
76.444	7.00
76.4644	4.00
76.4849	4.00
76.5053	5.00
76.5258	3.00
76.5463	4.00
76.5667	4.00
76.5872	3.00
76.6077	5.00
76.6281	5.00
76.6486	6.00
76.6691	8.00
76.6895	5.00
76.71	1.00
76.7304	6.00
76.7509	9.00
76.7714	3.00
76.7918	6.00
76.8123	9.00
76.8328	7.00
76.8532	9.00
76.8737	4.00
76.8941	8.00
76.9146	7.00
76.9351	9.00
76.9555	1.00
76.976	5.00
76.9965	4.00
77.0169	8.00
77.0374	6.00
77.0579	5.00
77.0783	9.00
77.0988	3.00
77.1192	4.00
77.1397	3.00
77.1602	10.00
77.1806	6.00
77.2011	7.00
77.2216	5.00
77.242	9.00
77.2625	4.00
77.2829	6.00
77.3034	10.00
77.3239	5.00
77.3443	2.00
77.3648	9.00
77.3853	9.00
77.4057	6.00
77.4262	5.00
77.4467	6.00
77.4671	7.00
77.4876	4.00
77.508	6.00
77.5285	5.00
77.549	8.00
77.5694	5.00
77.5899	14.00
77.6104	5.00
77.6308	11.00
77.6513	4.00
77.6717	9.00
77.6922	5.00
77.7127	7.00
77.7331	10.00
77.7536	16.00
77.7741	18.00
77.7945	11.00
77.815	18.00
77.8355	22.00
77.8559	38.00
77.8764	17.00
77.8968	22.00
77.9173	16.00
77.9378	13.00
77.9582	15.00
77.9787	10.00
77.9992	9.00
78.0196	14.00
78.0401	14.00
78.0605	11.00
78.081	14.00
78.1015	13.00
78.1219	12.00
78.1424	10.00
78.1629	4.00
78.1833	9.00
78.2038	10.00
78.2243	10.00
78.2447	7.00
78.2652	6.00
78.2856	6.00
78.3061	9.00
78.3266	12.00
78.347	9.00
78.3675	8.00
78.388	2.00
78.4084	6.00
78.4289	9.00
78.4493	5.00
78.4698	7.00
78.4903	4.00
78.5107	4.00
78.5312	6.00
78.5517	11.00
78.5721	6.00
78.5926	6.00
78.6131	6.00
78.6335	8.00
78.654	4.00
78.6744	5.00
78.6949	13.00
78.7154	3.00
78.7358	12.00
78.7563	6.00
78.7768	6.00
78.7972	11.00
78.8177	7.00
78.8381	7.00
78.8586	7.00
78.8791	10.00
78.8995	13.00
78.92	10.00
78.9405	12.00
78.9609	8.00
78.9814	10.00
79.0019	4.00
79.0223	6.00
79.0428	8.00
79.0632	7.00
79.0837	6.00
79.1042	7.00
79.1246	6.00
79.1451	13.00
79.1656	10.00
79.186	16.00
79.2065	7.00
79.2269	9.00
79.2474	8.00
79.2679	3.00
79.2883	5.00
79.3088	7.00
79.3293	6.00
79.3497	10.00
79.3702	2.00
79.3907	4.00
79.4111	8.00
79.4316	3.00
79.452	10.00
79.4725	7.00
79.493	4.00
79.5134	8.00
79.5339	4.00
79.5544	6.00
79.5748	5.00
79.5953	15.00
79.6157	2.00
79.6362	2.00
79.6567	6.00
79.6771	10.00
79.6976	5.00
79.7181	6.00
79.7385	5.00
79.759	2.00
79.7795	2.00
79.7999	9.00
79.8204	5.00
79.8408	8.00
79.8613	8.00
79.8818	6.00
79.9022	6.00
79.9227	6.00
79.9432	7.00
79.9636	3.00
79.9841	4.00
80.0045	6.00
