COMMANDER Sample ID
Wavelength = 1.54059
10.0001	398.00
10.0206	385.00
10.041	356.00
10.0615	370.00
10.082	375.00
10.1024	355.00
10.1229	391.00
10.1433	387.00
10.1638	378.00
10.1843	338.00
10.2047	377.00
10.2252	390.00
10.2457	367.00
10.2661	379.00
10.2866	352.00
10.3071	396.00
10.3275	350.00
10.348	342.00
10.3684	362.00
10.3889	380.00
10.4094	361.00
10.4298	361.00
10.4503	352.00
10.4708	359.00
10.4912	330.00
10.5117	401.00
10.5321	330.00
10.5526	346.00
10.5731	331.00
10.5935	371.00
10.614	329.00
10.6345	335.00
10.6549	381.00
10.6754	343.00
10.6959	348.00
10.7163	332.00
10.7368	347.00
10.7572	323.00
10.7777	334.00
10.7982	336.00
10.8186	360.00
10.8391	373.00
10.8596	327.00
10.88	318.00
10.9005	311.00
10.9209	314.00
10.9414	342.00
10.9619	329.00
10.9823	328.00
11.0028	324.00
11.0233	341.00
11.0437	337.00
11.0642	294.00
11.0847	302.00
11.1051	326.00
11.1256	332.00
11.146	319.00
11.1665	276.00
11.187	348.00
11.2074	318.00
11.2279	301.00
11.2484	334.00
11.2688	335.00
11.2893	325.00
11.3097	292.00
11.3302	317.00
11.3507	286.00
11.3711	325.00
11.3916	321.00
11.4121	324.00
11.4325	301.00
11.453	326.00
11.4735	373.00
11.4939	278.00
11.5144	312.00
11.5348	268.00
11.5553	292.00
11.5758	309.00
11.5962	305.00
11.6167	294.00
11.6372	287.00
11.6576	307.00
11.6781	306.00
11.6985	311.00
11.719	268.00
11.7395	285.00
11.7599	279.00
11.7804	265.00
11.8009	318.00
11.8213	309.00
11.8418	283.00
11.8623	286.00
11.8827	289.00
11.9032	286.00
11.9236	290.00
11.9441	279.00
11.9646	295.00
11.985	287.00
12.0055	268.00
12.026	281.00
12.0464	288.00
12.0669	288.00
12.0873	319.00
12.1078	301.00
12.1283	281.00
12.1487	298.00
12.1692	268.00
12.1897	272.00
12.2101	286.00
12.2306	264.00
12.2511	273.00
12.2715	257.00
12.292	325.00
12.3124	248.00
12.3329	284.00
12.3534	260.00
12.3738	289.00
12.3943	278.00
12.4148	254.00
12.4352	266.00
12.4557	271.00
12.4761	279.00
12.4966	244.00
12.5171	271.00
12.5375	258.00
12.558	253.00
12.5785	269.00
12.5989	278.00
12.6194	262.00
12.6399	267.00
12.6603	263.00
12.6808	258.00
12.7012	242.00
12.7217	262.00
12.7422	262.00
12.7626	242.00
12.7831	261.00
12.8036	225.00
12.824	267.00
12.8445	239.00
12.8649	243.00
12.8854	260.00
12.9059	250.00
12.9263	242.00
12.9468	253.00
12.9673	242.00
12.9877	227.00
13.0082	279.00
13.0287	232.00
13.0491	245.00
13.0696	262.00
13.09	270.00
13.1105	251.00
13.131	246.00
13.1514	244.00
13.1719	223.00
13.1924	253.00
13.2128	270.00
13.2333	263.00
13.2537	270.00
13.2742	276.00
13.2947	270.00
13.3151	279.00
13.3356	246.00
13.3561	258.00
13.3765	279.00
13.397	224.00
13.4175	249.00
13.4379	246.00
13.4584	258.00
13.4788	274.00
13.4993	227.00
13.5198	256.00
13.5402	240.00
13.5607	241.00
13.5812	236.00
13.6016	233.00
13.6221	247.00
13.6425	245.00
13.663	270.00
13.6835	246.00
13.7039	240.00
13.7244	234.00
13.7449	264.00
13.7653	246.00
13.7858	234.00
13.8063	279.00
13.8267	241.00
13.8472	251.00
13.8676	243.00
13.8881	268.00
13.9086	246.00
13.929	255.00
13.9495	244.00
13.97	247.00
13.9904	227.00
14.0109	245.00
14.0313	243.00
14.0518	221.00
14.0723	248.00
14.0927	221.00
14.1132	230.00
14.1337	219.00
14.1541	224.00
14.1746	240.00
14.1951	212.00
14.2155	245.00
14.236	212.00
14.2564	223.00
14.2769	197.00
14.2974	214.00
14.3178	195.00
14.3383	210.00
14.3588	208.00
14.3792	235.00
14.3997	230.00
14.4201	201.00
14.4406	221.00
14.4611	193.00
14.4815	196.00
14.502	220.00
14.5225	221.00
14.5429	199.00
14.5634	201.00
14.5839	195.00
14.6043	192.00
14.6248	188.00
14.6452	216.00
14.6657	179.00
14.6862	190.00
14.7066	201.00
14.7271	204.00
14.7476	210.00
14.768	204.00
14.7885	181.00
14.8089	201.00
14.8294	183.00
14.8499	221.00
14.8703	192.00
14.8908	170.00
14.9113	163.00
14.9317	203.00
14.9522	181.00
14.9727	196.00
14.9931	170.00
15.0136	195.00
15.034	179.00
15.0545	176.00
15.075	166.00
15.0954	176.00
15.1159	196.00
15.1364	173.00
15.1568	192.00
15.1773	169.00
15.1977	208.00
15.2182	215.00
15.2387	176.00
15.2591	208.00
15.2796	170.00
15.3001	162.00
15.3205	194.00
15.341	166.00
15.3615	191.00
15.3819	194.00
15.4024	169.00
15.4228	169.00
15.4433	179.00
15.4638	178.00
15.4842	168.00
15.5047	148.00
15.5252	146.00
15.5456	146.00
15.5661	173.00
15.5865	160.00
15.607	172.00
15.6275	146.00
15.6479	193.00
15.6684	181.00
15.6889	164.00
15.7093	174.00
15.7298	183.00
15.7503	156.00
15.7707	176.00
15.7912	205.00
15.8116	154.00
15.8321	169.00
15.8526	183.00
15.873	157.00
15.8935	175.00
15.914	163.00
15.9344	148.00
15.9549	139.00
15.9753	157.00
15.9958	173.00
16.0163	164.00
16.0367	153.00
16.0572	167.00
16.0777	173.00
16.0981	169.00
16.1186	166.00
16.1391	156.00
16.1595	170.00
16.18	171.00
16.2004	152.00
16.2209	161.00
16.2414	180.00
16.2618	155.00
16.2823	163.00
16.3028	161.00
16.3232	164.00
16.3437	144.00
16.3641	161.00
16.3846	172.00
16.4051	174.00
16.4255	151.00
16.446	154.00
16.4665	140.00
16.4869	182.00
16.5074	142.00
16.5279	162.00
16.5483	150.00
16.5688	153.00
16.5892	163.00
16.6097	167.00
16.6302	150.00
16.6506	163.00
16.6711	155.00
16.6916	153.00
16.712	142.00
16.7325	137.00
16.7529	179.00
16.7734	141.00
16.7939	149.00
16.8143	146.00
16.8348	155.00
16.8553	146.00
16.8757	166.00
16.8962	160.00
16.9167	153.00
16.9371	153.00
16.9576	179.00
16.978	158.00
16.9985	159.00
17.019	143.00
17.0394	161.00
17.0599	164.00
17.0804	161.00
17.1008	156.00
17.1213	137.00
17.1417	154.00
17.1622	164.00
17.1827	155.00
17.2031	152.00
17.2236	143.00
17.2441	161.00
17.2645	154.00
17.285	157.00
17.3055	172.00
17.3259	167.00
17.3464	143.00
17.3668	142.00
17.3873	134.00
17.4078	148.00
17.4282	141.00
17.4487	131.00
17.4692	169.00
17.4896	145.00
17.5101	161.00
17.5305	144.00
17.551	141.00
17.5715	164.00
17.5919	165.00
17.6124	149.00
17.6329	174.00
17.6533	140.00
17.6738	156.00
17.6943	131.00
17.7147	157.00
17.7352	145.00
17.7556	166.00
17.7761	155.00
17.7966	145.00
17.817	142.00
17.8375	124.00
17.858	156.00
17.8784	135.00
17.8989	142.00
17.9193	168.00
17.9398	164.00
17.9603	154.00
17.9807	156.00
18.0012	135.00
18.0217	156.00
18.0421	144.00
18.0626	156.00
18.0831	164.00
18.1035	121.00
18.124	131.00
18.1444	130.00
18.1649	152.00
18.1854	159.00
18.2058	160.00
18.2263	140.00
18.2468	127.00
18.2672	148.00
18.2877	136.00
18.3081	149.00
18.3286	125.00
18.3491	162.00
18.3695	149.00
18.39	139.00
18.4105	117.00
18.4309	133.00
18.4514	144.00
18.4719	131.00
18.4923	150.00
18.5128	150.00
18.5332	130.00
18.5537	131.00
18.5742	148.00
18.5946	144.00
18.6151	143.00
18.6356	138.00
18.656	138.00
18.6765	148.00
18.6969	137.00
18.7174	121.00
18.7379	133.00
18.7583	116.00
18.7788	140.00
18.7993	131.00
18.8197	124.00
18.8402	144.00
18.8606	118.00
18.8811	138.00
18.9016	132.00
18.922	126.00
18.9425	127.00
18.963	104.00
18.9834	136.00
19.0039	129.00
19.0244	147.00
19.0448	105.00
19.0653	132.00
19.0857	124.00
19.1062	110.00
19.1267	145.00
19.1471	128.00
19.1676	146.00
19.1881	135.00
19.2085	124.00
19.229	130.00
19.2494	131.00
19.2699	127.00
19.2904	123.00
19.3108	115.00
19.3313	101.00
19.3518	131.00
19.3722	114.00
19.3927	106.00
19.4132	129.00
19.4336	131.00
19.4541	114.00
19.4745	116.00
19.495	109.00
19.5155	126.00
19.5359	118.00
19.5564	113.00
19.5769	124.00
19.5973	112.00
19.6178	138.00
19.6382	122.00
19.6587	103.00
19.6792	119.00
19.6996	101.00
19.7201	92.00
19.7406	120.00
19.761	119.00
19.7815	96.00
19.802	122.00
19.8224	121.00
19.8429	115.00
19.8633	124.00
19.8838	121.00
19.9043	126.00
19.9247	117.00
19.9452	127.00
19.9657	118.00
19.9861	112.00
20.0066	114.00
20.027	108.00
20.0475	124.00
20.068	121.00
20.0884	127.00
20.1089	108.00
20.1294	96.00
20.1498	140.00
20.1703	120.00
20.1908	132.00
20.2112	119.00
20.2317	110.00
20.2521	127.00
20.2726	103.00
20.2931	124.00
20.3135	107.00
20.334	128.00
20.3545	106.00
20.3749	90.00
20.3954	120.00
20.4158	119.00
20.4363	106.00
20.4568	109.00
20.4772	131.00
20.4977	107.00
20.5182	111.00
20.5386	120.00
20.5591	99.00
20.5796	105.00
20.6	109.00
20.6205	109.00
20.6409	102.00
20.6614	110.00
20.6819	109.00
20.7023	98.00
20.7228	85.00
20.7433	120.00
20.7637	81.00
20.7842	106.00
20.8046	120.00
20.8251	95.00
20.8456	109.00
20.866	106.00
20.8865	107.00
20.907	110.00
20.9274	115.00
20.9479	88.00
20.9684	106.00
20.9888	105.00
21.0093	92.00
21.0297	91.00
21.0502	107.00
21.0707	98.00
21.0911	75.00
21.1116	84.00
21.1321	104.00
21.1525	97.00
21.173	85.00
21.1934	91.00
21.2139	101.00
21.2344	91.00
21.2548	127.00
21.2753	99.00
21.2958	115.00
21.3162	92.00
21.3367	93.00
21.3572	87.00
21.3776	85.00
21.3981	106.00
21.4185	92.00
21.439	90.00
21.4595	85.00
21.4799	106.00
21.5004	102.00
21.5209	97.00
21.5413	104.00
21.5618	87.00
21.5822	102.00
21.6027	89.00
21.6232	94.00
21.6436	101.00
21.6641	117.00
21.6846	114.00
21.705	102.00
21.7255	92.00
21.746	107.00
21.7664	90.00
21.7869	81.00
21.8073	92.00
21.8278	86.00
21.8483	91.00
21.8687	104.00
21.8892	107.00
21.9097	115.00
21.9301	103.00
21.9506	100.00
21.971	107.00
21.9915	92.00
22.012	87.00
22.0324	92.00
22.0529	91.00
22.0734	77.00
22.0938	85.00
22.1143	79.00
22.1348	84.00
22.1552	90.00
22.1757	86.00
22.1961	83.00
22.2166	96.00
22.2371	117.00
22.2575	97.00
22.278	88.00
22.2985	97.00
22.3189	85.00
22.3394	87.00
22.3598	80.00
22.3803	98.00
22.4008	91.00
22.4212	91.00
22.4417	100.00
22.4622	97.00
22.4826	98.00
22.5031	92.00
22.5236	86.00
22.544	81.00
22.5645	76.00
22.5849	70.00
22.6054	76.00
22.6259	81.00
22.6463	77.00
22.6668	82.00
22.6873	95.00
22.7077	87.00
22.7282	77.00
22.7486	93.00
22.7691	93.00
22.7896	83.00
22.81	83.00
22.8305	86.00
22.851	90.00
22.8714	89.00
22.8919	86.00
22.9124	88.00
22.9328	84.00
22.9533	92.00
22.9737	89.00
22.9942	84.00
23.0147	86.00
23.0351	69.00
23.0556	91.00
23.0761	93.00
23.0965	79.00
23.117	94.00
23.1374	81.00
23.1579	77.00
23.1784	80.00
23.1988	87.00
23.2193	81.00
23.2398	76.00
23.2602	85.00
23.2807	70.00
23.3012	78.00
23.3216	87.00
23.3421	98.00
23.3625	78.00
23.383	86.00
23.4035	80.00
23.4239	89.00
23.4444	78.00
23.4649	76.00
23.4853	70.00
23.5058	63.00
23.5262	58.00
23.5467	78.00
23.5672	74.00
23.5876	84.00
23.6081	61.00
23.6286	86.00
23.649	72.00
23.6695	80.00
23.69	68.00
23.7104	73.00
23.7309	68.00
23.7513	73.00
23.7718	83.00
23.7923	67.00
23.8127	55.00
23.8332	73.00
23.8537	77.00
23.8741	81.00
23.8946	84.00
23.915	68.00
23.9355	66.00
23.956	70.00
23.9764	88.00
23.9969	72.00
24.0174	82.00
24.0378	70.00
24.0583	70.00
24.0788	65.00
24.0992	69.00
24.1197	79.00
24.1401	69.00
24.1606	70.00
24.1811	76.00
24.2015	76.00
24.222	75.00
24.2425	68.00
24.2629	72.00
24.2834	83.00
24.3038	84.00
24.3243	62.00
24.3448	82.00
24.3652	68.00
24.3857	69.00
24.4062	77.00
24.4266	71.00
24.4471	71.00
24.4676	98.00
24.488	72.00
24.5085	62.00
24.5289	63.00
24.5494	83.00
24.5699	71.00
24.5903	92.00
24.6108	97.00
24.6313	109.00
24.6517	127.00
24.6722	183.00
24.6926	213.00
24.7131	243.00
24.7336	320.00
24.754	243.00
24.7745	227.00
24.795	172.00
24.8154	166.00
24.8359	145.00
24.8564	114.00
24.8768	80.00
24.8973	81.00
24.9177	85.00
24.9382	89.00
24.9587	78.00
24.9791	79.00
24.9996	71.00
25.0201	81.00
25.0405	65.00
25.061	76.00
25.0814	65.00
25.1019	66.00
25.1224	68.00
25.1428	76.00
25.1633	67.00
25.1838	57.00
25.2042	67.00
25.2247	66.00
25.2452	54.00
25.2656	74.00
25.2861	82.00
25.3065	61.00
25.327	67.00
25.3475	69.00
25.3679	63.00
25.3884	73.00
25.4089	70.00
25.4293	68.00
25.4498	52.00
25.4702	58.00
25.4907	62.00
25.5112	53.00
25.5316	64.00
25.5521	64.00
25.5726	56.00
25.593	63.00
25.6135	49.00
25.634	44.00
25.6544	56.00
25.6749	51.00
25.6953	69.00
25.7158	49.00
25.7363	57.00
25.7567	60.00
25.7772	65.00
25.7977	55.00
25.8181	54.00
25.8386	73.00
25.859	46.00
25.8795	65.00
25.9	58.00
25.9204	49.00
25.9409	51.00
25.9614	53.00
25.9818	63.00
26.0023	59.00
26.0228	65.00
26.0432	53.00
26.0637	52.00
26.0841	51.00
26.1046	53.00
26.1251	68.00
26.1455	54.00
26.166	73.00
26.1865	48.00
26.2069	50.00
26.2274	47.00
26.2478	68.00
26.2683	49.00
26.2888	54.00
26.3092	62.00
26.3297	43.00
26.3502	57.00
26.3706	48.00
26.3911	53.00
26.4116	70.00
26.432	56.00
26.4525	57.00
26.4729	56.00
26.4934	48.00
26.5139	58.00
26.5343	52.00
26.5548	47.00
26.5753	59.00
26.5957	52.00
26.6162	45.00
26.6366	47.00
26.6571	58.00
26.6776	54.00
26.698	60.00
26.7185	42.00
26.739	51.00
26.7594	52.00
26.7799	49.00
26.8004	45.00
26.8208	53.00
26.8413	44.00
26.8617	59.00
26.8822	56.00
26.9027	49.00
26.9231	57.00
26.9436	43.00
26.9641	51.00
26.9845	55.00
27.005	53.00
27.0254	43.00
27.0459	50.00
27.0664	48.00
27.0868	50.00
27.1073	57.00
27.1278	43.00
27.1482	42.00
27.1687	38.00
27.1892	56.00
27.2096	39.00
27.2301	52.00
27.2505	36.00
27.271	56.00
27.2915	46.00
27.3119	36.00
27.3324	41.00
27.3529	50.00
27.3733	52.00
27.3938	55.00
27.4142	44.00
27.4347	61.00
27.4552	42.00
27.4756	47.00
27.4961	41.00
27.5166	48.00
27.537	48.00
27.5575	51.00
27.578	46.00
27.5984	52.00
27.6189	59.00
27.6393	56.00
27.6598	38.00
27.6803	41.00
27.7007	47.00
27.7212	59.00
27.7417	46.00
27.7621	35.00
27.7826	47.00
27.803	52.00
27.8235	43.00
27.844	50.00
27.8644	43.00
27.8849	35.00
27.9054	40.00
27.9258	31.00
27.9463	41.00
27.9668	44.00
27.9872	33.00
28.0077	48.00
28.0281	36.00
28.0486	44.00
28.0691	38.00
28.0895	36.00
28.11	39.00
28.1305	46.00
28.1509	39.00
28.1714	38.00
28.1918	45.00
28.2123	34.00
28.2328	50.00
28.2532	31.00
28.2737	40.00
28.2942	37.00
28.3146	39.00
28.3351	27.00
28.3556	41.00
28.376	38.00
28.3965	35.00
28.4169	34.00
28.4374	30.00
28.4579	30.00
28.4783	41.00
28.4988	40.00
28.5193	34.00
28.5397	32.00
28.5602	34.00
28.5806	35.00
28.6011	30.00
28.6216	43.00
28.642	41.00
28.6625	27.00
28.683	38.00
28.7034	39.00
28.7239	31.00
28.7444	27.00
28.7648	56.00
28.7853	37.00
28.8057	25.00
28.8262	27.00
28.8467	37.00
28.8671	32.00
28.8876	39.00
28.9081	35.00
28.9285	27.00
28.949	36.00
28.9694	32.00
28.9899	29.00
29.0104	30.00
29.0308	33.00
29.0513	29.00
29.0718	36.00
29.0922	37.00
29.1127	29.00
29.1332	34.00
29.1536	38.00
29.1741	36.00
29.1945	29.00
29.215	39.00
29.2355	28.00
29.2559	33.00
29.2764	30.00
29.2969	31.00
29.3173	31.00
29.3378	26.00
29.3582	31.00
29.3787	27.00
29.3992	33.00
29.4196	38.00
29.4401	26.00
29.4606	42.00
29.481	32.00
29.5015	42.00
29.522	27.00
29.5424	41.00
29.5629	31.00
29.5833	27.00
29.6038	34.00
29.6243	30.00
29.6447	32.00
29.6652	32.00
29.6857	28.00
29.7061	29.00
29.7266	44.00
29.747	29.00
29.7675	37.00
29.788	37.00
29.8084	29.00
29.8289	36.00
29.8494	31.00
29.8698	28.00
29.8903	31.00
29.9108	29.00
29.9312	37.00
29.9517	36.00
29.9721	26.00
29.9926	32.00
30.0131	28.00
30.0335	27.00
30.054	30.00
30.0745	32.00
30.0949	29.00
30.1154	31.00
30.1358	30.00
30.1563	26.00
30.1768	23.00
30.1972	31.00
30.2177	31.00
30.2382	29.00
30.2586	29.00
30.2791	39.00
30.2996	32.00
30.32	30.00
30.3405	27.00
30.3609	30.00
30.3814	13.00
30.4019	41.00
30.4223	36.00
30.4428	31.00
30.4633	34.00
30.4837	22.00
30.5042	31.00
30.5246	25.00
30.5451	46.00
30.5656	36.00
30.586	37.00
30.6065	39.00
30.627	36.00
30.6474	40.00
30.6679	44.00
30.6884	47.00
30.7088	36.00
30.7293	35.00
30.7497	39.00
30.7702	31.00
30.7907	31.00
30.8111	27.00
30.8316	33.00
30.8521	32.00
30.8725	37.00
30.893	32.00
30.9134	26.00
30.9339	31.00
30.9544	25.00
30.9748	32.00
30.9953	39.00
31.0158	30.00
31.0362	23.00
31.0567	27.00
31.0772	26.00
31.0976	29.00
31.1181	29.00
31.1385	30.00
31.159	21.00
31.1795	28.00
31.1999	33.00
31.2204	29.00
31.2409	35.00
31.2613	28.00
31.2818	31.00
31.3022	29.00
31.3227	28.00
31.3432	31.00
31.3636	39.00
31.3841	23.00
31.4046	23.00
31.425	35.00
31.4455	21.00
31.466	33.00
31.4864	27.00
31.5069	26.00
31.5273	31.00
31.5478	36.00
31.5683	32.00
31.5887	23.00
31.6092	28.00
31.6297	22.00
31.6501	23.00
31.6706	23.00
31.691	33.00
31.7115	27.00
31.732	25.00
31.7524	32.00
31.7729	26.00
31.7934	33.00
31.8138	24.00
31.8343	24.00
31.8548	32.00
31.8752	25.00
31.8957	27.00
31.9161	25.00
31.9366	31.00
31.9571	25.00
31.9775	28.00
31.998	38.00
32.0185	33.00
32.0389	35.00
32.0594	29.00
32.0798	29.00
32.1003	27.00
32.1208	25.00
32.1412	27.00
32.1617	32.00
32.1822	33.00
32.2026	34.00
32.2231	24.00
32.2436	36.00
32.264	32.00
32.2845	28.00
32.3049	34.00
32.3254	30.00
32.3459	31.00
32.3663	24.00
32.3868	20.00
32.4073	38.00
32.4277	28.00
32.4482	22.00
32.4686	24.00
32.4891	36.00
32.5096	33.00
32.53	24.00
32.5505	29.00
32.571	30.00
32.5914	31.00
32.6119	22.00
32.6324	30.00
32.6528	37.00
32.6733	35.00
32.6937	32.00
32.7142	31.00
32.7347	22.00
32.7551	34.00
32.7756	34.00
32.7961	27.00
32.8165	30.00
32.837	26.00
32.8574	22.00
32.8779	32.00
32.8984	43.00
32.9188	34.00
32.9393	28.00
32.9598	39.00
32.9802	41.00
33.0007	30.00
33.0212	33.00
33.0416	34.00
33.0621	35.00
33.0825	28.00
33.103	23.00
33.1235	23.00
33.1439	27.00
33.1644	29.00
33.1849	30.00
33.2053	39.00
33.2258	26.00
33.2462	29.00
33.2667	27.00
33.2872	36.00
33.3076	43.00
33.3281	47.00
33.3486	33.00
33.369	33.00
33.3895	40.00
33.41	51.00
33.4304	38.00
33.4509	48.00
33.4713	57.00
33.4918	64.00
33.5123	71.00
33.5327	89.00
33.5532	92.00
33.5737	104.00
33.5941	144.00
33.6146	245.00
33.635	322.00
33.6555	530.00
33.676	722.00
33.6964	885.00
33.7169	886.00
33.7374	798.00
33.7578	626.00
33.7783	599.00
33.7988	485.00
33.8192	418.00
33.8397	278.00
33.8601	182.00
33.8806	143.00
33.9011	111.00
33.9215	94.00
33.942	74.00
33.9625	91.00
33.9829	59.00
34.0034	59.00
34.0238	52.00
34.0443	43.00
34.0648	50.00
34.0852	54.00
34.1057	38.00
34.1262	44.00
34.1466	39.00
34.1671	42.00
34.1876	35.00
34.208	33.00
34.2285	44.00
34.2489	32.00
34.2694	35.00
34.2899	22.00
34.3103	32.00
34.3308	22.00
34.3513	20.00
34.3717	35.00
34.3922	35.00
34.4126	33.00
34.4331	27.00
34.4536	28.00
34.474	37.00
34.4945	19.00
34.515	28.00
34.5354	24.00
34.5559	24.00
34.5764	35.00
34.5968	29.00
34.6173	25.00
34.6377	20.00
34.6582	33.00
34.6787	33.00
34.6991	34.00
34.7196	35.00
34.7401	26.00
34.7605	33.00
34.781	21.00
34.8014	16.00
34.8219	30.00
34.8424	30.00
34.8628	26.00
34.8833	24.00
34.9038	29.00
34.9242	34.00
34.9447	31.00
34.9652	26.00
34.9856	30.00
35.0061	23.00
35.0265	34.00
35.047	24.00
35.0675	25.00
35.0879	31.00
35.1084	24.00
35.1289	35.00
35.1493	18.00
35.1698	27.00
35.1902	18.00
35.2107	30.00
35.2312	27.00
35.2516	23.00
35.2721	28.00
35.2926	26.00
35.313	23.00
35.3335	35.00
35.354	27.00
35.3744	28.00
35.3949	27.00
35.4153	33.00
35.4358	33.00
35.4563	24.00
35.4767	23.00
35.4972	26.00
35.5177	37.00
35.5381	29.00
35.5586	29.00
35.579	22.00
35.5995	26.00
35.62	31.00
35.6404	21.00
35.6609	29.00
35.6814	29.00
35.7018	31.00
35.7223	33.00
35.7428	46.00
35.7632	21.00
35.7837	33.00
35.8041	18.00
35.8246	33.00
35.8451	34.00
35.8655	32.00
35.886	45.00
35.9065	47.00
35.9269	66.00
35.9474	53.00
35.9678	63.00
35.9883	88.00
36.0088	96.00
36.0292	94.00
36.0497	95.00
36.0702	129.00
36.0906	141.00
36.1111	181.00
36.1316	266.00
36.152	352.00
36.1725	534.00
36.1929	679.00
36.2134	663.00
36.2339	566.00
36.2543	489.00
36.2748	460.00
36.2953	401.00
36.3157	366.00
36.3362	240.00
36.3566	175.00
36.3771	109.00
36.3976	92.00
36.418	59.00
36.4385	56.00
36.459	53.00
36.4794	58.00
36.4999	48.00
36.5203	38.00
36.5408	42.00
36.5613	30.00
36.5817	23.00
36.6022	29.00
36.6227	30.00
36.6431	28.00
36.6636	24.00
36.6841	38.00
36.7045	27.00
36.725	34.00
36.7454	26.00
36.7659	34.00
36.7864	27.00
36.8068	28.00
36.8273	29.00
36.8478	26.00
36.8682	28.00
36.8887	24.00
36.9091	24.00
36.9296	22.00
36.9501	25.00
36.9705	25.00
36.991	20.00
37.0115	24.00
37.0319	28.00
37.0524	25.00
37.0729	23.00
37.0933	22.00
37.1138	17.00
37.1342	27.00
37.1547	23.00
37.1752	18.00
37.1956	27.00
37.2161	20.00
37.2366	23.00
37.257	20.00
37.2775	23.00
37.2979	24.00
37.3184	19.00
37.3389	25.00
37.3593	24.00
37.3798	24.00
37.4003	19.00
37.4207	18.00
37.4412	18.00
37.4617	23.00
37.4821	23.00
37.5026	20.00
37.523	25.00
37.5435	15.00
37.564	23.00
37.5844	33.00
37.6049	22.00
37.6254	20.00
37.6458	23.00
37.6663	32.00
37.6867	18.00
37.7072	26.00
37.7277	17.00
37.7481	18.00
37.7686	7.00
37.7891	22.00
37.8095	16.00
37.83	29.00
37.8505	11.00
37.8709	24.00
37.8914	20.00
37.9118	18.00
37.9323	17.00
37.9528	17.00
37.9732	23.00
37.9937	19.00
38.0142	8.00
38.0346	20.00
38.0551	16.00
38.0755	18.00
38.096	19.00
38.1165	26.00
38.1369	18.00
38.1574	22.00
38.1779	18.00
38.1983	23.00
38.2188	23.00
38.2393	21.00
38.2597	15.00
38.2802	15.00
38.3006	21.00
38.3211	21.00
38.3416	12.00
38.362	20.00
38.3825	20.00
38.403	11.00
38.4234	17.00
38.4439	12.00
38.4643	13.00
38.4848	17.00
38.5053	11.00
38.5257	15.00
38.5462	16.00
38.5667	24.00
38.5871	20.00
38.6076	26.00
38.6281	18.00
38.6485	25.00
38.669	11.00
38.6894	21.00
38.7099	13.00
38.7304	20.00
38.7508	12.00
38.7713	16.00
38.7918	23.00
38.8122	29.00
38.8327	17.00
38.8531	8.00
38.8736	21.00
38.8941	18.00
38.9145	15.00
38.935	19.00
38.9555	21.00
38.9759	19.00
38.9964	21.00
39.0169	19.00
39.0373	10.00
39.0578	10.00
39.0782	17.00
39.0987	26.00
39.1192	15.00
39.1396	20.00
39.1601	13.00
39.1806	14.00
39.201	7.00
39.2215	14.00
39.2419	24.00
39.2624	19.00
39.2829	18.00
39.3033	11.00
39.3238	15.00
39.3443	21.00
39.3647	22.00
39.3852	15.00
39.4057	15.00
39.4261	18.00
39.4466	22.00
39.467	21.00
39.4875	11.00
39.508	16.00
39.5284	23.00
39.5489	16.00
39.5694	15.00
39.5898	15.00
39.6103	14.00
39.6307	23.00
39.6512	18.00
39.6717	16.00
39.6921	18.00
39.7126	15.00
39.7331	13.00
39.7535	35.00
39.774	29.00
39.7945	30.00
39.8149	30.00
39.8354	27.00
39.8558	24.00
39.8763	21.00
39.8968	23.00
39.9172	14.00
39.9377	20.00
39.9582	19.00
39.9786	15.00
39.9991	21.00
40.0195	14.00
40.04	21.00
40.0605	23.00
40.0809	22.00
40.1014	15.00
40.1219	15.00
40.1423	13.00
40.1628	13.00
40.1833	12.00
40.2037	13.00
40.2242	20.00
40.2446	15.00
40.2651	12.00
40.2856	15.00
40.306	19.00
40.3265	8.00
40.347	23.00
40.3674	18.00
40.3879	21.00
40.4083	16.00
40.4288	28.00
40.4493	13.00
40.4697	17.00
40.4902	16.00
40.5107	15.00
40.5311	18.00
40.5516	20.00
40.5721	17.00
40.5925	19.00
40.613	14.00
40.6334	15.00
40.6539	17.00
40.6744	16.00
40.6948	14.00
40.7153	13.00
40.7358	14.00
40.7562	12.00
40.7767	20.00
40.7971	12.00
40.8176	22.00
40.8381	13.00
40.8585	16.00
40.879	13.00
40.8995	19.00
40.9199	19.00
40.9404	14.00
40.9609	20.00
40.9813	13.00
41.0018	20.00
41.0222	16.00
41.0427	25.00
41.0632	15.00
41.0836	18.00
41.1041	25.00
41.1246	17.00
41.145	16.00
41.1655	30.00
41.1859	24.00
41.2064	37.00
41.2269	27.00
41.2473	31.00
41.2678	28.00
41.2883	45.00
41.3087	54.00
41.3292	83.00
41.3497	102.00
41.3701	178.00
41.3906	212.00
41.411	239.00
41.4315	227.00
41.452	165.00
41.4724	149.00
41.4929	151.00
41.5134	146.00
41.5338	134.00
41.5543	96.00
41.5747	59.00
41.5952	50.00
41.6157	48.00
41.6361	36.00
41.6566	30.00
41.6771	27.00
41.6975	26.00
41.718	28.00
41.7385	16.00
41.7589	15.00
41.7794	15.00
41.7998	19.00
41.8203	18.00
41.8408	19.00
41.8612	19.00
41.8817	19.00
41.9022	16.00
41.9226	14.00
41.9431	11.00
41.9635	16.00
41.984	20.00
42.0045	24.00
42.0249	17.00
42.0454	22.00
42.0659	17.00
42.0863	12.00
42.1068	23.00
42.1273	15.00
42.1477	18.00
42.1682	15.00
42.1886	10.00
42.2091	18.00
42.2296	10.00
42.25	13.00
42.2705	17.00
42.291	10.00
42.3114	15.00
42.3319	16.00
42.3523	11.00
42.3728	19.00
42.3933	13.00
42.4137	12.00
42.4342	13.00
42.4547	17.00
42.4751	16.00
42.4956	10.00
42.5161	14.00
42.5365	12.00
42.557	9.00
42.5774	10.00
42.5979	9.00
42.6184	13.00
42.6388	21.00
42.6593	17.00
42.6798	18.00
42.7002	13.00
42.7207	10.00
42.7411	14.00
42.7616	11.00
42.7821	12.00
42.8025	10.00
42.823	16.00
42.8435	15.00
42.8639	13.00
42.8844	14.00
42.9049	12.00
42.9253	10.00
42.9458	8.00
42.9662	13.00
42.9867	11.00
43.0072	8.00
43.0276	12.00
43.0481	9.00
43.0686	13.00
43.089	7.00
43.1095	15.00
43.1299	9.00
43.1504	14.00
43.1709	16.00
43.1913	15.00
43.2118	8.00
43.2323	15.00
43.2527	11.00
43.2732	16.00
43.2937	13.00
43.3141	14.00
43.3346	11.00
43.355	6.00
43.3755	17.00
43.396	10.00
43.4164	12.00
43.4369	11.00
43.4574	10.00
43.4778	17.00
43.4983	13.00
43.5187	12.00
43.5392	20.00
43.5597	5.00
43.5801	20.00
43.6006	19.00
43.6211	14.00
43.6415	31.00
43.662	23.00
43.6825	14.00
43.7029	10.00
43.7234	17.00
43.7438	15.00
43.7643	11.00
43.7848	19.00
43.8052	17.00
43.8257	17.00
43.8462	18.00
43.8666	21.00
43.8871	8.00
43.9075	15.00
43.928	23.00
43.9485	11.00
43.9689	11.00
43.9894	11.00
44.0099	24.00
44.0303	22.00
44.0508	33.00
44.0713	34.00
44.0917	22.00
44.1122	19.00
44.1326	25.00
44.1531	19.00
44.1736	20.00
44.194	15.00
44.2145	21.00
44.235	20.00
44.2554	9.00
44.2759	8.00
44.2963	16.00
44.3168	16.00
44.3373	11.00
44.3577	15.00
44.3782	11.00
44.3987	4.00
44.4191	9.00
44.4396	13.00
44.4601	7.00
44.4805	7.00
44.501	10.00
44.5214	14.00
44.5419	10.00
44.5624	13.00
44.5828	7.00
44.6033	14.00
44.6238	10.00
44.6442	12.00
44.6647	11.00
44.6851	10.00
44.7056	16.00
44.7261	8.00
44.7465	12.00
44.767	8.00
44.7875	10.00
44.8079	12.00
44.8284	10.00
44.8489	8.00
44.8693	8.00
44.8898	13.00
44.9102	9.00
44.9307	18.00
44.9512	7.00
44.9716	8.00
44.9921	13.00
45.0126	10.00
45.033	9.00
45.0535	6.00
45.0739	16.00
45.0944	6.00
45.1149	16.00
45.1353	4.00
45.1558	18.00
45.1763	11.00
45.1967	5.00
45.2172	6.00
45.2377	6.00
45.2581	13.00
45.2786	14.00
45.299	14.00
45.3195	8.00
45.34	9.00
45.3604	17.00
45.3809	13.00
45.4014	8.00
45.4218	8.00
45.4423	13.00
45.4627	20.00
45.4832	9.00
45.5037	13.00
45.5241	9.00
45.5446	4.00
45.5651	11.00
45.5855	13.00
45.606	9.00
45.6265	10.00
45.6469	12.00
45.6674	9.00
45.6878	13.00
45.7083	5.00
45.7288	13.00
45.7492	8.00
45.7697	10.00
45.7902	8.00
45.8106	10.00
45.8311	8.00
45.8515	3.00
45.872	7.00
45.8925	11.00
45.9129	11.00
45.9334	8.00
45.9539	9.00
45.9743	6.00
45.9948	12.00
46.0153	9.00
46.0357	9.00
46.0562	12.00
46.0766	12.00
46.0971	19.00
46.1176	8.00
46.138	11.00
46.1585	9.00
46.179	11.00
46.1994	6.00
46.2199	6.00
46.2403	12.00
46.2608	12.00
46.2813	8.00
46.3017	5.00
46.3222	11.00
46.3427	8.00
46.3631	10.00
46.3836	15.00
46.4041	8.00
46.4245	7.00
46.445	11.00
46.4654	10.00
46.4859	9.00
46.5064	8.00
46.5268	10.00
46.5473	4.00
46.5678	2.00
46.5882	10.00
46.6087	5.00
46.6291	13.00
46.6496	11.00
46.6701	11.00
46.6905	11.00
46.711	7.00
46.7315	15.00
46.7519	15.00
46.7724	10.00
46.7929	6.00
46.8133	13.00
46.8338	8.00
46.8542	8.00
46.8747	9.00
46.8952	14.00
46.9156	7.00
46.9361	10.00
46.9566	6.00
46.977	10.00
46.9975	13.00
47.0179	9.00
47.0384	14.00
47.0589	9.00
47.0793	9.00
47.0998	6.00
47.1203	7.00
47.1407	1.00
47.1612	7.00
47.1817	16.00
47.2021	11.00
47.2226	12.00
47.243	15.00
47.2635	9.00
47.284	6.00
47.3044	11.00
47.3249	12.00
47.3454	8.00
47.3658	7.00
47.3863	4.00
47.4067	15.00
47.4272	11.00
47.4477	6.00
47.4681	11.00
47.4886	16.00
47.5091	3.00
47.5295	11.00
47.55	9.00
47.5705	16.00
47.5909	11.00
47.6114	10.00
47.6318	10.00
47.6523	8.00
47.6728	10.00
47.6932	10.00
47.7137	14.00
47.7342	9.00
47.7546	12.00
47.7751	11.00
47.7955	10.00
47.816	7.00
47.8365	7.00
47.8569	11.00
47.8774	13.00
47.8979	9.00
47.9183	9.00
47.9388	15.00
47.9593	12.00
47.9797	9.00
48.0002	5.00
48.0206	10.00
48.0411	5.00
48.0616	4.00
48.082	4.00
48.1025	14.00
48.123	10.00
48.1434	11.00
48.1639	8.00
48.1843	7.00
48.2048	11.00
48.2253	14.00
48.2457	12.00
48.2662	10.00
48.2867	7.00
48.3071	3.00
48.3276	15.00
48.3481	11.00
48.3685	7.00
48.389	18.00
48.4094	7.00
48.4299	7.00
48.4504	6.00
48.4708	3.00
48.4913	5.00
48.5118	14.00
48.5322	9.00
48.5527	9.00
48.5731	4.00
48.5936	7.00
48.6141	11.00
48.6345	8.00
48.655	11.00
48.6755	8.00
48.6959	6.00
48.7164	11.00
48.7369	12.00
48.7573	9.00
48.7778	12.00
48.7982	16.00
48.8187	10.00
48.8392	8.00
48.8596	3.00
48.8801	6.00
48.9006	15.00
48.921	12.00
48.9415	11.00
48.9619	8.00
48.9824	16.00
49.0029	7.00
49.0233	12.00
49.0438	9.00
49.0643	9.00
49.0847	9.00
49.1052	8.00
49.1257	12.00
49.1461	4.00
49.1666	6.00
49.187	15.00
49.2075	5.00
49.228	11.00
49.2484	12.00
49.2689	11.00
49.2894	13.00
49.3098	15.00
49.3303	7.00
49.3507	6.00
49.3712	7.00
49.3917	14.00
49.4121	19.00
49.4326	11.00
49.4531	8.00
49.4735	14.00
49.494	11.00
49.5145	8.00
49.5349	13.00
49.5554	18.00
49.5758	8.00
49.5963	13.00
49.6168	8.00
49.6372	17.00
49.6577	15.00
49.6782	15.00
49.6986	16.00
49.7191	16.00
49.7395	21.00
49.76	20.00
49.7805	30.00
49.8009	36.00
49.8214	42.00
49.8419	46.00
49.8623	43.00
49.8828	64.00
49.9033	106.00
49.9237	140.00
49.9442	233.00
49.9646	317.00
49.9851	376.00
50.0056	322.00
50.026	226.00
50.0465	196.00
50.067	202.00
50.0874	205.00
50.1079	201.00
50.1283	203.00
50.1488	154.00
50.1693	105.00
50.1897	94.00
50.2102	52.00
50.2307	45.00
50.2511	27.00
50.2716	29.00
50.2921	36.00
50.3125	17.00
50.333	20.00
50.3534	26.00
50.3739	15.00
50.3944	21.00
50.4148	21.00
50.4353	17.00
50.4558	14.00
50.4762	19.00
50.4967	14.00
50.5171	13.00
50.5376	15.00
50.5581	14.00
50.5785	13.00
50.599	18.00
50.6195	18.00
50.6399	8.00
50.6604	15.00
50.6809	16.00
50.7013	12.00
50.7218	12.00
50.7422	10.00
50.7627	12.00
50.7832	8.00
50.8036	12.00
50.8241	6.00
50.8446	17.00
50.865	9.00
50.8855	6.00
50.9059	12.00
50.9264	12.00
50.9469	11.00
50.9673	11.00
50.9878	12.00
51.0083	10.00
51.0287	15.00
51.0492	10.00
51.0697	17.00
51.0901	12.00
51.1106	8.00
51.131	11.00
51.1515	6.00
51.172	15.00
51.1924	12.00
51.2129	8.00
51.2334	5.00
51.2538	5.00
51.2743	14.00
51.2947	7.00
51.3152	10.00
51.3357	11.00
51.3561	10.00
51.3766	8.00
51.3971	11.00
51.4175	12.00
51.438	14.00
51.4585	8.00
51.4789	8.00
51.4994	6.00
51.5198	12.00
51.5403	15.00
51.5608	8.00
51.5812	10.00
51.6017	13.00
51.6222	15.00
51.6426	11.00
51.6631	6.00
51.6835	7.00
51.704	5.00
51.7245	8.00
51.7449	7.00
51.7654	9.00
51.7859	14.00
51.8063	9.00
51.8268	7.00
51.8473	12.00
51.8677	10.00
51.8882	3.00
51.9086	8.00
51.9291	17.00
51.9496	14.00
51.97	13.00
51.9905	6.00
52.011	7.00
52.0314	11.00
52.0519	14.00
52.0723	19.00
52.0928	7.00
52.1133	18.00
52.1337	10.00
52.1542	10.00
52.1747	9.00
52.1951	6.00
52.2156	8.00
52.2361	10.00
52.2565	5.00
52.277	9.00
52.2974	14.00
52.3179	5.00
52.3384	7.00
52.3588	8.00
52.3793	4.00
52.3998	10.00
52.4202	12.00
52.4407	8.00
52.4611	13.00
52.4816	12.00
52.5021	5.00
52.5225	9.00
52.543	6.00
52.5635	13.00
52.5839	14.00
52.6044	14.00
52.6249	11.00
52.6453	15.00
52.6658	4.00
52.6862	8.00
52.7067	9.00
52.7272	7.00
52.7476	13.00
52.7681	9.00
52.7886	12.00
52.809	4.00
52.8295	8.00
52.8499	12.00
52.8704	11.00
52.8909	11.00
52.9113	4.00
52.9318	7.00
52.9523	10.00
52.9727	10.00
52.9932	7.00
53.0137	12.00
53.0341	9.00
53.0546	14.00
53.075	6.00
53.0955	11.00
53.116	13.00
53.1364	4.00
53.1569	11.00
53.1774	12.00
53.1978	5.00
53.2183	8.00
53.2387	5.00
53.2592	10.00
53.2797	8.00
53.3001	9.00
53.3206	4.00
53.3411	9.00
53.3615	9.00
53.382	9.00
53.4025	18.00
53.4229	8.00
53.4434	11.00
53.4638	7.00
53.4843	10.00
53.5048	14.00
53.5252	7.00
53.5457	9.00
53.5662	10.00
53.5866	6.00
53.6071	10.00
53.6275	14.00
53.648	14.00
53.6685	8.00
53.6889	8.00
53.7094	11.00
53.7299	12.00
53.7503	14.00
53.7708	12.00
53.7913	15.00
53.8117	13.00
53.8322	11.00
53.8526	12.00
53.8731	16.00
53.8936	13.00
53.914	16.00
53.9345	11.00
53.955	18.00
53.9754	14.00
53.9959	19.00
54.0163	20.00
54.0368	10.00
54.0573	14.00
54.0777	21.00
54.0982	18.00
54.1187	19.00
54.1391	19.00
54.1596	16.00
54.18	13.00
54.2005	18.00
54.221	16.00
54.2414	24.00
54.2619	18.00
54.2824	34.00
54.3028	33.00
54.3233	40.00
54.3438	29.00
54.3642	33.00
54.3847	45.00
54.4051	52.00
54.4256	62.00
54.4461	73.00
54.4665	114.00
54.487	179.00
54.5075	235.00
54.5279	361.00
54.5484	422.00
54.5688	445.00
54.5893	333.00
54.6098	252.00
54.6302	229.00
54.6507	202.00
54.6712	215.00
54.6916	252.00
54.7121	234.00
54.7326	205.00
54.753	133.00
54.7735	98.00
54.7939	81.00
54.8144	55.00
54.8349	53.00
54.8553	43.00
54.8758	34.00
54.8963	39.00
54.9167	24.00
54.9372	24.00
54.9576	24.00
54.9781	21.00
54.9986	12.00
55.019	14.00
55.0395	10.00
55.06	12.00
55.0804	13.00
55.1009	16.00
55.1214	17.00
55.1418	8.00
55.1623	11.00
55.1827	7.00
55.2032	12.00
55.2237	10.00
55.2441	17.00
55.2646	6.00
55.2851	11.00
55.3055	6.00
55.326	12.00
55.3464	9.00
55.3669	10.00
55.3874	8.00
55.4078	7.00
55.4283	10.00
55.4488	10.00
55.4692	12.00
55.4897	15.00
55.5102	12.00
55.5306	10.00
55.5511	10.00
55.5715	10.00
55.592	7.00
55.6125	9.00
55.6329	13.00
55.6534	9.00
55.6739	13.00
55.6943	13.00
55.7148	10.00
55.7352	14.00
55.7557	7.00
55.7762	13.00
55.7966	12.00
55.8171	8.00
55.8376	9.00
55.858	7.00
55.8785	10.00
55.899	7.00
55.9194	5.00
55.9399	9.00
55.9603	6.00
55.9808	7.00
56.0013	6.00
56.0217	6.00
56.0422	7.00
56.0627	10.00
56.0831	7.00
56.1036	8.00
56.124	14.00
56.1445	9.00
56.165	5.00
56.1854	10.00
56.2059	10.00
56.2264	9.00
56.2468	4.00
56.2673	8.00
56.2878	11.00
56.3082	9.00
56.3287	7.00
56.3491	13.00
56.3696	6.00
56.3901	9.00
56.4105	7.00
56.431	5.00
56.4515	11.00
56.4719	10.00
56.4924	7.00
56.5128	10.00
56.5333	9.00
56.5538	11.00
56.5742	9.00
56.5947	10.00
56.6152	10.00
56.6356	17.00
56.6561	9.00
56.6766	14.00
56.697	13.00
56.7175	12.00
56.7379	13.00
56.7584	13.00
56.7789	9.00
56.7993	13.00
56.8198	10.00
56.8403	12.00
56.8607	12.00
56.8812	6.00
56.9016	13.00
56.9221	10.00
56.9426	6.00
56.963	8.00
56.9835	6.00
57.004	7.00
57.0244	13.00
57.0449	11.00
57.0654	4.00
57.0858	11.00
57.1063	6.00
57.1267	2.00
57.1472	4.00
57.1677	15.00
57.1881	11.00
57.2086	15.00
57.2291	7.00
57.2495	7.00
57.27	6.00
57.2904	6.00
57.3109	8.00
57.3314	8.00
57.3518	13.00
57.3723	9.00
57.3928	10.00
57.4132	9.00
57.4337	18.00
57.4542	11.00
57.4746	22.00
57.4951	25.00
57.5155	16.00
57.536	18.00
57.5565	25.00
57.5769	10.00
57.5974	11.00
57.6179	16.00
57.6383	12.00
57.6588	22.00
57.6792	16.00
57.6997	12.00
57.7202	18.00
57.7406	22.00
57.7611	15.00
57.7816	14.00
57.802	11.00
57.8225	15.00
57.843	13.00
57.8634	18.00
57.8839	18.00
57.9043	24.00
57.9248	28.00
57.9453	37.00
57.9657	54.00
57.9862	68.00
58.0067	81.00
58.0271	89.00
58.0476	90.00
58.068	83.00
58.0885	69.00
58.109	50.00
58.1294	67.00
58.1499	49.00
58.1704	50.00
58.1908	62.00
58.2113	35.00
58.2318	24.00
58.2522	35.00
58.2727	24.00
58.2931	24.00
58.3136	10.00
58.3341	16.00
58.3545	12.00
58.375	4.00
58.3955	11.00
58.4159	7.00
58.4364	14.00
58.4568	8.00
58.4773	9.00
58.4978	20.00
58.5182	12.00
58.5387	7.00
58.5592	8.00
58.5796	6.00
58.6001	6.00
58.6206	9.00
58.641	6.00
58.6615	6.00
58.6819	6.00
58.7024	4.00
58.7229	8.00
58.7433	9.00
58.7638	8.00
58.7843	6.00
58.8047	8.00
58.8252	8.00
58.8456	17.00
58.8661	10.00
58.8866	10.00
58.907	8.00
58.9275	7.00
58.948	8.00
58.9684	10.00
58.9889	2.00
59.0094	10.00
59.0298	8.00
59.0503	9.00
59.0707	4.00
59.0912	5.00
59.1117	7.00
59.1321	8.00
59.1526	8.00
59.1731	11.00
59.1935	5.00
59.214	13.00
59.2344	5.00
59.2549	7.00
59.2754	11.00
59.2958	5.00
59.3163	11.00
59.3368	8.00
59.3572	5.00
59.3777	9.00
59.3982	11.00
59.4186	5.00
59.4391	8.00
59.4595	9.00
59.48	5.00
59.5005	10.00
59.5209	9.00
59.5414	10.00
59.5619	8.00
59.5823	8.00
59.6028	5.00
59.6232	3.00
59.6437	7.00
59.6642	8.00
59.6846	5.00
59.7051	12.00
59.7256	11.00
59.746	8.00
59.7665	10.00
59.787	9.00
59.8074	6.00
59.8279	6.00
59.8483	7.00
59.8688	8.00
59.8893	6.00
59.9097	5.00
59.9302	12.00
59.9507	6.00
59.9711	13.00
59.9916	7.00
60.012	6.00
60.0325	6.00
60.053	7.00
60.0734	8.00
60.0939	6.00
60.1144	9.00
60.1348	4.00
60.1553	6.00
60.1758	11.00
60.1962	8.00
60.2167	3.00
60.2371	12.00
60.2576	7.00
60.2781	5.00
60.2985	8.00
60.319	8.00
60.3395	7.00
60.3599	9.00
60.3804	9.00
60.4008	11.00
60.4213	6.00
60.4418	9.00
60.4622	1.00
60.4827	5.00
60.5032	6.00
60.5236	6.00
60.5441	9.00
60.5646	1.00
60.585	6.00
60.6055	11.00
60.6259	6.00
60.6464	6.00
60.6669	1.00
60.6873	14.00
60.7078	6.00
60.7283	6.00
60.7487	4.00
60.7692	11.00
60.7896	4.00
60.8101	8.00
60.8306	2.00
60.851	7.00
60.8715	10.00
60.892	5.00
60.9124	2.00
60.9329	11.00
60.9534	4.00
60.9738	7.00
60.9943	8.00
61.0147	6.00
61.0352	5.00
61.0557	7.00
61.0761	9.00
61.0966	4.00
61.1171	6.00
61.1375	7.00
61.158	8.00
61.1784	5.00
61.1989	6.00
61.2194	6.00
61.2398	1.00
61.2603	7.00
61.2808	3.00
61.3012	2.00
61.3217	8.00
61.3422	9.00
61.3626	10.00
61.3831	8.00
61.4035	7.00
61.424	10.00
61.4445	9.00
61.4649	7.00
61.4854	3.00
61.5059	7.00
61.5263	7.00
61.5468	6.00
61.5672	8.00
61.5877	10.00
61.6082	10.00
61.6286	7.00
61.6491	5.00
61.6696	6.00
61.69	15.00
61.7105	7.00
61.731	10.00
61.7514	14.00
61.7719	14.00
61.7923	9.00
61.8128	10.00
61.8333	8.00
61.8537	9.00
61.8742	6.00
61.8947	8.00
61.9151	7.00
61.9356	10.00
61.956	9.00
61.9765	6.00
61.997	6.00
62.0174	5.00
62.0379	8.00
62.0584	8.00
62.0788	6.00
62.0993	9.00
62.1198	6.00
62.1402	12.00
62.1607	8.00
62.1811	7.00
62.2016	7.00
62.2221	9.00
62.2425	11.00
62.263	11.00
62.2835	10.00
62.3039	6.00
62.3244	12.00
62.3448	11.00
62.3653	13.00
62.3858	9.00
62.4062	11.00
62.4267	8.00
62.4472	10.00
62.4676	14.00
62.4881	9.00
62.5086	8.00
62.529	9.00
62.5495	17.00
62.5699	14.00
62.5904	14.00
62.6109	26.00
62.6313	16.00
62.6518	14.00
62.6723	32.00
62.6927	26.00
62.7132	26.00
62.7336	15.00
62.7541	31.00
62.7746	35.00
62.795	38.00
62.8155	68.00
62.836	71.00
62.8564	103.00
62.8769	163.00
62.8974	232.00
62.9178	267.00
62.9383	276.00
62.9587	234.00
62.9792	162.00
62.9997	126.00
63.0201	122.00
63.0406	125.00
63.0611	130.00
63.0815	165.00
63.102	183.00
63.1224	134.00
63.1429	143.00
63.1634	79.00
63.1838	63.00
63.2043	55.00
63.2248	43.00
63.2452	36.00
63.2657	31.00
63.2862	20.00
63.3066	27.00
63.3271	24.00
63.3475	26.00
63.368	21.00
63.3885	19.00
63.4089	12.00
63.4294	14.00
63.4499	7.00
63.4703	19.00
63.4908	13.00
63.5112	8.00
63.5317	11.00
63.5522	8.00
63.5726	10.00
63.5931	17.00
63.6136	11.00
63.634	9.00
63.6545	13.00
63.675	12.00
63.6954	11.00
63.7159	10.00
63.7363	8.00
63.7568	10.00
63.7773	16.00
63.7977	8.00
63.8182	10.00
63.8387	7.00
63.8591	11.00
63.8796	8.00
63.9	7.00
63.9205	15.00
63.941	15.00
63.9614	9.00
63.9819	7.00
64.0024	11.00
64.0228	5.00
64.0433	11.00
64.0638	14.00
64.0842	9.00
64.1047	13.00
64.1251	14.00
64.1456	12.00
64.1661	14.00
64.1865	15.00
64.207	20.00
64.2275	12.00
64.2479	23.00
64.2684	21.00
64.2888	25.00
64.3093	37.00
64.3298	28.00
64.3502	32.00
64.3707	33.00
64.3912	61.00
64.4116	71.00
64.4321	98.00
64.4526	135.00
64.473	206.00
64.4935	300.00
64.5139	306.00
64.5344	245.00
64.5549	178.00
64.5753	131.00
64.5958	111.00
64.6163	102.00
64.6367	113.00
64.6572	132.00
64.6776	165.00
64.6981	148.00
64.7186	118.00
64.739	98.00
64.7595	52.00
64.78	47.00
64.8004	38.00
64.8209	29.00
64.8414	25.00
64.8618	27.00
64.8823	20.00
64.9027	18.00
64.9232	9.00
64.9437	18.00
64.9641	13.00
64.9846	13.00
65.0051	10.00
65.0255	8.00
65.046	14.00
65.0664	9.00
65.0869	16.00
65.1074	15.00
65.1278	9.00
65.1483	6.00
65.1688	12.00
65.1892	14.00
65.2097	7.00
65.2302	2.00
65.2506	10.00
65.2711	3.00
65.2915	14.00
65.312	3.00
65.3325	12.00
65.3529	6.00
65.3734	13.00
65.3939	10.00
65.4143	8.00
65.4348	13.00
65.4552	8.00
65.4757	6.00
65.4962	9.00
65.5166	8.00
65.5371	10.00
65.5576	8.00
65.578	8.00
65.5985	11.00
65.619	3.00
65.6394	7.00
65.6599	6.00
65.6803	9.00
65.7008	6.00
65.7213	7.00
65.7417	11.00
65.7622	10.00
65.7827	6.00
65.8031	6.00
65.8236	4.00
65.844	6.00
65.8645	8.00
65.885	6.00
65.9054	6.00
65.9259	6.00
65.9464	9.00
65.9668	3.00
65.9873	7.00
66.0078	10.00
66.0282	4.00
66.0487	5.00
66.0691	9.00
66.0896	4.00
66.1101	7.00
66.1305	9.00
66.151	10.00
66.1715	2.00
66.1919	7.00
66.2124	9.00
66.2328	9.00
66.2533	8.00
66.2738	5.00
66.2942	9.00
66.3147	7.00
66.3352	6.00
66.3556	8.00
66.3761	5.00
66.3966	3.00
66.417	5.00
66.4375	9.00
66.4579	9.00
66.4784	11.00
66.4989	12.00
66.5193	10.00
66.5398	8.00
66.5603	8.00
66.5807	7.00
66.6012	5.00
66.6216	3.00
66.6421	3.00
66.6626	9.00
66.683	9.00
66.7035	13.00
66.724	6.00
66.7444	3.00
66.7649	2.00
66.7854	6.00
66.8058	7.00
66.8263	1.00
66.8467	9.00
66.8672	9.00
66.8877	5.00
66.9081	12.00
66.9286	12.00
66.9491	12.00
66.9695	8.00
66.99	6.00
67.0104	5.00
67.0309	11.00
67.0514	2.00
67.0718	7.00
67.0923	6.00
67.1128	6.00
67.1332	8.00
67.1537	11.00
67.1742	7.00
67.1946	5.00
67.2151	5.00
67.2355	9.00
67.256	7.00
67.2765	6.00
67.2969	5.00
67.3174	4.00
67.3379	6.00
67.3583	7.00
67.3788	11.00
67.3992	4.00
67.4197	9.00
67.4402	8.00
67.4606	1.00
67.4811	9.00
67.5016	5.00
67.522	8.00
67.5425	4.00
67.563	10.00
67.5834	4.00
67.6039	6.00
67.6243	4.00
67.6448	9.00
67.6653	3.00
67.6857	2.00
67.7062	9.00
67.7267	11.00
67.7471	7.00
67.7676	11.00
67.788	5.00
67.8085	6.00
67.829	12.00
67.8494	8.00
67.8699	3.00
67.8904	4.00
67.9108	4.00
67.9313	5.00
67.9518	4.00
67.9722	4.00
67.9927	5.00
68.0131	4.00
68.0336	6.00
68.0541	11.00
68.0745	6.00
68.095	6.00
68.1155	5.00
68.1359	7.00
68.1564	4.00
68.1768	3.00
68.1973	7.00
68.2178	8.00
68.2382	6.00
68.2587	1.00
68.2792	4.00
68.2996	7.00
68.3201	4.00
68.3406	6.00
68.361	10.00
68.3815	5.00
68.4019	7.00
68.4224	9.00
68.4429	4.00
68.4633	7.00
68.4838	3.00
68.5043	6.00
68.5247	7.00
68.5452	6.00
68.5656	11.00
68.5861	9.00
68.6066	8.00
68.627	6.00
68.6475	11.00
68.668	7.00
68.6884	6.00
68.7089	7.00
68.7294	3.00
68.7498	9.00
68.7703	10.00
68.7907	9.00
68.8112	6.00
68.8317	8.00
68.8521	4.00
68.8726	2.00
68.8931	5.00
68.9135	6.00
68.934	4.00
68.9544	13.00
68.9749	1.00
68.9954	7.00
69.0158	5.00
69.0363	3.00
69.0568	9.00
69.0772	6.00
69.0977	7.00
69.1182	5.00
69.1386	9.00
69.1591	10.00
69.1795	5.00
69.2	9.00
69.2205	3.00
69.2409	5.00
69.2614	6.00
69.2819	7.00
69.3023	7.00
69.3228	3.00
69.3432	3.00
69.3637	6.00
69.3842	6.00
69.4046	6.00
69.4251	4.00
69.4456	6.00
69.466	4.00
69.4865	9.00
69.507	6.00
69.5274	7.00
69.5479	2.00
69.5683	6.00
69.5888	4.00
69.6093	5.00
69.6297	5.00
69.6502	7.00
69.6707	6.00
69.6911	10.00
69.7116	9.00
69.732	6.00
69.7525	9.00
69.773	5.00
69.7934	9.00
69.8139	8.00
69.8344	5.00
69.8548	10.00
69.8753	7.00
69.8958	9.00
69.9162	18.00
69.9367	13.00
69.9571	11.00
69.9776	28.00
69.9981	27.00
70.0185	33.00
70.039	24.00
70.0595	23.00
70.0799	16.00
70.1004	18.00
70.1208	18.00
70.1413	16.00
70.1618	16.00
70.1822	14.00
70.2027	14.00
70.2232	16.00
70.2436	14.00
70.2641	7.00
70.2846	8.00
70.305	3.00
70.3255	10.00
70.3459	11.00
70.3664	9.00
70.3869	5.00
70.4073	7.00
70.4278	6.00
70.4483	7.00
70.4687	3.00
70.4892	7.00
70.5096	7.00
70.5301	12.00
70.5506	3.00
70.571	5.00
70.5915	7.00
70.612	8.00
70.6324	9.00
70.6529	6.00
70.6734	5.00
70.6938	3.00
70.7143	9.00
70.7347	8.00
70.7552	8.00
70.7757	5.00
70.7961	7.00
70.8166	4.00
70.8371	1.00
70.8575	5.00
70.878	8.00
70.8984	9.00
70.9189	4.00
70.9394	3.00
70.9598	7.00
70.9803	8.00
71.0008	4.00
71.0212	4.00
71.0417	4.00
71.0622	3.00
71.0826	9.00
71.1031	4.00
71.1235	5.00
71.144	2.00
71.1645	5.00
71.1849	4.00
71.2054	7.00
71.2259	4.00
71.2463	3.00
71.2668	10.00
71.2872	3.00
71.3077	11.00
71.3282	3.00
71.3486	3.00
71.3691	6.00
71.3896	4.00
71.41	6.00
71.4305	8.00
71.451	6.00
71.4714	8.00
71.4919	9.00
71.5123	8.00
71.5328	14.00
71.5533	5.00
71.5737	5.00
71.5942	4.00
71.6147	12.00
71.6351	7.00
71.6556	8.00
71.676	8.00
71.6965	7.00
71.717	8.00
71.7374	10.00
71.7579	5.00
71.7784	5.00
71.7988	11.00
71.8193	11.00
71.8398	6.00
71.8602	9.00
71.8807	12.00
71.9011	5.00
71.9216	8.00
71.9421	7.00
71.9625	10.00
71.983	3.00
72.0035	13.00
72.0239	5.00
72.0444	14.00
72.0648	9.00
72.0853	15.00
72.1058	11.00
72.1262	18.00
72.1467	13.00
72.1672	19.00
72.1876	17.00
72.2081	27.00
72.2285	36.00
72.249	58.00
72.2695	60.00
72.2899	80.00
72.3104	81.00
72.3309	80.00
72.3513	77.00
72.3718	63.00
72.3923	49.00
72.4127	35.00
72.4332	44.00
72.4536	43.00
72.4741	51.00
72.4946	53.00
72.515	48.00
72.5355	52.00
72.556	46.00
72.5764	39.00
72.5969	33.00
72.6173	41.00
72.6378	28.00
72.6583	24.00
72.6787	26.00
72.6992	22.00
72.7197	29.00
72.7401	18.00
72.7606	13.00
72.7811	10.00
72.8015	16.00
72.822	14.00
72.8424	16.00
72.8629	22.00
72.8834	22.00
72.9038	17.00
72.9243	14.00
72.9448	15.00
72.9652	11.00
72.9857	9.00
73.0061	5.00
73.0266	6.00
73.0471	8.00
73.0675	5.00
73.088	4.00
73.1085	6.00
73.1289	11.00
73.1494	4.00
73.1699	7.00
73.1903	8.00
73.2108	5.00
73.2312	10.00
73.2517	7.00
73.2722	7.00
73.2926	7.00
73.3131	8.00
73.3336	3.00
73.354	8.00
73.3745	3.00
73.3949	9.00
73.4154	5.00
73.4359	8.00
73.4563	8.00
73.4768	9.00
73.4973	6.00
73.5177	7.00
73.5382	5.00
73.5587	6.00
73.5791	7.00
73.5996	8.00
73.62	6.00
73.6405	9.00
73.661	9.00
73.6814	0.00
73.7019	5.00
73.7224	10.00
73.7428	5.00
73.7633	2.00
73.7837	6.00
73.8042	2.00
73.8247	6.00
73.8451	8.00
73.8656	11.00
73.8861	4.00
73.9065	4.00
73.927	7.00
73.9475	4.00
73.9679	2.00
73.9884	3.00
74.0088	6.00
74.0293	5.00
74.0498	5.00
74.0702	5.00
74.0907	5.00
74.1112	6.00
74.1316	4.00
74.1521	4.00
74.1725	3.00
74.193	5.00
74.2135	3.00
74.2339	7.00
74.2544	7.00
74.2749	7.00
74.2953	5.00
74.3158	5.00
74.3363	5.00
74.3567	6.00
74.3772	9.00
74.3976	2.00
74.4181	5.00
74.4386	8.00
74.459	9.00
74.4795	6.00
74.5	8.00
74.5204	12.00
74.5409	5.00
74.5613	7.00
74.5818	10.00
74.6023	5.00
74.6227	2.00
74.6432	7.00
74.6637	9.00
74.6841	15.00
74.7046	7.00
74.7251	6.00
74.7455	8.00
74.766	2.00
74.7864	5.00
74.8069	5.00
74.8274	4.00
74.8478	8.00
74.8683	5.00
74.8888	6.00
74.9092	4.00
74.9297	7.00
74.9501	1.00
74.9706	4.00
74.9911	6.00
75.0115	7.00
75.032	7.00
75.0525	3.00
75.0729	8.00
75.0934	3.00
75.1139	4.00
75.1343	3.00
75.1548	7.00
75.1752	9.00
75.1957	7.00
75.2162	4.00
75.2366	5.00
75.2571	9.00
75.2776	3.00
75.298	5.00
75.3185	5.00
75.3389	11.00
75.3594	7.00
75.3799	3.00
75.4003	4.00
75.4208	3.00
75.4413	3.00
75.4617	12.00
75.4822	7.00
75.5027	8.00
75.5231	12.00
75.5436	9.00
75.564	7.00
75.5845	7.00
75.605	9.00
75.6254	10.00
75.6459	6.00
75.6664	6.00
75.6868	9.00
75.7073	7.00
75.7277	9.00
75.7482	7.00
75.7687	14.00
75.7891	17.00
75.8096	16.00
75.8301	24.00
75.8505	31.00
75.871	45.00
75.8915	42.00
75.9119	57.00
75.9324	58.00
75.9528	54.00
75.9733	36.00
75.9938	25.00
76.0142	18.00
76.0347	20.00
76.0552	24.00
76.0756	23.00
76.0961	22.00
76.1165	27.00
76.137	30.00
76.1575	32.00
76.1779	39.00
76.1984	25.00
76.2189	18.00
76.2393	13.00
76.2598	11.00
76.2803	5.00
76.3007	6.00
76.3212	4.00
76.3416	13.00
76.3621	6.00
76.3826	8.00
76.403	3.00
76.4235	5.00
76.444	6.00
76.4644	3.00
76.4849	4.00
76.5053	3.00
76.5258	5.00
76.5463	13.00
76.5667	3.00
76.5872	1.00
76.6077	7.00
76.6281	4.00
76.6486	2.00
76.6691	7.00
76.6895	9.00
76.71	5.00
76.7304	9.00
76.7509	9.00
76.7714	6.00
76.7918	8.00
76.8123	11.00
76.8328	8.00
76.8532	5.00
76.8737	7.00
76.8941	5.00
76.9146	1.00
76.9351	4.00
76.9555	2.00
76.976	5.00
76.9965	4.00
77.0169	10.00
77.0374	4.00
77.0579	8.00
77.0783	9.00
77.0988	6.00
77.1192	8.00
77.1397	5.00
77.1602	5.00
77.1806	4.00
77.2011	9.00
77.2216	7.00
77.242	7.00
77.2625	3.00
77.2829	4.00
77.3034	10.00
77.3239	3.00
77.3443	2.00
77.3648	9.00
77.3853	4.00
77.4057	8.00
77.4262	4.00
77.4467	4.00
77.4671	8.00
77.4876	10.00
77.508	2.00
77.5285	4.00
77.549	4.00
77.5694	5.00
77.5899	5.00
77.6104	4.00
77.6308	5.00
77.6513	7.00
77.6717	6.00
77.6922	7.00
77.7127	2.00
77.7331	1.00
77.7536	5.00
77.7741	7.00
77.7945	4.00
77.815	11.00
77.8355	5.00
77.8559	2.00
77.8764	7.00
77.8968	3.00
77.9173	9.00
77.9378	7.00
77.9582	6.00
77.9787	7.00
77.9992	4.00
78.0196	5.00
78.0401	15.00
78.0605	8.00
78.081	15.00
78.1015	26.00
78.1219	16.00
78.1424	25.00
78.1629	14.00
78.1833	17.00
78.2038	17.00
78.2243	13.00
78.2447	11.00
78.2652	9.00
78.2856	17.00
78.3061	9.00
78.3266	10.00
78.347	14.00
78.3675	14.00
78.388	9.00
78.4084	15.00
78.4289	9.00
78.4493	12.00
78.4698	14.00
78.4903	6.00
78.5107	7.00
78.5312	7.00
78.5517	7.00
78.5721	4.00
78.5926	1.00
78.6131	8.00
78.6335	6.00
78.654	5.00
78.6744	3.00
78.6949	4.00
78.7154	5.00
78.7358	7.00
78.7563	3.00
78.7768	5.00
78.7972	6.00
78.8177	4.00
78.8381	4.00
78.8586	7.00
78.8791	4.00
78.8995	11.00
78.92	3.00
78.9405	8.00
78.9609	8.00
78.9814	5.00
79.0019	8.00
79.0223	7.00
79.0428	6.00
79.0632	4.00
79.0837	4.00
79.1042	10.00
79.1246	5.00
79.1451	7.00
79.1656	16.00
79.186	7.00
79.2065	14.00
79.2269	12.00
79.2474	13.00
79.2679	13.00
79.2883	7.00
79.3088	10.00
79.3293	6.00
79.3497	11.00
79.3702	10.00
79.3907	5.00
79.4111	8.00
79.4316	8.00
79.452	11.00
79.4725	4.00
79.493	10.00
79.5134	7.00
79.5339	8.00
79.5544	6.00
79.5748	8.00
79.5953	4.00
79.6157	7.00
79.6362	5.00
79.6567	4.00
79.6771	5.00
79.6976	5.00
79.7181	4.00
79.7385	2.00
79.759	2.00
79.7795	5.00
79.7999	2.00
79.8204	6.00
79.8408	3.00
79.8613	5.00
79.8818	4.00
79.9022	2.00
79.9227	4.00
79.9432	5.00
79.9636	5.00
79.9841	6.00
80.0045	6.00
