COMMANDER Sample ID
Wavelength = 1.54059
10.0001	412.00
10.0206	388.00
10.041	405.00
10.0615	378.00
10.082	387.00
10.1024	379.00
10.1229	403.00
10.1433	407.00
10.1638	401.00
10.1843	424.00
10.2047	391.00
10.2252	393.00
10.2457	377.00
10.2661	376.00
10.2866	376.00
10.3071	372.00
10.3275	372.00
10.348	415.00
10.3684	415.00
10.3889	402.00
10.4094	360.00
10.4298	369.00
10.4503	387.00
10.4708	343.00
10.4912	379.00
10.5117	382.00
10.5321	365.00
10.5526	365.00
10.5731	353.00
10.5935	387.00
10.614	357.00
10.6345	324.00
10.6549	339.00
10.6754	385.00
10.6959	355.00
10.7163	352.00
10.7368	332.00
10.7572	347.00
10.7777	342.00
10.7982	342.00
10.8186	379.00
10.8391	360.00
10.8596	357.00
10.88	345.00
10.9005	341.00
10.9209	348.00
10.9414	322.00
10.9619	348.00
10.9823	345.00
11.0028	312.00
11.0233	355.00
11.0437	336.00
11.0642	336.00
11.0847	327.00
11.1051	372.00
11.1256	313.00
11.146	364.00
11.1665	345.00
11.187	320.00
11.2074	315.00
11.2279	322.00
11.2484	323.00
11.2688	309.00
11.2893	345.00
11.3097	331.00
11.3302	310.00
11.3507	310.00
11.3711	319.00
11.3916	297.00
11.4121	303.00
11.4325	300.00
11.453	337.00
11.4735	322.00
11.4939	318.00
11.5144	333.00
11.5348	348.00
11.5553	329.00
11.5758	331.00
11.5962	308.00
11.6167	309.00
11.6372	286.00
11.6576	317.00
11.6781	295.00
11.6985	291.00
11.719	316.00
11.7395	300.00
11.7599	306.00
11.7804	304.00
11.8009	305.00
11.8213	276.00
11.8418	316.00
11.8623	313.00
11.8827	288.00
11.9032	275.00
11.9236	306.00
11.9441	319.00
11.9646	303.00
11.985	315.00
12.0055	299.00
12.026	288.00
12.0464	286.00
12.0669	289.00
12.0873	292.00
12.1078	288.00
12.1283	291.00
12.1487	292.00
12.1692	303.00
12.1897	293.00
12.2101	286.00
12.2306	277.00
12.2511	292.00
12.2715	284.00
12.292	277.00
12.3124	292.00
12.3329	276.00
12.3534	269.00
12.3738	279.00
12.3943	286.00
12.4148	273.00
12.4352	269.00
12.4557	295.00
12.4761	251.00
12.4966	305.00
12.5171	252.00
12.5375	264.00
12.558	282.00
12.5785	269.00
12.5989	255.00
12.6194	277.00
12.6399	262.00
12.6603	267.00
12.6808	298.00
12.7012	279.00
12.7217	270.00
12.7422	272.00
12.7626	280.00
12.7831	259.00
12.8036	232.00
12.824	248.00
12.8445	257.00
12.8649	263.00
12.8854	252.00
12.9059	267.00
12.9263	234.00
12.9468	271.00
12.9673	263.00
12.9877	266.00
13.0082	280.00
13.0287	270.00
13.0491	250.00
13.0696	255.00
13.09	278.00
13.1105	264.00
13.131	226.00
13.1514	262.00
13.1719	273.00
13.1924	262.00
13.2128	281.00
13.2333	259.00
13.2537	299.00
13.2742	250.00
13.2947	300.00
13.3151	270.00
13.3356	278.00
13.3561	288.00
13.3765	239.00
13.397	292.00
13.4175	275.00
13.4379	303.00
13.4584	269.00
13.4788	256.00
13.4993	226.00
13.5198	302.00
13.5402	266.00
13.5607	260.00
13.5812	271.00
13.6016	253.00
13.6221	242.00
13.6425	278.00
13.663	266.00
13.6835	248.00
13.7039	276.00
13.7244	249.00
13.7449	265.00
13.7653	254.00
13.7858	251.00
13.8063	260.00
13.8267	246.00
13.8472	259.00
13.8676	255.00
13.8881	257.00
13.9086	252.00
13.929	258.00
13.9495	276.00
13.97	242.00
13.9904	267.00
14.0109	262.00
14.0313	233.00
14.0518	272.00
14.0723	254.00
14.0927	231.00
14.1132	263.00
14.1337	281.00
14.1541	254.00
14.1746	246.00
14.1951	222.00
14.2155	233.00
14.236	213.00
14.2564	194.00
14.2769	252.00
14.2974	244.00
14.3178	212.00
14.3383	216.00
14.3588	220.00
14.3792	234.00
14.3997	228.00
14.4201	201.00
14.4406	187.00
14.4611	207.00
14.4815	213.00
14.502	226.00
14.5225	217.00
14.5429	185.00
14.5634	207.00
14.5839	206.00
14.6043	212.00
14.6248	201.00
14.6452	215.00
14.6657	210.00
14.6862	230.00
14.7066	202.00
14.7271	207.00
14.7476	206.00
14.768	206.00
14.7885	200.00
14.8089	211.00
14.8294	232.00
14.8499	193.00
14.8703	182.00
14.8908	178.00
14.9113	191.00
14.9317	228.00
14.9522	189.00
14.9727	181.00
14.9931	198.00
15.0136	217.00
15.034	200.00
15.0545	207.00
15.075	198.00
15.0954	176.00
15.1159	196.00
15.1364	198.00
15.1568	184.00
15.1773	186.00
15.1977	214.00
15.2182	192.00
15.2387	184.00
15.2591	195.00
15.2796	182.00
15.3001	179.00
15.3205	185.00
15.341	180.00
15.3615	214.00
15.3819	182.00
15.4024	201.00
15.4228	191.00
15.4433	166.00
15.4638	200.00
15.4842	201.00
15.5047	201.00
15.5252	157.00
15.5456	189.00
15.5661	157.00
15.5865	164.00
15.607	159.00
15.6275	195.00
15.6479	184.00
15.6684	187.00
15.6889	162.00
15.7093	160.00
15.7298	181.00
15.7503	199.00
15.7707	179.00
15.7912	190.00
15.8116	182.00
15.8321	186.00
15.8526	182.00
15.873	172.00
15.8935	169.00
15.914	188.00
15.9344	185.00
15.9549	155.00
15.9753	159.00
15.9958	151.00
16.0163	155.00
16.0367	198.00
16.0572	168.00
16.0777	152.00
16.0981	158.00
16.1186	163.00
16.1391	169.00
16.1595	180.00
16.18	137.00
16.2004	169.00
16.2209	184.00
16.2414	148.00
16.2618	190.00
16.2823	149.00
16.3028	171.00
16.3232	160.00
16.3437	165.00
16.3641	169.00
16.3846	165.00
16.4051	163.00
16.4255	166.00
16.446	166.00
16.4665	147.00
16.4869	176.00
16.5074	173.00
16.5279	184.00
16.5483	169.00
16.5688	155.00
16.5892	150.00
16.6097	169.00
16.6302	166.00
16.6506	168.00
16.6711	173.00
16.6916	140.00
16.712	155.00
16.7325	151.00
16.7529	186.00
16.7734	170.00
16.7939	175.00
16.8143	155.00
16.8348	154.00
16.8553	166.00
16.8757	149.00
16.8962	170.00
16.9167	170.00
16.9371	168.00
16.9576	165.00
16.978	155.00
16.9985	151.00
17.019	151.00
17.0394	169.00
17.0599	164.00
17.0804	151.00
17.1008	173.00
17.1213	148.00
17.1417	156.00
17.1622	166.00
17.1827	157.00
17.2031	141.00
17.2236	161.00
17.2441	155.00
17.2645	141.00
17.285	159.00
17.3055	164.00
17.3259	180.00
17.3464	159.00
17.3668	170.00
17.3873	179.00
17.4078	163.00
17.4282	143.00
17.4487	164.00
17.4692	156.00
17.4896	146.00
17.5101	170.00
17.5305	175.00
17.551	161.00
17.5715	147.00
17.5919	157.00
17.6124	156.00
17.6329	156.00
17.6533	153.00
17.6738	185.00
17.6943	155.00
17.7147	137.00
17.7352	150.00
17.7556	144.00
17.7761	165.00
17.7966	138.00
17.817	163.00
17.8375	158.00
17.858	156.00
17.8784	137.00
17.8989	178.00
17.9193	138.00
17.9398	169.00
17.9603	144.00
17.9807	158.00
18.0012	151.00
18.0217	160.00
18.0421	174.00
18.0626	138.00
18.0831	131.00
18.1035	163.00
18.124	162.00
18.1444	147.00
18.1649	130.00
18.1854	162.00
18.2058	170.00
18.2263	146.00
18.2468	162.00
18.2672	138.00
18.2877	157.00
18.3081	147.00
18.3286	134.00
18.3491	143.00
18.3695	132.00
18.39	146.00
18.4105	140.00
18.4309	145.00
18.4514	147.00
18.4719	154.00
18.4923	151.00
18.5128	138.00
18.5332	116.00
18.5537	137.00
18.5742	148.00
18.5946	150.00
18.6151	115.00
18.6356	153.00
18.656	154.00
18.6765	146.00
18.6969	138.00
18.7174	132.00
18.7379	119.00
18.7583	138.00
18.7788	163.00
18.7993	144.00
18.8197	152.00
18.8402	128.00
18.8606	152.00
18.8811	148.00
18.9016	135.00
18.922	132.00
18.9425	117.00
18.963	127.00
18.9834	112.00
19.0039	125.00
19.0244	145.00
19.0448	143.00
19.0653	123.00
19.0857	138.00
19.1062	133.00
19.1267	137.00
19.1471	116.00
19.1676	138.00
19.1881	124.00
19.2085	121.00
19.229	135.00
19.2494	126.00
19.2699	126.00
19.2904	120.00
19.3108	132.00
19.3313	137.00
19.3518	125.00
19.3722	124.00
19.3927	128.00
19.4132	119.00
19.4336	142.00
19.4541	122.00
19.4745	119.00
19.495	125.00
19.5155	110.00
19.5359	110.00
19.5564	115.00
19.5769	119.00
19.5973	131.00
19.6178	141.00
19.6382	105.00
19.6587	136.00
19.6792	108.00
19.6996	129.00
19.7201	109.00
19.7406	117.00
19.761	105.00
19.7815	137.00
19.802	120.00
19.8224	114.00
19.8429	115.00
19.8633	121.00
19.8838	118.00
19.9043	122.00
19.9247	123.00
19.9452	120.00
19.9657	131.00
19.9861	132.00
20.0066	113.00
20.027	129.00
20.0475	131.00
20.068	108.00
20.0884	113.00
20.1089	128.00
20.1294	91.00
20.1498	118.00
20.1703	131.00
20.1908	115.00
20.2112	120.00
20.2317	131.00
20.2521	112.00
20.2726	115.00
20.2931	114.00
20.3135	121.00
20.334	125.00
20.3545	115.00
20.3749	119.00
20.3954	112.00
20.4158	117.00
20.4363	105.00
20.4568	120.00
20.4772	120.00
20.4977	125.00
20.5182	111.00
20.5386	99.00
20.5591	125.00
20.5796	109.00
20.6	134.00
20.6205	112.00
20.6409	104.00
20.6614	107.00
20.6819	106.00
20.7023	110.00
20.7228	108.00
20.7433	112.00
20.7637	100.00
20.7842	118.00
20.8046	85.00
20.8251	120.00
20.8456	97.00
20.866	115.00
20.8865	103.00
20.907	108.00
20.9274	113.00
20.9479	111.00
20.9684	92.00
20.9888	113.00
21.0093	103.00
21.0297	101.00
21.0502	122.00
21.0707	109.00
21.0911	97.00
21.1116	111.00
21.1321	96.00
21.1525	108.00
21.173	108.00
21.1934	97.00
21.2139	95.00
21.2344	89.00
21.2548	94.00
21.2753	102.00
21.2958	96.00
21.3162	97.00
21.3367	92.00
21.3572	106.00
21.3776	115.00
21.3981	112.00
21.4185	77.00
21.439	90.00
21.4595	87.00
21.4799	106.00
21.5004	106.00
21.5209	94.00
21.5413	108.00
21.5618	108.00
21.5822	104.00
21.6027	106.00
21.6232	113.00
21.6436	113.00
21.6641	110.00
21.6846	112.00
21.705	104.00
21.7255	84.00
21.746	114.00
21.7664	98.00
21.7869	90.00
21.8073	97.00
21.8278	79.00
21.8483	109.00
21.8687	98.00
21.8892	102.00
21.9097	90.00
21.9301	89.00
21.9506	94.00
21.971	97.00
21.9915	80.00
22.012	93.00
22.0324	105.00
22.0529	89.00
22.0734	101.00
22.0938	90.00
22.1143	72.00
22.1348	95.00
22.1552	89.00
22.1757	104.00
22.1961	94.00
22.2166	106.00
22.2371	90.00
22.2575	84.00
22.278	88.00
22.2985	86.00
22.3189	102.00
22.3394	91.00
22.3598	84.00
22.3803	90.00
22.4008	112.00
22.4212	83.00
22.4417	70.00
22.4622	97.00
22.4826	103.00
22.5031	84.00
22.5236	81.00
22.544	102.00
22.5645	85.00
22.5849	79.00
22.6054	101.00
22.6259	83.00
22.6463	92.00
22.6668	94.00
22.6873	96.00
22.7077	104.00
22.7282	72.00
22.7486	92.00
22.7691	81.00
22.7896	87.00
22.81	86.00
22.8305	87.00
22.851	98.00
22.8714	83.00
22.8919	69.00
22.9124	86.00
22.9328	80.00
22.9533	85.00
22.9737	86.00
22.9942	68.00
23.0147	83.00
23.0351	105.00
23.0556	79.00
23.0761	89.00
23.0965	79.00
23.117	88.00
23.1374	89.00
23.1579	90.00
23.1784	82.00
23.1988	76.00
23.2193	74.00
23.2398	80.00
23.2602	98.00
23.2807	90.00
23.3012	81.00
23.3216	88.00
23.3421	96.00
23.3625	91.00
23.383	71.00
23.4035	81.00
23.4239	88.00
23.4444	88.00
23.4649	101.00
23.4853	78.00
23.5058	82.00
23.5262	90.00
23.5467	85.00
23.5672	80.00
23.5876	92.00
23.6081	78.00
23.6286	69.00
23.649	79.00
23.6695	90.00
23.69	79.00
23.7104	90.00
23.7309	92.00
23.7513	88.00
23.7718	88.00
23.7923	88.00
23.8127	85.00
23.8332	90.00
23.8537	80.00
23.8741	71.00
23.8946	77.00
23.915	73.00
23.9355	83.00
23.956	65.00
23.9764	77.00
23.9969	95.00
24.0174	72.00
24.0378	73.00
24.0583	90.00
24.0788	88.00
24.0992	86.00
24.1197	85.00
24.1401	71.00
24.1606	79.00
24.1811	72.00
24.2015	82.00
24.222	83.00
24.2425	75.00
24.2629	83.00
24.2834	64.00
24.3038	84.00
24.3243	84.00
24.3448	93.00
24.3652	85.00
24.3857	69.00
24.4062	114.00
24.4266	134.00
24.4471	143.00
24.4676	213.00
24.488	226.00
24.5085	336.00
24.5289	356.00
24.5494	364.00
24.5699	298.00
24.5903	279.00
24.6108	198.00
24.6313	177.00
24.6517	151.00
24.6722	126.00
24.6926	115.00
24.7131	91.00
24.7336	84.00
24.754	98.00
24.7745	68.00
24.795	81.00
24.8154	73.00
24.8359	90.00
24.8564	89.00
24.8768	78.00
24.8973	74.00
24.9177	72.00
24.9382	79.00
24.9587	59.00
24.9791	89.00
24.9996	59.00
25.0201	74.00
25.0405	77.00
25.061	79.00
25.0814	54.00
25.1019	64.00
25.1224	53.00
25.1428	54.00
25.1633	67.00
25.1838	73.00
25.2042	60.00
25.2247	67.00
25.2452	80.00
25.2656	62.00
25.2861	69.00
25.3065	66.00
25.327	59.00
25.3475	55.00
25.3679	65.00
25.3884	69.00
25.4089	62.00
25.4293	63.00
25.4498	76.00
25.4702	68.00
25.4907	59.00
25.5112	64.00
25.5316	63.00
25.5521	62.00
25.5726	71.00
25.593	68.00
25.6135	77.00
25.634	62.00
25.6544	55.00
25.6749	60.00
25.6953	62.00
25.7158	59.00
25.7363	54.00
25.7567	50.00
25.7772	61.00
25.7977	54.00
25.8181	56.00
25.8386	52.00
25.859	69.00
25.8795	61.00
25.9	72.00
25.9204	71.00
25.9409	74.00
25.9614	58.00
25.9818	68.00
26.0023	62.00
26.0228	70.00
26.0432	62.00
26.0637	59.00
26.0841	57.00
26.1046	57.00
26.1251	57.00
26.1455	57.00
26.166	49.00
26.1865	53.00
26.2069	46.00
26.2274	62.00
26.2478	46.00
26.2683	50.00
26.2888	63.00
26.3092	56.00
26.3297	61.00
26.3502	68.00
26.3706	79.00
26.3911	63.00
26.4116	51.00
26.432	50.00
26.4525	70.00
26.4729	46.00
26.4934	51.00
26.5139	63.00
26.5343	57.00
26.5548	55.00
26.5753	44.00
26.5957	51.00
26.6162	54.00
26.6366	55.00
26.6571	44.00
26.6776	48.00
26.698	67.00
26.7185	55.00
26.739	50.00
26.7594	60.00
26.7799	71.00
26.8004	59.00
26.8208	42.00
26.8413	41.00
26.8617	56.00
26.8822	57.00
26.9027	43.00
26.9231	52.00
26.9436	51.00
26.9641	49.00
26.9845	55.00
27.005	61.00
27.0254	43.00
27.0459	45.00
27.0664	40.00
27.0868	64.00
27.1073	47.00
27.1278	44.00
27.1482	42.00
27.1687	50.00
27.1892	54.00
27.2096	48.00
27.2301	36.00
27.2505	52.00
27.271	55.00
27.2915	67.00
27.3119	45.00
27.3324	55.00
27.3529	51.00
27.3733	44.00
27.3938	44.00
27.4142	48.00
27.4347	52.00
27.4552	39.00
27.4756	46.00
27.4961	43.00
27.5166	51.00
27.537	47.00
27.5575	36.00
27.578	38.00
27.5984	63.00
27.6189	52.00
27.6393	42.00
27.6598	46.00
27.6803	55.00
27.7007	41.00
27.7212	43.00
27.7417	36.00
27.7621	46.00
27.7826	42.00
27.803	57.00
27.8235	49.00
27.844	48.00
27.8644	57.00
27.8849	41.00
27.9054	38.00
27.9258	48.00
27.9463	38.00
27.9668	49.00
27.9872	32.00
28.0077	47.00
28.0281	42.00
28.0486	46.00
28.0691	40.00
28.0895	39.00
28.11	41.00
28.1305	40.00
28.1509	44.00
28.1714	44.00
28.1918	46.00
28.2123	38.00
28.2328	51.00
28.2532	52.00
28.2737	47.00
28.2942	38.00
28.3146	46.00
28.3351	44.00
28.3556	39.00
28.376	38.00
28.3965	43.00
28.4169	60.00
28.4374	36.00
28.4579	47.00
28.4783	38.00
28.4988	54.00
28.5193	33.00
28.5397	30.00
28.5602	32.00
28.5806	44.00
28.6011	37.00
28.6216	49.00
28.642	38.00
28.6625	49.00
28.683	39.00
28.7034	52.00
28.7239	42.00
28.7444	43.00
28.7648	36.00
28.7853	41.00
28.8057	41.00
28.8262	36.00
28.8467	37.00
28.8671	48.00
28.8876	47.00
28.9081	42.00
28.9285	33.00
28.949	53.00
28.9694	38.00
28.9899	32.00
29.0104	39.00
29.0308	35.00
29.0513	41.00
29.0718	44.00
29.0922	44.00
29.1127	35.00
29.1332	44.00
29.1536	38.00
29.1741	41.00
29.1945	37.00
29.215	33.00
29.2355	39.00
29.2559	25.00
29.2764	47.00
29.2969	29.00
29.3173	30.00
29.3378	30.00
29.3582	37.00
29.3787	39.00
29.3992	38.00
29.4196	46.00
29.4401	39.00
29.4606	21.00
29.481	25.00
29.5015	38.00
29.522	29.00
29.5424	33.00
29.5629	42.00
29.5833	31.00
29.6038	29.00
29.6243	28.00
29.6447	35.00
29.6652	37.00
29.6857	38.00
29.7061	49.00
29.7266	48.00
29.747	30.00
29.7675	44.00
29.788	38.00
29.8084	35.00
29.8289	32.00
29.8494	30.00
29.8698	49.00
29.8903	36.00
29.9108	34.00
29.9312	32.00
29.9517	33.00
29.9721	31.00
29.9926	36.00
30.0131	33.00
30.0335	35.00
30.054	35.00
30.0745	30.00
30.0949	40.00
30.1154	17.00
30.1358	30.00
30.1563	29.00
30.1768	32.00
30.1972	36.00
30.2177	34.00
30.2382	45.00
30.2586	39.00
30.2791	41.00
30.2996	41.00
30.32	30.00
30.3405	37.00
30.3609	38.00
30.3814	42.00
30.4019	38.00
30.4223	38.00
30.4428	43.00
30.4633	42.00
30.4837	47.00
30.5042	35.00
30.5246	51.00
30.5451	24.00
30.5656	42.00
30.586	34.00
30.6065	45.00
30.627	25.00
30.6474	35.00
30.6679	30.00
30.6884	32.00
30.7088	23.00
30.7293	41.00
30.7497	35.00
30.7702	26.00
30.7907	32.00
30.8111	29.00
30.8316	34.00
30.8521	20.00
30.8725	28.00
30.893	34.00
30.9134	31.00
30.9339	42.00
30.9544	27.00
30.9748	44.00
30.9953	29.00
31.0158	22.00
31.0362	38.00
31.0567	35.00
31.0772	31.00
31.0976	44.00
31.1181	31.00
31.1385	32.00
31.159	22.00
31.1795	29.00
31.1999	28.00
31.2204	30.00
31.2409	33.00
31.2613	30.00
31.2818	24.00
31.3022	35.00
31.3227	34.00
31.3432	34.00
31.3636	21.00
31.3841	36.00
31.4046	29.00
31.425	26.00
31.4455	45.00
31.466	37.00
31.4864	34.00
31.5069	31.00
31.5273	19.00
31.5478	20.00
31.5683	33.00
31.5887	21.00
31.6092	33.00
31.6297	40.00
31.6501	30.00
31.6706	34.00
31.691	41.00
31.7115	29.00
31.732	30.00
31.7524	35.00
31.7729	36.00
31.7934	36.00
31.8138	29.00
31.8343	28.00
31.8548	33.00
31.8752	27.00
31.8957	37.00
31.9161	37.00
31.9366	29.00
31.9571	31.00
31.9775	31.00
31.998	35.00
32.0185	34.00
32.0389	21.00
32.0594	29.00
32.0798	29.00
32.1003	35.00
32.1208	24.00
32.1412	28.00
32.1617	31.00
32.1822	28.00
32.2026	24.00
32.2231	28.00
32.2436	42.00
32.264	21.00
32.2845	30.00
32.3049	31.00
32.3254	34.00
32.3459	26.00
32.3663	33.00
32.3868	27.00
32.4073	30.00
32.4277	25.00
32.4482	32.00
32.4686	31.00
32.4891	41.00
32.5096	32.00
32.53	25.00
32.5505	36.00
32.571	27.00
32.5914	34.00
32.6119	39.00
32.6324	33.00
32.6528	26.00
32.6733	40.00
32.6937	29.00
32.7142	39.00
32.7347	32.00
32.7551	27.00
32.7756	39.00
32.7961	34.00
32.8165	28.00
32.837	32.00
32.8574	30.00
32.8779	39.00
32.8984	30.00
32.9188	35.00
32.9393	33.00
32.9598	38.00
32.9802	35.00
33.0007	49.00
33.0212	39.00
33.0416	34.00
33.0621	36.00
33.0825	41.00
33.103	34.00
33.1235	33.00
33.1439	40.00
33.1644	49.00
33.1849	32.00
33.2053	42.00
33.2258	51.00
33.2462	63.00
33.2667	52.00
33.2872	59.00
33.3076	72.00
33.3281	79.00
33.3486	88.00
33.369	122.00
33.3895	128.00
33.41	161.00
33.4304	236.00
33.4509	376.00
33.4713	571.00
33.4918	856.00
33.5123	984.00
33.5327	945.00
33.5532	809.00
33.5737	785.00
33.5941	658.00
33.6146	584.00
33.635	454.00
33.6555	283.00
33.676	251.00
33.6964	151.00
33.7169	129.00
33.7374	109.00
33.7578	94.00
33.7783	97.00
33.7988	76.00
33.8192	65.00
33.8397	68.00
33.8601	46.00
33.8806	46.00
33.9011	52.00
33.9215	42.00
33.942	54.00
33.9625	42.00
33.9829	40.00
34.0034	44.00
34.0238	42.00
34.0443	30.00
34.0648	43.00
34.0852	33.00
34.1057	36.00
34.1262	35.00
34.1466	27.00
34.1671	35.00
34.1876	31.00
34.208	22.00
34.2285	36.00
34.2489	40.00
34.2694	40.00
34.2899	26.00
34.3103	49.00
34.3308	25.00
34.3513	29.00
34.3717	33.00
34.3922	19.00
34.4126	30.00
34.4331	28.00
34.4536	29.00
34.474	27.00
34.4945	44.00
34.515	40.00
34.5354	32.00
34.5559	28.00
34.5764	36.00
34.5968	26.00
34.6173	27.00
34.6377	36.00
34.6582	39.00
34.6787	32.00
34.6991	25.00
34.7196	40.00
34.7401	30.00
34.7605	37.00
34.781	39.00
34.8014	36.00
34.8219	32.00
34.8424	29.00
34.8628	33.00
34.8833	24.00
34.9038	29.00
34.9242	27.00
34.9447	32.00
34.9652	24.00
34.9856	27.00
35.0061	36.00
35.0265	27.00
35.047	20.00
35.0675	25.00
35.0879	32.00
35.1084	24.00
35.1289	20.00
35.1493	28.00
35.1698	39.00
35.1902	29.00
35.2107	30.00
35.2312	32.00
35.2516	27.00
35.2721	27.00
35.2926	31.00
35.313	29.00
35.3335	21.00
35.354	26.00
35.3744	35.00
35.3949	23.00
35.4153	45.00
35.4358	29.00
35.4563	25.00
35.4767	29.00
35.4972	25.00
35.5177	27.00
35.5381	32.00
35.5586	46.00
35.579	26.00
35.5995	27.00
35.62	25.00
35.6404	32.00
35.6609	36.00
35.6814	47.00
35.7018	46.00
35.7223	45.00
35.7428	40.00
35.7632	61.00
35.7837	74.00
35.8041	93.00
35.8246	91.00
35.8451	95.00
35.8655	111.00
35.886	130.00
35.9065	146.00
35.9269	167.00
35.9474	240.00
35.9678	374.00
35.9883	557.00
36.0088	743.00
36.0292	767.00
36.0497	612.00
36.0702	489.00
36.0906	479.00
36.1111	428.00
36.1316	408.00
36.152	273.00
36.1725	188.00
36.1929	106.00
36.2134	94.00
36.2339	86.00
36.2543	64.00
36.2748	64.00
36.2953	61.00
36.3157	42.00
36.3362	37.00
36.3566	32.00
36.3771	34.00
36.3976	39.00
36.418	47.00
36.4385	35.00
36.459	37.00
36.4794	27.00
36.4999	30.00
36.5203	40.00
36.5408	27.00
36.5613	27.00
36.5817	23.00
36.6022	27.00
36.6227	34.00
36.6431	32.00
36.6636	38.00
36.6841	20.00
36.7045	25.00
36.725	26.00
36.7454	26.00
36.7659	14.00
36.7864	33.00
36.8068	35.00
36.8273	28.00
36.8478	22.00
36.8682	36.00
36.8887	21.00
36.9091	25.00
36.9296	23.00
36.9501	31.00
36.9705	36.00
36.991	35.00
37.0115	21.00
37.0319	24.00
37.0524	30.00
37.0729	23.00
37.0933	23.00
37.1138	29.00
37.1342	25.00
37.1547	21.00
37.1752	26.00
37.1956	28.00
37.2161	25.00
37.2366	31.00
37.257	21.00
37.2775	24.00
37.2979	23.00
37.3184	22.00
37.3389	23.00
37.3593	19.00
37.3798	24.00
37.4003	19.00
37.4207	18.00
37.4412	28.00
37.4617	27.00
37.4821	26.00
37.5026	32.00
37.523	20.00
37.5435	25.00
37.564	23.00
37.5844	17.00
37.6049	26.00
37.6254	26.00
37.6458	17.00
37.6663	23.00
37.6867	18.00
37.7072	25.00
37.7277	19.00
37.7481	24.00
37.7686	22.00
37.7891	21.00
37.8095	14.00
37.83	18.00
37.8505	21.00
37.8709	31.00
37.8914	23.00
37.9118	22.00
37.9323	18.00
37.9528	13.00
37.9732	24.00
37.9937	17.00
38.0142	17.00
38.0346	26.00
38.0551	18.00
38.0755	16.00
38.096	18.00
38.1165	21.00
38.1369	18.00
38.1574	25.00
38.1779	22.00
38.1983	18.00
38.2188	22.00
38.2393	16.00
38.2597	27.00
38.2802	22.00
38.3006	15.00
38.3211	16.00
38.3416	19.00
38.362	26.00
38.3825	20.00
38.403	16.00
38.4234	17.00
38.4439	18.00
38.4643	28.00
38.4848	8.00
38.5053	18.00
38.5257	17.00
38.5462	25.00
38.5667	14.00
38.5871	21.00
38.6076	26.00
38.6281	13.00
38.6485	20.00
38.669	19.00
38.6894	19.00
38.7099	25.00
38.7304	27.00
38.7508	16.00
38.7713	19.00
38.7918	21.00
38.8122	20.00
38.8327	19.00
38.8531	23.00
38.8736	15.00
38.8941	12.00
38.9145	13.00
38.935	12.00
38.9555	24.00
38.9759	18.00
38.9964	14.00
39.0169	13.00
39.0373	15.00
39.0578	11.00
39.0782	21.00
39.0987	18.00
39.1192	14.00
39.1396	15.00
39.1601	8.00
39.1806	19.00
39.201	23.00
39.2215	14.00
39.2419	10.00
39.2624	20.00
39.2829	16.00
39.3033	20.00
39.3238	20.00
39.3443	14.00
39.3647	19.00
39.3852	20.00
39.4057	19.00
39.4261	17.00
39.4466	17.00
39.467	14.00
39.4875	12.00
39.508	24.00
39.5284	20.00
39.5489	27.00
39.5694	27.00
39.5898	22.00
39.6103	24.00
39.6307	33.00
39.6512	33.00
39.6717	23.00
39.6921	18.00
39.7126	27.00
39.7331	28.00
39.7535	23.00
39.774	27.00
39.7945	17.00
39.8149	13.00
39.8354	18.00
39.8558	20.00
39.8763	20.00
39.8968	22.00
39.9172	20.00
39.9377	16.00
39.9582	14.00
39.9786	14.00
39.9991	13.00
40.0195	18.00
40.04	15.00
40.0605	23.00
40.0809	20.00
40.1014	18.00
40.1219	14.00
40.1423	15.00
40.1628	13.00
40.1833	16.00
40.2037	16.00
40.2242	20.00
40.2446	23.00
40.2651	16.00
40.2856	20.00
40.306	20.00
40.3265	20.00
40.347	9.00
40.3674	19.00
40.3879	16.00
40.4083	20.00
40.4288	19.00
40.4493	11.00
40.4697	13.00
40.4902	13.00
40.5107	16.00
40.5311	17.00
40.5516	18.00
40.5721	18.00
40.5925	12.00
40.613	14.00
40.6334	20.00
40.6539	18.00
40.6744	23.00
40.6948	17.00
40.7153	24.00
40.7358	19.00
40.7562	16.00
40.7767	16.00
40.7971	15.00
40.8176	23.00
40.8381	15.00
40.8585	18.00
40.879	19.00
40.8995	13.00
40.9199	15.00
40.9404	28.00
40.9609	18.00
40.9813	25.00
41.0018	17.00
41.0222	27.00
41.0427	32.00
41.0632	38.00
41.0836	33.00
41.1041	39.00
41.1246	38.00
41.145	71.00
41.1655	100.00
41.1859	130.00
41.2064	221.00
41.2269	266.00
41.2473	242.00
41.2678	208.00
41.2883	148.00
41.3087	137.00
41.3292	170.00
41.3497	159.00
41.3701	108.00
41.3906	72.00
41.411	55.00
41.4315	54.00
41.452	37.00
41.4724	37.00
41.4929	37.00
41.5134	39.00
41.5338	26.00
41.5543	25.00
41.5747	22.00
41.5952	18.00
41.6157	16.00
41.6361	24.00
41.6566	17.00
41.6771	19.00
41.6975	17.00
41.718	16.00
41.7385	14.00
41.7589	21.00
41.7794	18.00
41.7998	14.00
41.8203	8.00
41.8408	11.00
41.8612	22.00
41.8817	13.00
41.9022	16.00
41.9226	17.00
41.9431	9.00
41.9635	12.00
41.984	16.00
42.0045	15.00
42.0249	21.00
42.0454	12.00
42.0659	15.00
42.0863	11.00
42.1068	4.00
42.1273	18.00
42.1477	26.00
42.1682	15.00
42.1886	14.00
42.2091	18.00
42.2296	13.00
42.25	12.00
42.2705	20.00
42.291	20.00
42.3114	10.00
42.3319	12.00
42.3523	13.00
42.3728	14.00
42.3933	16.00
42.4137	16.00
42.4342	13.00
42.4547	24.00
42.4751	11.00
42.4956	13.00
42.5161	9.00
42.5365	5.00
42.557	15.00
42.5774	17.00
42.5979	11.00
42.6184	14.00
42.6388	17.00
42.6593	9.00
42.6798	11.00
42.7002	8.00
42.7207	13.00
42.7411	8.00
42.7616	19.00
42.7821	11.00
42.8025	19.00
42.823	10.00
42.8435	16.00
42.8639	15.00
42.8844	11.00
42.9049	12.00
42.9253	15.00
42.9458	8.00
42.9662	14.00
42.9867	10.00
43.0072	15.00
43.0276	15.00
43.0481	16.00
43.0686	12.00
43.089	13.00
43.1095	13.00
43.1299	14.00
43.1504	13.00
43.1709	8.00
43.1913	16.00
43.2118	8.00
43.2323	12.00
43.2527	10.00
43.2732	6.00
43.2937	13.00
43.3141	11.00
43.3346	15.00
43.355	8.00
43.3755	24.00
43.396	15.00
43.4164	19.00
43.4369	13.00
43.4574	24.00
43.4778	22.00
43.4983	21.00
43.5187	20.00
43.5392	19.00
43.5597	24.00
43.5801	20.00
43.6006	20.00
43.6211	18.00
43.6415	22.00
43.662	15.00
43.6825	20.00
43.7029	10.00
43.7234	20.00
43.7438	21.00
43.7643	16.00
43.7848	15.00
43.8052	20.00
43.8257	21.00
43.8462	30.00
43.8666	37.00
43.8871	31.00
43.9075	28.00
43.928	25.00
43.9485	14.00
43.9689	22.00
43.9894	22.00
44.0099	20.00
44.0303	29.00
44.0508	17.00
44.0713	11.00
44.0917	8.00
44.1122	14.00
44.1326	6.00
44.1531	10.00
44.1736	7.00
44.194	14.00
44.2145	15.00
44.235	13.00
44.2554	13.00
44.2759	15.00
44.2963	15.00
44.3168	14.00
44.3373	14.00
44.3577	10.00
44.3782	13.00
44.3987	7.00
44.4191	11.00
44.4396	9.00
44.4601	12.00
44.4805	10.00
44.501	11.00
44.5214	5.00
44.5419	7.00
44.5624	13.00
44.5828	5.00
44.6033	14.00
44.6238	13.00
44.6442	14.00
44.6647	10.00
44.6851	9.00
44.7056	12.00
44.7261	6.00
44.7465	9.00
44.767	13.00
44.7875	5.00
44.8079	11.00
44.8284	13.00
44.8489	18.00
44.8693	14.00
44.8898	9.00
44.9102	16.00
44.9307	19.00
44.9512	14.00
44.9716	9.00
44.9921	10.00
45.0126	6.00
45.033	10.00
45.0535	11.00
45.0739	12.00
45.0944	14.00
45.1149	10.00
45.1353	9.00
45.1558	8.00
45.1763	8.00
45.1967	6.00
45.2172	8.00
45.2377	11.00
45.2581	14.00
45.2786	4.00
45.299	7.00
45.3195	13.00
45.34	12.00
45.3604	11.00
45.3809	12.00
45.4014	10.00
45.4218	9.00
45.4423	9.00
45.4627	10.00
45.4832	9.00
45.5037	12.00
45.5241	8.00
45.5446	12.00
45.5651	5.00
45.5855	12.00
45.606	8.00
45.6265	7.00
45.6469	17.00
45.6674	8.00
45.6878	14.00
45.7083	11.00
45.7288	10.00
45.7492	7.00
45.7697	12.00
45.7902	13.00
45.8106	12.00
45.8311	16.00
45.8515	15.00
45.872	13.00
45.8925	17.00
45.9129	8.00
45.9334	7.00
45.9539	8.00
45.9743	8.00
45.9948	4.00
46.0153	12.00
46.0357	9.00
46.0562	8.00
46.0766	16.00
46.0971	10.00
46.1176	13.00
46.138	7.00
46.1585	13.00
46.179	5.00
46.1994	6.00
46.2199	11.00
46.2403	4.00
46.2608	14.00
46.2813	17.00
46.3017	13.00
46.3222	10.00
46.3427	9.00
46.3631	9.00
46.3836	10.00
46.4041	14.00
46.4245	12.00
46.445	12.00
46.4654	8.00
46.4859	12.00
46.5064	4.00
46.5268	13.00
46.5473	9.00
46.5678	7.00
46.5882	8.00
46.6087	9.00
46.6291	8.00
46.6496	8.00
46.6701	10.00
46.6905	7.00
46.711	14.00
46.7315	5.00
46.7519	13.00
46.7724	7.00
46.7929	10.00
46.8133	8.00
46.8338	10.00
46.8542	17.00
46.8747	7.00
46.8952	12.00
46.9156	12.00
46.9361	13.00
46.9566	14.00
46.977	12.00
46.9975	10.00
47.0179	7.00
47.0384	6.00
47.0589	10.00
47.0793	10.00
47.0998	12.00
47.1203	14.00
47.1407	14.00
47.1612	10.00
47.1817	3.00
47.2021	11.00
47.2226	14.00
47.243	8.00
47.2635	7.00
47.284	6.00
47.3044	13.00
47.3249	11.00
47.3454	9.00
47.3658	6.00
47.3863	11.00
47.4067	17.00
47.4272	11.00
47.4477	11.00
47.4681	5.00
47.4886	18.00
47.5091	13.00
47.5295	7.00
47.55	17.00
47.5705	13.00
47.5909	8.00
47.6114	10.00
47.6318	14.00
47.6523	12.00
47.6728	11.00
47.6932	14.00
47.7137	7.00
47.7342	14.00
47.7546	6.00
47.7751	8.00
47.7955	5.00
47.816	8.00
47.8365	9.00
47.8569	13.00
47.8774	12.00
47.8979	6.00
47.9183	8.00
47.9388	6.00
47.9593	9.00
47.9797	14.00
48.0002	8.00
48.0206	16.00
48.0411	7.00
48.0616	6.00
48.082	8.00
48.1025	8.00
48.123	12.00
48.1434	11.00
48.1639	12.00
48.1843	11.00
48.2048	12.00
48.2253	8.00
48.2457	12.00
48.2662	11.00
48.2867	9.00
48.3071	8.00
48.3276	11.00
48.3481	12.00
48.3685	13.00
48.389	9.00
48.4094	9.00
48.4299	11.00
48.4504	3.00
48.4708	10.00
48.4913	13.00
48.5118	12.00
48.5322	9.00
48.5527	8.00
48.5731	10.00
48.5936	13.00
48.6141	13.00
48.6345	14.00
48.655	10.00
48.6755	12.00
48.6959	8.00
48.7164	6.00
48.7369	11.00
48.7573	16.00
48.7778	11.00
48.7982	14.00
48.8187	10.00
48.8392	11.00
48.8596	10.00
48.8801	7.00
48.9006	8.00
48.921	6.00
48.9415	14.00
48.9619	16.00
48.9824	12.00
49.0029	7.00
49.0233	9.00
49.0438	10.00
49.0643	9.00
49.0847	7.00
49.1052	15.00
49.1257	9.00
49.1461	8.00
49.1666	17.00
49.187	12.00
49.2075	17.00
49.228	9.00
49.2484	12.00
49.2689	19.00
49.2894	12.00
49.3098	6.00
49.3303	14.00
49.3507	17.00
49.3712	15.00
49.3917	24.00
49.4121	14.00
49.4326	9.00
49.4531	15.00
49.4735	16.00
49.494	14.00
49.5145	23.00
49.5349	17.00
49.5554	21.00
49.5758	29.00
49.5963	36.00
49.6168	18.00
49.6372	32.00
49.6577	36.00
49.6782	69.00
49.6986	63.00
49.7191	72.00
49.7395	137.00
49.76	168.00
49.7805	308.00
49.8009	331.00
49.8214	355.00
49.8419	314.00
49.8623	243.00
49.8828	205.00
49.9033	185.00
49.9237	240.00
49.9442	224.00
49.9646	184.00
49.9851	148.00
50.0056	86.00
50.026	84.00
50.0465	46.00
50.067	40.00
50.0874	33.00
50.1079	34.00
50.1283	24.00
50.1488	23.00
50.1693	24.00
50.1897	22.00
50.2102	12.00
50.2307	17.00
50.2511	13.00
50.2716	16.00
50.2921	11.00
50.3125	17.00
50.333	16.00
50.3534	6.00
50.3739	11.00
50.3944	13.00
50.4148	29.00
50.4353	16.00
50.4558	14.00
50.4762	11.00
50.4967	15.00
50.5171	19.00
50.5376	15.00
50.5581	11.00
50.5785	13.00
50.599	7.00
50.6195	12.00
50.6399	18.00
50.6604	13.00
50.6809	16.00
50.7013	12.00
50.7218	13.00
50.7422	15.00
50.7627	14.00
50.7832	14.00
50.8036	11.00
50.8241	11.00
50.8446	10.00
50.865	9.00
50.8855	14.00
50.9059	10.00
50.9264	8.00
50.9469	12.00
50.9673	13.00
50.9878	8.00
51.0083	8.00
51.0287	5.00
51.0492	8.00
51.0697	7.00
51.0901	12.00
51.1106	11.00
51.131	8.00
51.1515	7.00
51.172	8.00
51.1924	8.00
51.2129	11.00
51.2334	11.00
51.2538	20.00
51.2743	11.00
51.2947	11.00
51.3152	5.00
51.3357	10.00
51.3561	15.00
51.3766	19.00
51.3971	9.00
51.4175	12.00
51.438	15.00
51.4585	6.00
51.4789	8.00
51.4994	11.00
51.5198	10.00
51.5403	13.00
51.5608	16.00
51.5812	9.00
51.6017	7.00
51.6222	12.00
51.6426	10.00
51.6631	8.00
51.6835	8.00
51.704	7.00
51.7245	14.00
51.7449	15.00
51.7654	7.00
51.7859	8.00
51.8063	11.00
51.8268	8.00
51.8473	11.00
51.8677	13.00
51.8882	10.00
51.9086	8.00
51.9291	9.00
51.9496	12.00
51.97	8.00
51.9905	13.00
52.011	11.00
52.0314	11.00
52.0519	14.00
52.0723	10.00
52.0928	9.00
52.1133	6.00
52.1337	6.00
52.1542	11.00
52.1747	7.00
52.1951	5.00
52.2156	11.00
52.2361	12.00
52.2565	11.00
52.277	14.00
52.2974	9.00
52.3179	11.00
52.3384	6.00
52.3588	9.00
52.3793	8.00
52.3998	12.00
52.4202	9.00
52.4407	7.00
52.4611	9.00
52.4816	6.00
52.5021	6.00
52.5225	9.00
52.543	10.00
52.5635	6.00
52.5839	8.00
52.6044	7.00
52.6249	7.00
52.6453	8.00
52.6658	7.00
52.6862	9.00
52.7067	14.00
52.7272	14.00
52.7476	7.00
52.7681	8.00
52.7886	12.00
52.809	11.00
52.8295	8.00
52.8499	14.00
52.8704	12.00
52.8909	11.00
52.9113	12.00
52.9318	12.00
52.9523	5.00
52.9727	7.00
52.9932	7.00
53.0137	11.00
53.0341	13.00
53.0546	6.00
53.075	8.00
53.0955	11.00
53.116	9.00
53.1364	7.00
53.1569	8.00
53.1774	12.00
53.1978	15.00
53.2183	12.00
53.2387	6.00
53.2592	11.00
53.2797	5.00
53.3001	19.00
53.3206	12.00
53.3411	16.00
53.3615	11.00
53.382	7.00
53.4025	13.00
53.4229	18.00
53.4434	14.00
53.4638	14.00
53.4843	8.00
53.5048	12.00
53.5252	10.00
53.5457	10.00
53.5662	9.00
53.5866	11.00
53.6071	12.00
53.6275	13.00
53.648	8.00
53.6685	20.00
53.6889	5.00
53.7094	13.00
53.7299	13.00
53.7503	14.00
53.7708	20.00
53.7913	25.00
53.8117	12.00
53.8322	18.00
53.8526	14.00
53.8731	21.00
53.8936	15.00
53.914	15.00
53.9345	12.00
53.955	20.00
53.9754	19.00
53.9959	21.00
54.0163	34.00
54.0368	26.00
54.0573	29.00
54.0777	23.00
54.0982	20.00
54.1187	31.00
54.1391	29.00
54.1596	31.00
54.18	46.00
54.2005	43.00
54.221	48.00
54.2414	44.00
54.2619	62.00
54.2824	74.00
54.3028	114.00
54.3233	173.00
54.3438	285.00
54.3642	428.00
54.3847	424.00
54.4051	426.00
54.4256	318.00
54.4461	206.00
54.4665	208.00
54.487	205.00
54.5075	257.00
54.5279	266.00
54.5484	241.00
54.5688	201.00
54.5893	146.00
54.6098	93.00
54.6302	69.00
54.6507	61.00
54.6712	42.00
54.6916	32.00
54.7121	37.00
54.7326	26.00
54.753	18.00
54.7735	32.00
54.7939	15.00
54.8144	26.00
54.8349	19.00
54.8553	17.00
54.8758	17.00
54.8963	18.00
54.9167	20.00
54.9372	13.00
54.9576	12.00
54.9781	17.00
54.9986	11.00
55.019	12.00
55.0395	16.00
55.06	9.00
55.0804	17.00
55.1009	18.00
55.1214	3.00
55.1418	9.00
55.1623	20.00
55.1827	20.00
55.2032	13.00
55.2237	11.00
55.2441	11.00
55.2646	17.00
55.2851	9.00
55.3055	9.00
55.326	15.00
55.3464	14.00
55.3669	16.00
55.3874	11.00
55.4078	13.00
55.4283	8.00
55.4488	14.00
55.4692	12.00
55.4897	13.00
55.5102	9.00
55.5306	7.00
55.5511	10.00
55.5715	10.00
55.592	12.00
55.6125	11.00
55.6329	11.00
55.6534	9.00
55.6739	5.00
55.6943	13.00
55.7148	8.00
55.7352	9.00
55.7557	8.00
55.7762	8.00
55.7966	11.00
55.8171	7.00
55.8376	10.00
55.858	13.00
55.8785	7.00
55.899	8.00
55.9194	16.00
55.9399	6.00
55.9603	12.00
55.9808	5.00
56.0013	5.00
56.0217	10.00
56.0422	9.00
56.0627	8.00
56.0831	16.00
56.1036	11.00
56.124	12.00
56.1445	9.00
56.165	17.00
56.1854	8.00
56.2059	8.00
56.2264	6.00
56.2468	12.00
56.2673	7.00
56.2878	7.00
56.3082	8.00
56.3287	7.00
56.3491	10.00
56.3696	12.00
56.3901	7.00
56.4105	11.00
56.431	21.00
56.4515	11.00
56.4719	15.00
56.4924	14.00
56.5128	13.00
56.5333	11.00
56.5538	12.00
56.5742	18.00
56.5947	11.00
56.6152	15.00
56.6356	11.00
56.6561	15.00
56.6766	7.00
56.697	19.00
56.7175	8.00
56.7379	7.00
56.7584	9.00
56.7789	6.00
56.7993	7.00
56.8198	10.00
56.8403	11.00
56.8607	11.00
56.8812	6.00
56.9016	11.00
56.9221	6.00
56.9426	11.00
56.963	9.00
56.9835	3.00
57.004	13.00
57.0244	13.00
57.0449	11.00
57.0654	10.00
57.0858	8.00
57.1063	10.00
57.1267	11.00
57.1472	16.00
57.1677	7.00
57.1881	7.00
57.2086	11.00
57.2291	10.00
57.2495	16.00
57.27	6.00
57.2904	15.00
57.3109	12.00
57.3314	16.00
57.3518	21.00
57.3723	13.00
57.3928	12.00
57.4132	12.00
57.4337	17.00
57.4542	13.00
57.4746	15.00
57.4951	21.00
57.5155	14.00
57.536	16.00
57.5565	15.00
57.5769	13.00
57.5974	17.00
57.6179	23.00
57.6383	26.00
57.6588	20.00
57.6792	23.00
57.6997	24.00
57.7202	28.00
57.7406	23.00
57.7611	33.00
57.7816	46.00
57.802	61.00
57.8225	79.00
57.843	72.00
57.8634	99.00
57.8839	92.00
57.9043	73.00
57.9248	53.00
57.9453	56.00
57.9657	47.00
57.9862	61.00
58.0067	49.00
58.0271	45.00
58.0476	58.00
58.068	44.00
58.0885	34.00
58.109	19.00
58.1294	13.00
58.1499	20.00
58.1704	10.00
58.1908	8.00
58.2113	15.00
58.2318	7.00
58.2522	13.00
58.2727	4.00
58.2931	14.00
58.3136	16.00
58.3341	9.00
58.3545	10.00
58.375	6.00
58.3955	12.00
58.4159	14.00
58.4364	6.00
58.4568	7.00
58.4773	9.00
58.4978	12.00
58.5182	6.00
58.5387	7.00
58.5592	12.00
58.5796	7.00
58.6001	2.00
58.6206	4.00
58.641	7.00
58.6615	10.00
58.6819	5.00
58.7024	12.00
58.7229	3.00
58.7433	8.00
58.7638	3.00
58.7843	8.00
58.8047	9.00
58.8252	14.00
58.8456	8.00
58.8661	6.00
58.8866	10.00
58.907	13.00
58.9275	10.00
58.948	6.00
58.9684	6.00
58.9889	9.00
59.0094	7.00
59.0298	11.00
59.0503	10.00
59.0707	13.00
59.0912	6.00
59.1117	9.00
59.1321	5.00
59.1526	9.00
59.1731	9.00
59.1935	7.00
59.214	12.00
59.2344	6.00
59.2549	6.00
59.2754	11.00
59.2958	5.00
59.3163	7.00
59.3368	8.00
59.3572	4.00
59.3777	11.00
59.3982	11.00
59.4186	11.00
59.4391	8.00
59.4595	10.00
59.48	8.00
59.5005	10.00
59.5209	7.00
59.5414	5.00
59.5619	11.00
59.5823	9.00
59.6028	9.00
59.6232	8.00
59.6437	10.00
59.6642	11.00
59.6846	10.00
59.7051	7.00
59.7256	9.00
59.746	7.00
59.7665	3.00
59.787	8.00
59.8074	9.00
59.8279	7.00
59.8483	9.00
59.8688	5.00
59.8893	4.00
59.9097	7.00
59.9302	8.00
59.9507	9.00
59.9711	9.00
59.9916	8.00
60.012	6.00
60.0325	4.00
60.053	8.00
60.0734	10.00
60.0939	6.00
60.1144	5.00
60.1348	4.00
60.1553	7.00
60.1758	10.00
60.1962	6.00
60.2167	6.00
60.2371	10.00
60.2576	3.00
60.2781	8.00
60.2985	9.00
60.319	6.00
60.3395	8.00
60.3599	1.00
60.3804	8.00
60.4008	10.00
60.4213	9.00
60.4418	10.00
60.4622	8.00
60.4827	15.00
60.5032	8.00
60.5236	8.00
60.5441	8.00
60.5646	9.00
60.585	7.00
60.6055	11.00
60.6259	15.00
60.6464	9.00
60.6669	4.00
60.6873	3.00
60.7078	4.00
60.7283	8.00
60.7487	4.00
60.7692	9.00
60.7896	8.00
60.8101	13.00
60.8306	6.00
60.851	7.00
60.8715	10.00
60.892	3.00
60.9124	9.00
60.9329	10.00
60.9534	7.00
60.9738	7.00
60.9943	6.00
61.0147	12.00
61.0352	6.00
61.0557	6.00
61.0761	4.00
61.0966	8.00
61.1171	7.00
61.1375	15.00
61.158	11.00
61.1784	6.00
61.1989	8.00
61.2194	5.00
61.2398	8.00
61.2603	10.00
61.2808	13.00
61.3012	14.00
61.3217	6.00
61.3422	7.00
61.3626	10.00
61.3831	8.00
61.4035	7.00
61.424	4.00
61.4445	10.00
61.4649	8.00
61.4854	11.00
61.5059	10.00
61.5263	10.00
61.5468	7.00
61.5672	7.00
61.5877	11.00
61.6082	10.00
61.6286	7.00
61.6491	5.00
61.6696	8.00
61.69	7.00
61.7105	9.00
61.731	6.00
61.7514	6.00
61.7719	9.00
61.7923	7.00
61.8128	15.00
61.8333	8.00
61.8537	12.00
61.8742	13.00
61.8947	6.00
61.9151	10.00
61.9356	11.00
61.956	8.00
61.9765	10.00
61.997	8.00
62.0174	12.00
62.0379	7.00
62.0584	8.00
62.0788	7.00
62.0993	12.00
62.1198	8.00
62.1402	6.00
62.1607	10.00
62.1811	9.00
62.2016	11.00
62.2221	8.00
62.2425	11.00
62.263	8.00
62.2835	13.00
62.3039	15.00
62.3244	15.00
62.3448	8.00
62.3653	16.00
62.3858	11.00
62.4062	15.00
62.4267	17.00
62.4472	20.00
62.4676	25.00
62.4881	19.00
62.5086	20.00
62.529	22.00
62.5495	21.00
62.5699	34.00
62.5904	22.00
62.6109	32.00
62.6313	40.00
62.6518	49.00
62.6723	69.00
62.6927	94.00
62.7132	157.00
62.7336	248.00
62.7541	293.00
62.7746	308.00
62.795	243.00
62.8155	173.00
62.836	150.00
62.8564	107.00
62.8769	114.00
62.8974	142.00
62.9178	147.00
62.9383	167.00
62.9587	158.00
62.9792	127.00
62.9997	82.00
63.0201	69.00
63.0406	47.00
63.0611	44.00
63.0815	44.00
63.102	45.00
63.1224	34.00
63.1429	31.00
63.1634	25.00
63.1838	25.00
63.2043	20.00
63.2248	15.00
63.2452	18.00
63.2657	21.00
63.2862	16.00
63.3066	13.00
63.3271	16.00
63.3475	19.00
63.368	14.00
63.3885	19.00
63.4089	11.00
63.4294	9.00
63.4499	10.00
63.4703	14.00
63.4908	12.00
63.5112	7.00
63.5317	10.00
63.5522	10.00
63.5726	10.00
63.5931	8.00
63.6136	10.00
63.634	14.00
63.6545	8.00
63.675	11.00
63.6954	8.00
63.7159	4.00
63.7363	8.00
63.7568	9.00
63.7773	2.00
63.7977	14.00
63.8182	16.00
63.8387	9.00
63.8591	13.00
63.8796	14.00
63.9	17.00
63.9205	14.00
63.941	15.00
63.9614	12.00
63.9819	13.00
64.0024	18.00
64.0228	26.00
64.0433	25.00
64.0638	32.00
64.0842	26.00
64.1047	23.00
64.1251	25.00
64.1456	32.00
64.1661	35.00
64.1865	22.00
64.207	37.00
64.2275	65.00
64.2479	79.00
64.2684	95.00
64.2888	135.00
64.3093	218.00
64.3298	272.00
64.3502	303.00
64.3707	274.00
64.3912	191.00
64.4116	146.00
64.4321	117.00
64.4526	104.00
64.473	122.00
64.4935	127.00
64.5139	170.00
64.5344	161.00
64.5549	121.00
64.5753	113.00
64.5958	62.00
64.6163	54.00
64.6367	34.00
64.6572	35.00
64.6776	29.00
64.6981	26.00
64.7186	18.00
64.739	21.00
64.7595	21.00
64.78	11.00
64.8004	11.00
64.8209	9.00
64.8414	15.00
64.8618	10.00
64.8823	15.00
64.9027	16.00
64.9232	14.00
64.9437	8.00
64.9641	7.00
64.9846	10.00
65.0051	7.00
65.0255	6.00
65.046	17.00
65.0664	4.00
65.0869	10.00
65.1074	9.00
65.1278	10.00
65.1483	12.00
65.1688	6.00
65.1892	9.00
65.2097	11.00
65.2302	9.00
65.2506	9.00
65.2711	9.00
65.2915	11.00
65.312	4.00
65.3325	6.00
65.3529	12.00
65.3734	8.00
65.3939	5.00
65.4143	12.00
65.4348	12.00
65.4552	8.00
65.4757	3.00
65.4962	8.00
65.5166	6.00
65.5371	5.00
65.5576	5.00
65.578	6.00
65.5985	10.00
65.619	8.00
65.6394	4.00
65.6599	8.00
65.6803	6.00
65.7008	9.00
65.7213	5.00
65.7417	8.00
65.7622	8.00
65.7827	8.00
65.8031	10.00
65.8236	6.00
65.844	9.00
65.8645	7.00
65.885	5.00
65.9054	7.00
65.9259	5.00
65.9464	7.00
65.9668	7.00
65.9873	7.00
66.0078	7.00
66.0282	6.00
66.0487	3.00
66.0691	13.00
66.0896	9.00
66.1101	10.00
66.1305	3.00
66.151	8.00
66.1715	4.00
66.1919	12.00
66.2124	10.00
66.2328	7.00
66.2533	6.00
66.2738	6.00
66.2942	7.00
66.3147	5.00
66.3352	11.00
66.3556	8.00
66.3761	9.00
66.3966	8.00
66.417	8.00
66.4375	6.00
66.4579	6.00
66.4784	5.00
66.4989	11.00
66.5193	9.00
66.5398	6.00
66.5603	6.00
66.5807	8.00
66.6012	8.00
66.6216	0.00
66.6421	5.00
66.6626	7.00
66.683	3.00
66.7035	9.00
66.724	16.00
66.7444	5.00
66.7649	4.00
66.7854	12.00
66.8058	1.00
66.8263	5.00
66.8467	8.00
66.8672	8.00
66.8877	7.00
66.9081	8.00
66.9286	3.00
66.9491	5.00
66.9695	4.00
66.99	5.00
67.0104	3.00
67.0309	4.00
67.0514	5.00
67.0718	5.00
67.0923	6.00
67.1128	4.00
67.1332	5.00
67.1537	8.00
67.1742	8.00
67.1946	10.00
67.2151	11.00
67.2355	7.00
67.256	8.00
67.2765	10.00
67.2969	4.00
67.3174	6.00
67.3379	11.00
67.3583	9.00
67.3788	3.00
67.3992	6.00
67.4197	8.00
67.4402	7.00
67.4606	2.00
67.4811	7.00
67.5016	3.00
67.522	6.00
67.5425	4.00
67.563	4.00
67.5834	11.00
67.6039	5.00
67.6243	6.00
67.6448	5.00
67.6653	5.00
67.6857	2.00
67.7062	7.00
67.7267	2.00
67.7471	11.00
67.7676	3.00
67.788	8.00
67.8085	11.00
67.829	5.00
67.8494	4.00
67.8699	7.00
67.8904	8.00
67.9108	5.00
67.9313	5.00
67.9518	5.00
67.9722	8.00
67.9927	7.00
68.0131	3.00
68.0336	3.00
68.0541	6.00
68.0745	1.00
68.095	7.00
68.1155	4.00
68.1359	8.00
68.1564	8.00
68.1768	7.00
68.1973	8.00
68.2178	7.00
68.2382	7.00
68.2587	7.00
68.2792	9.00
68.2996	6.00
68.3201	4.00
68.3406	1.00
68.361	6.00
68.3815	5.00
68.4019	2.00
68.4224	4.00
68.4429	5.00
68.4633	4.00
68.4838	7.00
68.5043	7.00
68.5247	4.00
68.5452	6.00
68.5656	8.00
68.5861	6.00
68.6066	7.00
68.627	8.00
68.6475	5.00
68.668	6.00
68.6884	4.00
68.7089	5.00
68.7294	4.00
68.7498	8.00
68.7703	8.00
68.7907	11.00
68.8112	3.00
68.8317	6.00
68.8521	10.00
68.8726	8.00
68.8931	6.00
68.9135	5.00
68.934	9.00
68.9544	6.00
68.9749	6.00
68.9954	5.00
69.0158	3.00
69.0363	8.00
69.0568	6.00
69.0772	7.00
69.0977	5.00
69.1182	3.00
69.1386	7.00
69.1591	5.00
69.1795	3.00
69.2	1.00
69.2205	4.00
69.2409	4.00
69.2614	7.00
69.2819	6.00
69.3023	10.00
69.3228	8.00
69.3432	5.00
69.3637	9.00
69.3842	4.00
69.4046	8.00
69.4251	7.00
69.4456	7.00
69.466	5.00
69.4865	10.00
69.507	9.00
69.5274	7.00
69.5479	6.00
69.5683	5.00
69.5888	6.00
69.6093	7.00
69.6297	5.00
69.6502	12.00
69.6707	8.00
69.6911	6.00
69.7116	7.00
69.732	11.00
69.7525	11.00
69.773	10.00
69.7934	15.00
69.8139	20.00
69.8344	30.00
69.8548	39.00
69.8753	28.00
69.8958	25.00
69.9162	14.00
69.9367	12.00
69.9571	17.00
69.9776	22.00
69.9981	9.00
70.0185	16.00
70.039	15.00
70.0595	16.00
70.0799	23.00
70.1004	15.00
70.1208	4.00
70.1413	15.00
70.1618	12.00
70.1822	8.00
70.2027	6.00
70.2232	7.00
70.2436	7.00
70.2641	10.00
70.2846	6.00
70.305	10.00
70.3255	6.00
70.3459	5.00
70.3664	13.00
70.3869	7.00
70.4073	4.00
70.4278	11.00
70.4483	5.00
70.4687	5.00
70.4892	5.00
70.5096	4.00
70.5301	8.00
70.5506	6.00
70.571	7.00
70.5915	9.00
70.612	6.00
70.6324	7.00
70.6529	2.00
70.6734	8.00
70.6938	6.00
70.7143	6.00
70.7347	5.00
70.7552	8.00
70.7757	7.00
70.7961	6.00
70.8166	6.00
70.8371	5.00
70.8575	3.00
70.878	8.00
70.8984	5.00
70.9189	3.00
70.9394	3.00
70.9598	8.00
70.9803	3.00
71.0008	4.00
71.0212	2.00
71.0417	11.00
71.0622	5.00
71.0826	4.00
71.1031	2.00
71.1235	5.00
71.144	2.00
71.1645	4.00
71.1849	7.00
71.2054	5.00
71.2259	8.00
71.2463	6.00
71.2668	6.00
71.2872	6.00
71.3077	8.00
71.3282	7.00
71.3486	7.00
71.3691	4.00
71.3896	4.00
71.41	6.00
71.4305	6.00
71.451	10.00
71.4714	2.00
71.4919	10.00
71.5123	9.00
71.5328	4.00
71.5533	11.00
71.5737	7.00
71.5942	10.00
71.6147	12.00
71.6351	6.00
71.6556	11.00
71.676	7.00
71.6965	6.00
71.717	5.00
71.7374	8.00
71.7579	6.00
71.7784	6.00
71.7988	6.00
71.8193	9.00
71.8398	11.00
71.8602	14.00
71.8807	6.00
71.9011	14.00
71.9216	9.00
71.9421	10.00
71.9625	16.00
71.983	9.00
72.0035	16.00
72.0239	16.00
72.0444	28.00
72.0648	26.00
72.0853	43.00
72.1058	58.00
72.1262	67.00
72.1467	80.00
72.1672	76.00
72.1876	84.00
72.2081	76.00
72.2285	58.00
72.249	44.00
72.2695	31.00
72.2899	27.00
72.3104	47.00
72.3309	43.00
72.3513	35.00
72.3718	48.00
72.3923	49.00
72.4127	38.00
72.4332	44.00
72.4536	27.00
72.4741	32.00
72.4946	29.00
72.515	29.00
72.5355	24.00
72.556	20.00
72.5764	23.00
72.5969	13.00
72.6173	17.00
72.6378	12.00
72.6583	16.00
72.6787	15.00
72.6992	15.00
72.7197	13.00
72.7401	14.00
72.7606	10.00
72.7811	14.00
72.8015	9.00
72.822	15.00
72.8424	8.00
72.8629	10.00
72.8834	6.00
72.9038	4.00
72.9243	7.00
72.9448	2.00
72.9652	5.00
72.9857	4.00
73.0061	1.00
73.0266	10.00
73.0471	7.00
73.0675	8.00
73.088	5.00
73.1085	4.00
73.1289	8.00
73.1494	8.00
73.1699	8.00
73.1903	6.00
73.2108	6.00
73.2312	4.00
73.2517	5.00
73.2722	6.00
73.2926	2.00
73.3131	5.00
73.3336	3.00
73.354	3.00
73.3745	7.00
73.3949	4.00
73.4154	8.00
73.4359	5.00
73.4563	7.00
73.4768	6.00
73.4973	6.00
73.5177	3.00
73.5382	3.00
73.5587	9.00
73.5791	7.00
73.5996	7.00
73.62	7.00
73.6405	5.00
73.661	7.00
73.6814	14.00
73.7019	4.00
73.7224	3.00
73.7428	7.00
73.7633	9.00
73.7837	4.00
73.8042	6.00
73.8247	4.00
73.8451	5.00
73.8656	9.00
73.8861	5.00
73.9065	5.00
73.927	6.00
73.9475	10.00
73.9679	11.00
73.9884	3.00
74.0088	4.00
74.0293	10.00
74.0498	2.00
74.0702	5.00
74.0907	6.00
74.1112	8.00
74.1316	7.00
74.1521	6.00
74.1725	4.00
74.193	6.00
74.2135	5.00
74.2339	5.00
74.2544	3.00
74.2749	9.00
74.2953	8.00
74.3158	6.00
74.3363	10.00
74.3567	4.00
74.3772	11.00
74.3976	10.00
74.4181	7.00
74.4386	9.00
74.459	13.00
74.4795	8.00
74.5	8.00
74.5204	3.00
74.5409	7.00
74.5613	4.00
74.5818	8.00
74.6023	6.00
74.6227	6.00
74.6432	14.00
74.6637	11.00
74.6841	7.00
74.7046	2.00
74.7251	12.00
74.7455	5.00
74.766	8.00
74.7864	14.00
74.8069	3.00
74.8274	6.00
74.8478	2.00
74.8683	6.00
74.8888	3.00
74.9092	3.00
74.9297	4.00
74.9501	5.00
74.9706	4.00
74.9911	7.00
75.0115	5.00
75.032	7.00
75.0525	3.00
75.0729	3.00
75.0934	9.00
75.1139	4.00
75.1343	5.00
75.1548	5.00
75.1752	6.00
75.1957	7.00
75.2162	8.00
75.2366	9.00
75.2571	3.00
75.2776	3.00
75.298	3.00
75.3185	8.00
75.3389	7.00
75.3594	10.00
75.3799	6.00
75.4003	13.00
75.4208	5.00
75.4413	7.00
75.4617	16.00
75.4822	10.00
75.5027	10.00
75.5231	14.00
75.5436	9.00
75.564	8.00
75.5845	8.00
75.605	14.00
75.6254	9.00
75.6459	11.00
75.6664	26.00
75.6868	16.00
75.7073	36.00
75.7277	34.00
75.7482	57.00
75.7687	64.00
75.7891	63.00
75.8096	40.00
75.8301	41.00
75.8505	24.00
75.871	19.00
75.8915	17.00
75.9119	25.00
75.9324	20.00
75.9528	29.00
75.9733	26.00
75.9938	34.00
76.0142	38.00
76.0347	28.00
76.0552	25.00
76.0756	12.00
76.0961	11.00
76.1165	9.00
76.137	6.00
76.1575	7.00
76.1779	2.00
76.1984	8.00
76.2189	6.00
76.2393	6.00
76.2598	6.00
76.2803	5.00
76.3007	8.00
76.3212	7.00
76.3416	8.00
76.3621	7.00
76.3826	7.00
76.403	5.00
76.4235	10.00
76.444	3.00
76.4644	0.00
76.4849	4.00
76.5053	1.00
76.5258	6.00
76.5463	5.00
76.5667	3.00
76.5872	1.00
76.6077	4.00
76.6281	2.00
76.6486	10.00
76.6691	6.00
76.6895	5.00
76.71	5.00
76.7304	7.00
76.7509	3.00
76.7714	5.00
76.7918	9.00
76.8123	2.00
76.8328	4.00
76.8532	6.00
76.8737	5.00
76.8941	5.00
76.9146	4.00
76.9351	3.00
76.9555	6.00
76.976	8.00
76.9965	8.00
77.0169	4.00
77.0374	6.00
77.0579	3.00
77.0783	7.00
77.0988	3.00
77.1192	5.00
77.1397	2.00
77.1602	8.00
77.1806	8.00
77.2011	7.00
77.2216	8.00
77.242	4.00
77.2625	5.00
77.2829	6.00
77.3034	5.00
77.3239	3.00
77.3443	4.00
77.3648	8.00
77.3853	5.00
77.4057	10.00
77.4262	4.00
77.4467	3.00
77.4671	6.00
77.4876	4.00
77.508	8.00
77.5285	5.00
77.549	2.00
77.5694	5.00
77.5899	4.00
77.6104	7.00
77.6308	5.00
77.6513	8.00
77.6717	7.00
77.6922	5.00
77.7127	4.00
77.7331	5.00
77.7536	6.00
77.7741	5.00
77.7945	5.00
77.815	4.00
77.8355	9.00
77.8559	3.00
77.8764	11.00
77.8968	16.00
77.9173	13.00
77.9378	15.00
77.9582	12.00
77.9787	25.00
77.9992	31.00
78.0196	25.00
78.0401	18.00
78.0605	18.00
78.081	14.00
78.1015	11.00
78.1219	11.00
78.1424	18.00
78.1629	18.00
78.1833	12.00
78.2038	15.00
78.2243	14.00
78.2447	14.00
78.2652	24.00
78.2856	14.00
78.3061	15.00
78.3266	10.00
78.347	13.00
78.3675	6.00
78.388	5.00
78.4084	5.00
78.4289	5.00
78.4493	6.00
78.4698	8.00
78.4903	6.00
78.5107	10.00
78.5312	9.00
78.5517	7.00
78.5721	3.00
78.5926	6.00
78.6131	3.00
78.6335	7.00
78.654	8.00
78.6744	6.00
78.6949	5.00
78.7154	8.00
78.7358	7.00
78.7563	9.00
78.7768	3.00
78.7972	6.00
78.8177	2.00
78.8381	4.00
78.8586	10.00
78.8791	5.00
78.8995	2.00
78.92	7.00
78.9405	8.00
78.9609	5.00
78.9814	10.00
79.0019	6.00
79.0223	10.00
79.0428	10.00
79.0632	14.00
79.0837	17.00
79.1042	16.00
79.1246	19.00
79.1451	12.00
79.1656	5.00
79.186	9.00
79.2065	8.00
79.2269	9.00
79.2474	8.00
79.2679	7.00
79.2883	15.00
79.3088	13.00
79.3293	9.00
79.3497	7.00
79.3702	8.00
79.3907	13.00
79.4111	7.00
79.4316	3.00
79.452	6.00
79.4725	3.00
79.493	11.00
79.5134	4.00
79.5339	3.00
79.5544	3.00
79.5748	4.00
79.5953	3.00
79.6157	8.00
79.6362	8.00
79.6567	7.00
79.6771	5.00
79.6976	4.00
79.7181	7.00
79.7385	4.00
79.759	7.00
79.7795	5.00
79.7999	5.00
79.8204	6.00
79.8408	5.00
79.8613	3.00
79.8818	6.00
79.9022	5.00
79.9227	3.00
79.9432	6.00
79.9636	6.00
79.9841	6.00
80.0045	5.00
