COMMANDER Sample ID
Wavelength = 1.54059
10.0001	398.00
10.0206	407.00
10.041	371.00
10.0615	390.00
10.082	396.00
10.1024	392.00
10.1229	398.00
10.1433	401.00
10.1638	382.00
10.1843	434.00
10.2047	404.00
10.2252	385.00
10.2457	363.00
10.2661	398.00
10.2866	343.00
10.3071	352.00
10.3275	325.00
10.348	352.00
10.3684	358.00
10.3889	364.00
10.4094	368.00
10.4298	383.00
10.4503	344.00
10.4708	386.00
10.4912	361.00
10.5117	375.00
10.5321	368.00
10.5526	392.00
10.5731	354.00
10.5935	356.00
10.614	375.00
10.6345	392.00
10.6549	319.00
10.6754	338.00
10.6959	363.00
10.7163	332.00
10.7368	319.00
10.7572	358.00
10.7777	363.00
10.7982	350.00
10.8186	335.00
10.8391	375.00
10.8596	379.00
10.88	335.00
10.9005	309.00
10.9209	297.00
10.9414	325.00
10.9619	346.00
10.9823	363.00
11.0028	343.00
11.0233	337.00
11.0437	307.00
11.0642	314.00
11.0847	333.00
11.1051	329.00
11.1256	316.00
11.146	347.00
11.1665	314.00
11.187	333.00
11.2074	315.00
11.2279	319.00
11.2484	350.00
11.2688	317.00
11.2893	296.00
11.3097	328.00
11.3302	295.00
11.3507	311.00
11.3711	325.00
11.3916	350.00
11.4121	307.00
11.4325	329.00
11.453	305.00
11.4735	322.00
11.4939	306.00
11.5144	279.00
11.5348	304.00
11.5553	304.00
11.5758	292.00
11.5962	313.00
11.6167	355.00
11.6372	340.00
11.6576	291.00
11.6781	308.00
11.6985	292.00
11.719	297.00
11.7395	297.00
11.7599	302.00
11.7804	289.00
11.8009	287.00
11.8213	273.00
11.8418	296.00
11.8623	293.00
11.8827	298.00
11.9032	295.00
11.9236	293.00
11.9441	313.00
11.9646	317.00
11.985	294.00
12.0055	293.00
12.026	310.00
12.0464	308.00
12.0669	287.00
12.0873	323.00
12.1078	302.00
12.1283	283.00
12.1487	319.00
12.1692	268.00
12.1897	287.00
12.2101	298.00
12.2306	298.00
12.2511	301.00
12.2715	277.00
12.292	288.00
12.3124	284.00
12.3329	306.00
12.3534	291.00
12.3738	297.00
12.3943	277.00
12.4148	270.00
12.4352	299.00
12.4557	276.00
12.4761	238.00
12.4966	266.00
12.5171	261.00
12.5375	266.00
12.558	283.00
12.5785	280.00
12.5989	246.00
12.6194	262.00
12.6399	241.00
12.6603	263.00
12.6808	263.00
12.7012	269.00
12.7217	262.00
12.7422	262.00
12.7626	269.00
12.7831	263.00
12.8036	289.00
12.824	284.00
12.8445	281.00
12.8649	261.00
12.8854	243.00
12.9059	282.00
12.9263	261.00
12.9468	249.00
12.9673	263.00
12.9877	259.00
13.0082	251.00
13.0287	262.00
13.0491	273.00
13.0696	250.00
13.09	240.00
13.1105	265.00
13.131	246.00
13.1514	268.00
13.1719	272.00
13.1924	271.00
13.2128	262.00
13.2333	272.00
13.2537	298.00
13.2742	251.00
13.2947	248.00
13.3151	257.00
13.3356	266.00
13.3561	283.00
13.3765	243.00
13.397	245.00
13.4175	270.00
13.4379	273.00
13.4584	283.00
13.4788	240.00
13.4993	266.00
13.5198	290.00
13.5402	268.00
13.5607	234.00
13.5812	279.00
13.6016	249.00
13.6221	254.00
13.6425	259.00
13.663	255.00
13.6835	303.00
13.7039	263.00
13.7244	235.00
13.7449	274.00
13.7653	271.00
13.7858	254.00
13.8063	286.00
13.8267	263.00
13.8472	224.00
13.8676	266.00
13.8881	252.00
13.9086	240.00
13.929	250.00
13.9495	265.00
13.97	250.00
13.9904	245.00
14.0109	262.00
14.0313	242.00
14.0518	244.00
14.0723	241.00
14.0927	230.00
14.1132	249.00
14.1337	223.00
14.1541	216.00
14.1746	224.00
14.1951	204.00
14.2155	237.00
14.236	229.00
14.2564	227.00
14.2769	232.00
14.2974	218.00
14.3178	192.00
14.3383	257.00
14.3588	216.00
14.3792	225.00
14.3997	218.00
14.4201	259.00
14.4406	237.00
14.4611	210.00
14.4815	226.00
14.502	216.00
14.5225	216.00
14.5429	209.00
14.5634	204.00
14.5839	193.00
14.6043	205.00
14.6248	184.00
14.6452	203.00
14.6657	234.00
14.6862	217.00
14.7066	205.00
14.7271	178.00
14.7476	199.00
14.768	193.00
14.7885	202.00
14.8089	213.00
14.8294	197.00
14.8499	201.00
14.8703	195.00
14.8908	209.00
14.9113	206.00
14.9317	189.00
14.9522	188.00
14.9727	187.00
14.9931	180.00
15.0136	198.00
15.034	188.00
15.0545	183.00
15.075	180.00
15.0954	168.00
15.1159	186.00
15.1364	166.00
15.1568	212.00
15.1773	199.00
15.1977	165.00
15.2182	182.00
15.2387	181.00
15.2591	180.00
15.2796	167.00
15.3001	185.00
15.3205	183.00
15.341	198.00
15.3615	190.00
15.3819	180.00
15.4024	155.00
15.4228	171.00
15.4433	189.00
15.4638	161.00
15.4842	192.00
15.5047	203.00
15.5252	166.00
15.5456	193.00
15.5661	187.00
15.5865	149.00
15.607	182.00
15.6275	173.00
15.6479	170.00
15.6684	153.00
15.6889	205.00
15.7093	178.00
15.7298	194.00
15.7503	182.00
15.7707	174.00
15.7912	178.00
15.8116	165.00
15.8321	178.00
15.8526	170.00
15.873	201.00
15.8935	167.00
15.914	165.00
15.9344	158.00
15.9549	173.00
15.9753	177.00
15.9958	183.00
16.0163	180.00
16.0367	178.00
16.0572	174.00
16.0777	161.00
16.0981	151.00
16.1186	163.00
16.1391	179.00
16.1595	178.00
16.18	156.00
16.2004	163.00
16.2209	173.00
16.2414	165.00
16.2618	178.00
16.2823	159.00
16.3028	162.00
16.3232	166.00
16.3437	190.00
16.3641	175.00
16.3846	158.00
16.4051	143.00
16.4255	159.00
16.446	173.00
16.4665	169.00
16.4869	155.00
16.5074	178.00
16.5279	156.00
16.5483	165.00
16.5688	158.00
16.5892	179.00
16.6097	168.00
16.6302	169.00
16.6506	173.00
16.6711	155.00
16.6916	153.00
16.712	154.00
16.7325	140.00
16.7529	170.00
16.7734	174.00
16.7939	155.00
16.8143	174.00
16.8348	173.00
16.8553	172.00
16.8757	171.00
16.8962	158.00
16.9167	163.00
16.9371	177.00
16.9576	154.00
16.978	146.00
16.9985	170.00
17.019	152.00
17.0394	149.00
17.0599	146.00
17.0804	146.00
17.1008	139.00
17.1213	161.00
17.1417	150.00
17.1622	138.00
17.1827	166.00
17.2031	171.00
17.2236	161.00
17.2441	171.00
17.2645	157.00
17.285	152.00
17.3055	173.00
17.3259	154.00
17.3464	146.00
17.3668	161.00
17.3873	166.00
17.4078	136.00
17.4282	138.00
17.4487	177.00
17.4692	157.00
17.4896	165.00
17.5101	154.00
17.5305	148.00
17.551	152.00
17.5715	161.00
17.5919	129.00
17.6124	158.00
17.6329	143.00
17.6533	151.00
17.6738	176.00
17.6943	130.00
17.7147	154.00
17.7352	158.00
17.7556	168.00
17.7761	155.00
17.7966	183.00
17.817	158.00
17.8375	131.00
17.858	150.00
17.8784	167.00
17.8989	152.00
17.9193	117.00
17.9398	151.00
17.9603	146.00
17.9807	114.00
18.0012	161.00
18.0217	159.00
18.0421	166.00
18.0626	150.00
18.0831	141.00
18.1035	130.00
18.124	156.00
18.1444	131.00
18.1649	127.00
18.1854	175.00
18.2058	157.00
18.2263	139.00
18.2468	147.00
18.2672	152.00
18.2877	147.00
18.3081	138.00
18.3286	145.00
18.3491	178.00
18.3695	155.00
18.39	148.00
18.4105	167.00
18.4309	151.00
18.4514	163.00
18.4719	147.00
18.4923	165.00
18.5128	156.00
18.5332	135.00
18.5537	148.00
18.5742	139.00
18.5946	147.00
18.6151	137.00
18.6356	119.00
18.656	145.00
18.6765	137.00
18.6969	126.00
18.7174	135.00
18.7379	135.00
18.7583	168.00
18.7788	137.00
18.7993	148.00
18.8197	155.00
18.8402	137.00
18.8606	148.00
18.8811	135.00
18.9016	120.00
18.922	145.00
18.9425	134.00
18.963	115.00
18.9834	118.00
19.0039	137.00
19.0244	139.00
19.0448	119.00
19.0653	129.00
19.0857	113.00
19.1062	138.00
19.1267	117.00
19.1471	125.00
19.1676	138.00
19.1881	130.00
19.2085	144.00
19.229	152.00
19.2494	124.00
19.2699	128.00
19.2904	133.00
19.3108	127.00
19.3313	126.00
19.3518	99.00
19.3722	116.00
19.3927	118.00
19.4132	98.00
19.4336	124.00
19.4541	141.00
19.4745	123.00
19.495	114.00
19.5155	144.00
19.5359	112.00
19.5564	124.00
19.5769	125.00
19.5973	131.00
19.6178	141.00
19.6382	115.00
19.6587	118.00
19.6792	110.00
19.6996	123.00
19.7201	128.00
19.7406	133.00
19.761	132.00
19.7815	122.00
19.802	140.00
19.8224	104.00
19.8429	113.00
19.8633	132.00
19.8838	106.00
19.9043	121.00
19.9247	113.00
19.9452	107.00
19.9657	118.00
19.9861	115.00
20.0066	128.00
20.027	99.00
20.0475	110.00
20.068	117.00
20.0884	117.00
20.1089	120.00
20.1294	97.00
20.1498	127.00
20.1703	128.00
20.1908	111.00
20.2112	119.00
20.2317	111.00
20.2521	110.00
20.2726	120.00
20.2931	100.00
20.3135	113.00
20.334	113.00
20.3545	108.00
20.3749	112.00
20.3954	123.00
20.4158	118.00
20.4363	123.00
20.4568	113.00
20.4772	107.00
20.4977	102.00
20.5182	122.00
20.5386	124.00
20.5591	112.00
20.5796	125.00
20.6	116.00
20.6205	117.00
20.6409	127.00
20.6614	106.00
20.6819	112.00
20.7023	92.00
20.7228	101.00
20.7433	96.00
20.7637	112.00
20.7842	83.00
20.8046	104.00
20.8251	112.00
20.8456	103.00
20.866	116.00
20.8865	96.00
20.907	116.00
20.9274	94.00
20.9479	114.00
20.9684	109.00
20.9888	105.00
21.0093	98.00
21.0297	126.00
21.0502	101.00
21.0707	132.00
21.0911	104.00
21.1116	75.00
21.1321	109.00
21.1525	91.00
21.173	102.00
21.1934	80.00
21.2139	102.00
21.2344	99.00
21.2548	104.00
21.2753	103.00
21.2958	112.00
21.3162	107.00
21.3367	113.00
21.3572	109.00
21.3776	118.00
21.3981	102.00
21.4185	112.00
21.439	112.00
21.4595	91.00
21.4799	123.00
21.5004	89.00
21.5209	115.00
21.5413	106.00
21.5618	116.00
21.5822	102.00
21.6027	113.00
21.6232	103.00
21.6436	80.00
21.6641	108.00
21.6846	95.00
21.705	110.00
21.7255	87.00
21.746	99.00
21.7664	97.00
21.7869	106.00
21.8073	93.00
21.8278	96.00
21.8483	101.00
21.8687	103.00
21.8892	96.00
21.9097	96.00
21.9301	83.00
21.9506	89.00
21.971	84.00
21.9915	103.00
22.012	93.00
22.0324	89.00
22.0529	100.00
22.0734	93.00
22.0938	109.00
22.1143	83.00
22.1348	97.00
22.1552	79.00
22.1757	95.00
22.1961	101.00
22.2166	89.00
22.2371	90.00
22.2575	89.00
22.278	81.00
22.2985	108.00
22.3189	84.00
22.3394	90.00
22.3598	93.00
22.3803	84.00
22.4008	94.00
22.4212	93.00
22.4417	83.00
22.4622	92.00
22.4826	86.00
22.5031	83.00
22.5236	85.00
22.544	99.00
22.5645	79.00
22.5849	80.00
22.6054	90.00
22.6259	89.00
22.6463	97.00
22.6668	79.00
22.6873	101.00
22.7077	72.00
22.7282	81.00
22.7486	75.00
22.7691	88.00
22.7896	80.00
22.81	82.00
22.8305	75.00
22.851	74.00
22.8714	89.00
22.8919	70.00
22.9124	78.00
22.9328	67.00
22.9533	100.00
22.9737	88.00
22.9942	79.00
23.0147	81.00
23.0351	97.00
23.0556	104.00
23.0761	66.00
23.0965	73.00
23.117	86.00
23.1374	95.00
23.1579	91.00
23.1784	74.00
23.1988	88.00
23.2193	79.00
23.2398	92.00
23.2602	90.00
23.2807	83.00
23.3012	68.00
23.3216	85.00
23.3421	76.00
23.3625	80.00
23.383	84.00
23.4035	84.00
23.4239	82.00
23.4444	95.00
23.4649	81.00
23.4853	88.00
23.5058	96.00
23.5262	77.00
23.5467	78.00
23.5672	74.00
23.5876	89.00
23.6081	69.00
23.6286	74.00
23.649	101.00
23.6695	70.00
23.69	75.00
23.7104	88.00
23.7309	69.00
23.7513	77.00
23.7718	83.00
23.7923	79.00
23.8127	64.00
23.8332	75.00
23.8537	80.00
23.8741	66.00
23.8946	84.00
23.915	76.00
23.9355	94.00
23.956	86.00
23.9764	84.00
23.9969	74.00
24.0174	74.00
24.0378	73.00
24.0583	79.00
24.0788	75.00
24.0992	86.00
24.1197	80.00
24.1401	93.00
24.1606	83.00
24.1811	67.00
24.2015	91.00
24.222	76.00
24.2425	76.00
24.2629	77.00
24.2834	77.00
24.3038	76.00
24.3243	99.00
24.3448	96.00
24.3652	91.00
24.3857	80.00
24.4062	97.00
24.4266	130.00
24.4471	166.00
24.4676	199.00
24.488	268.00
24.5085	327.00
24.5289	387.00
24.5494	352.00
24.5699	332.00
24.5903	285.00
24.6108	220.00
24.6313	163.00
24.6517	130.00
24.6722	94.00
24.6926	87.00
24.7131	121.00
24.7336	90.00
24.754	95.00
24.7745	72.00
24.795	78.00
24.8154	83.00
24.8359	75.00
24.8564	82.00
24.8768	79.00
24.8973	76.00
24.9177	83.00
24.9382	63.00
24.9587	60.00
24.9791	57.00
24.9996	94.00
25.0201	60.00
25.0405	69.00
25.061	74.00
25.0814	69.00
25.1019	70.00
25.1224	62.00
25.1428	73.00
25.1633	75.00
25.1838	76.00
25.2042	87.00
25.2247	67.00
25.2452	79.00
25.2656	70.00
25.2861	73.00
25.3065	56.00
25.327	64.00
25.3475	64.00
25.3679	58.00
25.3884	66.00
25.4089	69.00
25.4293	64.00
25.4498	67.00
25.4702	65.00
25.4907	53.00
25.5112	57.00
25.5316	59.00
25.5521	54.00
25.5726	72.00
25.593	55.00
25.6135	58.00
25.634	63.00
25.6544	69.00
25.6749	70.00
25.6953	57.00
25.7158	41.00
25.7363	54.00
25.7567	52.00
25.7772	75.00
25.7977	71.00
25.8181	74.00
25.8386	53.00
25.859	66.00
25.8795	45.00
25.9	74.00
25.9204	61.00
25.9409	59.00
25.9614	50.00
25.9818	65.00
26.0023	64.00
26.0228	53.00
26.0432	57.00
26.0637	74.00
26.0841	50.00
26.1046	51.00
26.1251	57.00
26.1455	59.00
26.166	62.00
26.1865	47.00
26.2069	61.00
26.2274	54.00
26.2478	58.00
26.2683	54.00
26.2888	79.00
26.3092	64.00
26.3297	62.00
26.3502	49.00
26.3706	62.00
26.3911	44.00
26.4116	72.00
26.432	54.00
26.4525	55.00
26.4729	61.00
26.4934	64.00
26.5139	51.00
26.5343	52.00
26.5548	56.00
26.5753	47.00
26.5957	63.00
26.6162	40.00
26.6366	57.00
26.6571	56.00
26.6776	66.00
26.698	58.00
26.7185	62.00
26.739	42.00
26.7594	52.00
26.7799	54.00
26.8004	55.00
26.8208	65.00
26.8413	60.00
26.8617	63.00
26.8822	51.00
26.9027	51.00
26.9231	58.00
26.9436	56.00
26.9641	58.00
26.9845	34.00
27.005	47.00
27.0254	52.00
27.0459	49.00
27.0664	64.00
27.0868	54.00
27.1073	56.00
27.1278	47.00
27.1482	62.00
27.1687	47.00
27.1892	55.00
27.2096	60.00
27.2301	41.00
27.2505	47.00
27.271	44.00
27.2915	45.00
27.3119	54.00
27.3324	40.00
27.3529	50.00
27.3733	47.00
27.3938	54.00
27.4142	49.00
27.4347	56.00
27.4552	45.00
27.4756	43.00
27.4961	53.00
27.5166	43.00
27.537	52.00
27.5575	56.00
27.578	43.00
27.5984	48.00
27.6189	62.00
27.6393	55.00
27.6598	47.00
27.6803	48.00
27.7007	47.00
27.7212	52.00
27.7417	56.00
27.7621	44.00
27.7826	31.00
27.803	38.00
27.8235	46.00
27.844	49.00
27.8644	48.00
27.8849	42.00
27.9054	40.00
27.9258	37.00
27.9463	50.00
27.9668	40.00
27.9872	46.00
28.0077	43.00
28.0281	42.00
28.0486	41.00
28.0691	46.00
28.0895	44.00
28.11	46.00
28.1305	43.00
28.1509	37.00
28.1714	36.00
28.1918	40.00
28.2123	51.00
28.2328	31.00
28.2532	49.00
28.2737	37.00
28.2942	42.00
28.3146	41.00
28.3351	44.00
28.3556	27.00
28.376	38.00
28.3965	47.00
28.4169	36.00
28.4374	33.00
28.4579	53.00
28.4783	44.00
28.4988	49.00
28.5193	38.00
28.5397	43.00
28.5602	26.00
28.5806	46.00
28.6011	42.00
28.6216	40.00
28.642	44.00
28.6625	45.00
28.683	39.00
28.7034	32.00
28.7239	40.00
28.7444	35.00
28.7648	56.00
28.7853	34.00
28.8057	46.00
28.8262	34.00
28.8467	34.00
28.8671	32.00
28.8876	29.00
28.9081	32.00
28.9285	46.00
28.949	46.00
28.9694	28.00
28.9899	40.00
29.0104	51.00
29.0308	36.00
29.0513	41.00
29.0718	35.00
29.0922	34.00
29.1127	29.00
29.1332	37.00
29.1536	38.00
29.1741	37.00
29.1945	36.00
29.215	41.00
29.2355	37.00
29.2559	36.00
29.2764	50.00
29.2969	45.00
29.3173	35.00
29.3378	44.00
29.3582	37.00
29.3787	31.00
29.3992	39.00
29.4196	27.00
29.4401	28.00
29.4606	42.00
29.481	37.00
29.5015	48.00
29.522	35.00
29.5424	41.00
29.5629	25.00
29.5833	40.00
29.6038	29.00
29.6243	36.00
29.6447	36.00
29.6652	32.00
29.6857	36.00
29.7061	34.00
29.7266	34.00
29.747	27.00
29.7675	36.00
29.788	32.00
29.8084	37.00
29.8289	37.00
29.8494	24.00
29.8698	29.00
29.8903	45.00
29.9108	36.00
29.9312	31.00
29.9517	39.00
29.9721	25.00
29.9926	35.00
30.0131	31.00
30.0335	35.00
30.054	36.00
30.0745	43.00
30.0949	29.00
30.1154	42.00
30.1358	31.00
30.1563	35.00
30.1768	30.00
30.1972	43.00
30.2177	31.00
30.2382	36.00
30.2586	42.00
30.2791	31.00
30.2996	34.00
30.32	31.00
30.3405	39.00
30.3609	36.00
30.3814	47.00
30.4019	46.00
30.4223	43.00
30.4428	54.00
30.4633	50.00
30.4837	36.00
30.5042	51.00
30.5246	47.00
30.5451	45.00
30.5656	35.00
30.586	51.00
30.6065	32.00
30.627	43.00
30.6474	28.00
30.6679	35.00
30.6884	37.00
30.7088	34.00
30.7293	32.00
30.7497	36.00
30.7702	25.00
30.7907	34.00
30.8111	35.00
30.8316	27.00
30.8521	33.00
30.8725	28.00
30.893	24.00
30.9134	35.00
30.9339	26.00
30.9544	33.00
30.9748	31.00
30.9953	31.00
31.0158	30.00
31.0362	38.00
31.0567	33.00
31.0772	38.00
31.0976	34.00
31.1181	35.00
31.1385	28.00
31.159	38.00
31.1795	38.00
31.1999	41.00
31.2204	37.00
31.2409	34.00
31.2613	21.00
31.2818	33.00
31.3022	20.00
31.3227	28.00
31.3432	29.00
31.3636	29.00
31.3841	37.00
31.4046	28.00
31.425	32.00
31.4455	34.00
31.466	32.00
31.4864	29.00
31.5069	35.00
31.5273	29.00
31.5478	26.00
31.5683	32.00
31.5887	30.00
31.6092	31.00
31.6297	36.00
31.6501	39.00
31.6706	26.00
31.691	37.00
31.7115	31.00
31.732	30.00
31.7524	28.00
31.7729	25.00
31.7934	27.00
31.8138	33.00
31.8343	22.00
31.8548	29.00
31.8752	30.00
31.8957	29.00
31.9161	32.00
31.9366	38.00
31.9571	29.00
31.9775	31.00
31.998	38.00
32.0185	42.00
32.0389	31.00
32.0594	42.00
32.0798	32.00
32.1003	37.00
32.1208	29.00
32.1412	33.00
32.1617	29.00
32.1822	24.00
32.2026	32.00
32.2231	30.00
32.2436	28.00
32.264	26.00
32.2845	29.00
32.3049	30.00
32.3254	23.00
32.3459	36.00
32.3663	33.00
32.3868	34.00
32.4073	26.00
32.4277	40.00
32.4482	26.00
32.4686	36.00
32.4891	31.00
32.5096	39.00
32.53	40.00
32.5505	36.00
32.571	34.00
32.5914	41.00
32.6119	33.00
32.6324	24.00
32.6528	38.00
32.6733	28.00
32.6937	28.00
32.7142	36.00
32.7347	38.00
32.7551	30.00
32.7756	22.00
32.7961	33.00
32.8165	30.00
32.837	32.00
32.8574	36.00
32.8779	39.00
32.8984	34.00
32.9188	36.00
32.9393	28.00
32.9598	37.00
32.9802	39.00
33.0007	41.00
33.0212	46.00
33.0416	27.00
33.0621	47.00
33.0825	46.00
33.103	29.00
33.1235	46.00
33.1439	52.00
33.1644	46.00
33.1849	48.00
33.2053	47.00
33.2258	41.00
33.2462	63.00
33.2667	58.00
33.2872	73.00
33.3076	77.00
33.3281	80.00
33.3486	102.00
33.369	138.00
33.3895	157.00
33.41	221.00
33.4304	271.00
33.4509	410.00
33.4713	645.00
33.4918	913.00
33.5123	1064.00
33.5327	919.00
33.5532	898.00
33.5737	730.00
33.5941	681.00
33.6146	560.00
33.635	420.00
33.6555	277.00
33.676	208.00
33.6964	151.00
33.7169	150.00
33.7374	112.00
33.7578	75.00
33.7783	81.00
33.7988	76.00
33.8192	61.00
33.8397	60.00
33.8601	45.00
33.8806	49.00
33.9011	42.00
33.9215	49.00
33.942	45.00
33.9625	40.00
33.9829	44.00
34.0034	38.00
34.0238	37.00
34.0443	33.00
34.0648	36.00
34.0852	34.00
34.1057	35.00
34.1262	38.00
34.1466	35.00
34.1671	28.00
34.1876	34.00
34.208	32.00
34.2285	37.00
34.2489	36.00
34.2694	29.00
34.2899	39.00
34.3103	30.00
34.3308	38.00
34.3513	33.00
34.3717	32.00
34.3922	30.00
34.4126	32.00
34.4331	27.00
34.4536	26.00
34.474	27.00
34.4945	28.00
34.515	24.00
34.5354	31.00
34.5559	43.00
34.5764	32.00
34.5968	41.00
34.6173	32.00
34.6377	24.00
34.6582	28.00
34.6787	26.00
34.6991	30.00
34.7196	38.00
34.7401	31.00
34.7605	31.00
34.781	28.00
34.8014	35.00
34.8219	29.00
34.8424	25.00
34.8628	30.00
34.8833	35.00
34.9038	20.00
34.9242	22.00
34.9447	34.00
34.9652	27.00
34.9856	34.00
35.0061	23.00
35.0265	28.00
35.047	23.00
35.0675	25.00
35.0879	36.00
35.1084	32.00
35.1289	41.00
35.1493	30.00
35.1698	26.00
35.1902	26.00
35.2107	37.00
35.2312	38.00
35.2516	29.00
35.2721	40.00
35.2926	33.00
35.313	31.00
35.3335	28.00
35.354	27.00
35.3744	22.00
35.3949	31.00
35.4153	32.00
35.4358	27.00
35.4563	31.00
35.4767	19.00
35.4972	35.00
35.5177	29.00
35.5381	27.00
35.5586	31.00
35.579	31.00
35.5995	32.00
35.62	29.00
35.6404	38.00
35.6609	36.00
35.6814	37.00
35.7018	43.00
35.7223	44.00
35.7428	45.00
35.7632	49.00
35.7837	86.00
35.8041	105.00
35.8246	93.00
35.8451	142.00
35.8655	134.00
35.886	121.00
35.9065	167.00
35.9269	187.00
35.9474	298.00
35.9678	467.00
35.9883	650.00
36.0088	755.00
36.0292	703.00
36.0497	619.00
36.0702	515.00
36.0906	473.00
36.1111	467.00
36.1316	372.00
36.152	216.00
36.1725	155.00
36.1929	144.00
36.2134	99.00
36.2339	67.00
36.2543	74.00
36.2748	58.00
36.2953	54.00
36.3157	53.00
36.3362	44.00
36.3566	46.00
36.3771	22.00
36.3976	38.00
36.418	33.00
36.4385	33.00
36.459	33.00
36.4794	34.00
36.4999	34.00
36.5203	15.00
36.5408	26.00
36.5613	27.00
36.5817	32.00
36.6022	38.00
36.6227	26.00
36.6431	35.00
36.6636	21.00
36.6841	25.00
36.7045	39.00
36.725	30.00
36.7454	23.00
36.7659	30.00
36.7864	23.00
36.8068	19.00
36.8273	24.00
36.8478	18.00
36.8682	23.00
36.8887	26.00
36.9091	26.00
36.9296	28.00
36.9501	22.00
36.9705	27.00
36.991	23.00
37.0115	34.00
37.0319	32.00
37.0524	21.00
37.0729	36.00
37.0933	24.00
37.1138	32.00
37.1342	27.00
37.1547	40.00
37.1752	24.00
37.1956	31.00
37.2161	22.00
37.2366	18.00
37.257	33.00
37.2775	25.00
37.2979	30.00
37.3184	18.00
37.3389	17.00
37.3593	19.00
37.3798	14.00
37.4003	27.00
37.4207	26.00
37.4412	23.00
37.4617	14.00
37.4821	25.00
37.5026	27.00
37.523	15.00
37.5435	26.00
37.564	25.00
37.5844	32.00
37.6049	26.00
37.6254	15.00
37.6458	22.00
37.6663	18.00
37.6867	20.00
37.7072	30.00
37.7277	20.00
37.7481	23.00
37.7686	12.00
37.7891	24.00
37.8095	23.00
37.83	16.00
37.8505	15.00
37.8709	25.00
37.8914	18.00
37.9118	16.00
37.9323	20.00
37.9528	23.00
37.9732	14.00
37.9937	15.00
38.0142	12.00
38.0346	19.00
38.0551	20.00
38.0755	13.00
38.096	13.00
38.1165	19.00
38.1369	15.00
38.1574	18.00
38.1779	26.00
38.1983	19.00
38.2188	23.00
38.2393	17.00
38.2597	25.00
38.2802	16.00
38.3006	20.00
38.3211	15.00
38.3416	15.00
38.362	16.00
38.3825	21.00
38.403	22.00
38.4234	17.00
38.4439	24.00
38.4643	14.00
38.4848	17.00
38.5053	22.00
38.5257	24.00
38.5462	16.00
38.5667	16.00
38.5871	16.00
38.6076	22.00
38.6281	15.00
38.6485	23.00
38.669	23.00
38.6894	20.00
38.7099	19.00
38.7304	17.00
38.7508	13.00
38.7713	12.00
38.7918	20.00
38.8122	25.00
38.8327	22.00
38.8531	20.00
38.8736	18.00
38.8941	17.00
38.9145	17.00
38.935	12.00
38.9555	14.00
38.9759	15.00
38.9964	17.00
39.0169	18.00
39.0373	17.00
39.0578	17.00
39.0782	12.00
39.0987	13.00
39.1192	14.00
39.1396	22.00
39.1601	15.00
39.1806	18.00
39.201	21.00
39.2215	20.00
39.2419	15.00
39.2624	22.00
39.2829	17.00
39.3033	13.00
39.3238	18.00
39.3443	18.00
39.3647	18.00
39.3852	10.00
39.4057	18.00
39.4261	13.00
39.4466	18.00
39.467	16.00
39.4875	15.00
39.508	19.00
39.5284	19.00
39.5489	23.00
39.5694	26.00
39.5898	25.00
39.6103	25.00
39.6307	22.00
39.6512	26.00
39.6717	27.00
39.6921	22.00
39.7126	28.00
39.7331	23.00
39.7535	21.00
39.774	20.00
39.7945	23.00
39.8149	12.00
39.8354	20.00
39.8558	8.00
39.8763	21.00
39.8968	15.00
39.9172	9.00
39.9377	21.00
39.9582	16.00
39.9786	14.00
39.9991	19.00
40.0195	15.00
40.04	20.00
40.0605	17.00
40.0809	24.00
40.1014	14.00
40.1219	22.00
40.1423	20.00
40.1628	28.00
40.1833	17.00
40.2037	13.00
40.2242	21.00
40.2446	16.00
40.2651	12.00
40.2856	10.00
40.306	12.00
40.3265	19.00
40.347	19.00
40.3674	20.00
40.3879	19.00
40.4083	17.00
40.4288	15.00
40.4493	14.00
40.4697	18.00
40.4902	15.00
40.5107	20.00
40.5311	17.00
40.5516	18.00
40.5721	15.00
40.5925	14.00
40.613	23.00
40.6334	22.00
40.6539	14.00
40.6744	13.00
40.6948	25.00
40.7153	20.00
40.7358	16.00
40.7562	17.00
40.7767	12.00
40.7971	13.00
40.8176	18.00
40.8381	15.00
40.8585	18.00
40.879	22.00
40.8995	17.00
40.9199	13.00
40.9404	20.00
40.9609	23.00
40.9813	28.00
41.0018	22.00
41.0222	34.00
41.0427	28.00
41.0632	23.00
41.0836	40.00
41.1041	45.00
41.1246	57.00
41.145	97.00
41.1655	118.00
41.1859	198.00
41.2064	279.00
41.2269	303.00
41.2473	217.00
41.2678	174.00
41.2883	174.00
41.3087	182.00
41.3292	175.00
41.3497	141.00
41.3701	79.00
41.3906	92.00
41.411	57.00
41.4315	44.00
41.452	40.00
41.4724	28.00
41.4929	19.00
41.5134	30.00
41.5338	24.00
41.5543	12.00
41.5747	29.00
41.5952	27.00
41.6157	27.00
41.6361	20.00
41.6566	21.00
41.6771	18.00
41.6975	12.00
41.718	21.00
41.7385	14.00
41.7589	16.00
41.7794	17.00
41.7998	18.00
41.8203	12.00
41.8408	19.00
41.8612	11.00
41.8817	24.00
41.9022	12.00
41.9226	12.00
41.9431	11.00
41.9635	20.00
41.984	21.00
42.0045	14.00
42.0249	13.00
42.0454	17.00
42.0659	14.00
42.0863	18.00
42.1068	10.00
42.1273	14.00
42.1477	12.00
42.1682	15.00
42.1886	16.00
42.2091	10.00
42.2296	13.00
42.25	16.00
42.2705	20.00
42.291	10.00
42.3114	14.00
42.3319	12.00
42.3523	12.00
42.3728	13.00
42.3933	11.00
42.4137	7.00
42.4342	20.00
42.4547	8.00
42.4751	8.00
42.4956	7.00
42.5161	18.00
42.5365	11.00
42.557	13.00
42.5774	15.00
42.5979	12.00
42.6184	12.00
42.6388	8.00
42.6593	20.00
42.6798	17.00
42.7002	8.00
42.7207	9.00
42.7411	12.00
42.7616	13.00
42.7821	14.00
42.8025	13.00
42.823	12.00
42.8435	9.00
42.8639	17.00
42.8844	17.00
42.9049	14.00
42.9253	13.00
42.9458	7.00
42.9662	17.00
42.9867	16.00
43.0072	16.00
43.0276	13.00
43.0481	12.00
43.0686	14.00
43.089	7.00
43.1095	11.00
43.1299	8.00
43.1504	14.00
43.1709	14.00
43.1913	10.00
43.2118	8.00
43.2323	20.00
43.2527	11.00
43.2732	11.00
43.2937	8.00
43.3141	10.00
43.3346	19.00
43.355	13.00
43.3755	13.00
43.396	16.00
43.4164	22.00
43.4369	15.00
43.4574	16.00
43.4778	26.00
43.4983	20.00
43.5187	17.00
43.5392	15.00
43.5597	20.00
43.5801	23.00
43.6006	12.00
43.6211	21.00
43.6415	12.00
43.662	19.00
43.6825	18.00
43.7029	14.00
43.7234	11.00
43.7438	17.00
43.7643	8.00
43.7848	8.00
43.8052	20.00
43.8257	32.00
43.8462	32.00
43.8666	32.00
43.8871	43.00
43.9075	23.00
43.928	29.00
43.9485	19.00
43.9689	29.00
43.9894	19.00
44.0099	13.00
44.0303	17.00
44.0508	23.00
44.0713	19.00
44.0917	8.00
44.1122	15.00
44.1326	12.00
44.1531	6.00
44.1736	9.00
44.194	12.00
44.2145	16.00
44.235	11.00
44.2554	15.00
44.2759	8.00
44.2963	9.00
44.3168	13.00
44.3373	9.00
44.3577	13.00
44.3782	13.00
44.3987	6.00
44.4191	18.00
44.4396	10.00
44.4601	23.00
44.4805	11.00
44.501	16.00
44.5214	9.00
44.5419	9.00
44.5624	9.00
44.5828	13.00
44.6033	6.00
44.6238	8.00
44.6442	11.00
44.6647	11.00
44.6851	8.00
44.7056	14.00
44.7261	21.00
44.7465	16.00
44.767	11.00
44.7875	19.00
44.8079	15.00
44.8284	12.00
44.8489	9.00
44.8693	9.00
44.8898	12.00
44.9102	14.00
44.9307	11.00
44.9512	18.00
44.9716	7.00
44.9921	7.00
45.0126	12.00
45.033	16.00
45.0535	14.00
45.0739	16.00
45.0944	12.00
45.1149	9.00
45.1353	6.00
45.1558	19.00
45.1763	15.00
45.1967	8.00
45.2172	10.00
45.2377	15.00
45.2581	10.00
45.2786	13.00
45.299	11.00
45.3195	9.00
45.34	9.00
45.3604	16.00
45.3809	12.00
45.4014	14.00
45.4218	19.00
45.4423	11.00
45.4627	19.00
45.4832	12.00
45.5037	14.00
45.5241	14.00
45.5446	12.00
45.5651	13.00
45.5855	14.00
45.606	13.00
45.6265	9.00
45.6469	6.00
45.6674	11.00
45.6878	13.00
45.7083	5.00
45.7288	15.00
45.7492	12.00
45.7697	6.00
45.7902	6.00
45.8106	15.00
45.8311	5.00
45.8515	4.00
45.872	13.00
45.8925	13.00
45.9129	10.00
45.9334	9.00
45.9539	9.00
45.9743	11.00
45.9948	12.00
46.0153	8.00
46.0357	12.00
46.0562	9.00
46.0766	8.00
46.0971	15.00
46.1176	14.00
46.138	10.00
46.1585	16.00
46.179	8.00
46.1994	11.00
46.2199	7.00
46.2403	11.00
46.2608	14.00
46.2813	13.00
46.3017	10.00
46.3222	6.00
46.3427	16.00
46.3631	11.00
46.3836	16.00
46.4041	6.00
46.4245	7.00
46.445	11.00
46.4654	12.00
46.4859	12.00
46.5064	12.00
46.5268	10.00
46.5473	14.00
46.5678	11.00
46.5882	14.00
46.6087	9.00
46.6291	9.00
46.6496	16.00
46.6701	12.00
46.6905	10.00
46.711	9.00
46.7315	11.00
46.7519	5.00
46.7724	7.00
46.7929	10.00
46.8133	11.00
46.8338	11.00
46.8542	18.00
46.8747	11.00
46.8952	7.00
46.9156	12.00
46.9361	8.00
46.9566	6.00
46.977	8.00
46.9975	10.00
47.0179	12.00
47.0384	10.00
47.0589	6.00
47.0793	9.00
47.0998	14.00
47.1203	14.00
47.1407	12.00
47.1612	12.00
47.1817	10.00
47.2021	14.00
47.2226	7.00
47.243	13.00
47.2635	3.00
47.284	9.00
47.3044	8.00
47.3249	11.00
47.3454	6.00
47.3658	7.00
47.3863	14.00
47.4067	9.00
47.4272	10.00
47.4477	7.00
47.4681	15.00
47.4886	9.00
47.5091	11.00
47.5295	13.00
47.55	11.00
47.5705	13.00
47.5909	10.00
47.6114	10.00
47.6318	6.00
47.6523	13.00
47.6728	12.00
47.6932	10.00
47.7137	18.00
47.7342	12.00
47.7546	8.00
47.7751	14.00
47.7955	15.00
47.816	8.00
47.8365	7.00
47.8569	7.00
47.8774	15.00
47.8979	11.00
47.9183	13.00
47.9388	17.00
47.9593	9.00
47.9797	5.00
48.0002	8.00
48.0206	10.00
48.0411	9.00
48.0616	16.00
48.082	6.00
48.1025	16.00
48.123	9.00
48.1434	10.00
48.1639	10.00
48.1843	15.00
48.2048	11.00
48.2253	12.00
48.2457	6.00
48.2662	11.00
48.2867	9.00
48.3071	7.00
48.3276	7.00
48.3481	8.00
48.3685	11.00
48.389	8.00
48.4094	13.00
48.4299	15.00
48.4504	12.00
48.4708	6.00
48.4913	9.00
48.5118	10.00
48.5322	7.00
48.5527	5.00
48.5731	7.00
48.5936	11.00
48.6141	15.00
48.6345	13.00
48.655	12.00
48.6755	8.00
48.6959	12.00
48.7164	14.00
48.7369	16.00
48.7573	7.00
48.7778	10.00
48.7982	14.00
48.8187	9.00
48.8392	15.00
48.8596	10.00
48.8801	11.00
48.9006	9.00
48.921	17.00
48.9415	9.00
48.9619	10.00
48.9824	11.00
49.0029	13.00
49.0233	11.00
49.0438	12.00
49.0643	19.00
49.0847	16.00
49.1052	8.00
49.1257	9.00
49.1461	12.00
49.1666	5.00
49.187	10.00
49.2075	5.00
49.228	14.00
49.2484	13.00
49.2689	21.00
49.2894	18.00
49.3098	13.00
49.3303	12.00
49.3507	14.00
49.3712	16.00
49.3917	11.00
49.4121	19.00
49.4326	14.00
49.4531	21.00
49.4735	17.00
49.494	23.00
49.5145	20.00
49.5349	25.00
49.5554	21.00
49.5758	24.00
49.5963	28.00
49.6168	30.00
49.6372	30.00
49.6577	50.00
49.6782	51.00
49.6986	73.00
49.7191	101.00
49.7395	158.00
49.76	225.00
49.7805	321.00
49.8009	369.00
49.8214	347.00
49.8419	271.00
49.8623	185.00
49.8828	182.00
49.9033	207.00
49.9237	242.00
49.9442	203.00
49.9646	148.00
49.9851	88.00
50.0056	70.00
50.026	65.00
50.0465	53.00
50.067	45.00
50.0874	35.00
50.1079	32.00
50.1283	30.00
50.1488	24.00
50.1693	26.00
50.1897	21.00
50.2102	20.00
50.2307	9.00
50.2511	14.00
50.2716	14.00
50.2921	15.00
50.3125	12.00
50.333	12.00
50.3534	9.00
50.3739	14.00
50.3944	7.00
50.4148	9.00
50.4353	14.00
50.4558	15.00
50.4762	11.00
50.4967	18.00
50.5171	13.00
50.5376	13.00
50.5581	16.00
50.5785	13.00
50.599	21.00
50.6195	14.00
50.6399	13.00
50.6604	9.00
50.6809	10.00
50.7013	10.00
50.7218	11.00
50.7422	10.00
50.7627	11.00
50.7832	10.00
50.8036	15.00
50.8241	8.00
50.8446	13.00
50.865	14.00
50.8855	7.00
50.9059	9.00
50.9264	11.00
50.9469	8.00
50.9673	17.00
50.9878	13.00
51.0083	10.00
51.0287	8.00
51.0492	12.00
51.0697	9.00
51.0901	10.00
51.1106	13.00
51.131	7.00
51.1515	11.00
51.172	17.00
51.1924	11.00
51.2129	13.00
51.2334	11.00
51.2538	7.00
51.2743	9.00
51.2947	7.00
51.3152	12.00
51.3357	10.00
51.3561	11.00
51.3766	10.00
51.3971	8.00
51.4175	9.00
51.438	3.00
51.4585	15.00
51.4789	11.00
51.4994	9.00
51.5198	7.00
51.5403	8.00
51.5608	10.00
51.5812	15.00
51.6017	9.00
51.6222	10.00
51.6426	10.00
51.6631	12.00
51.6835	7.00
51.704	10.00
51.7245	10.00
51.7449	9.00
51.7654	16.00
51.7859	14.00
51.8063	11.00
51.8268	7.00
51.8473	11.00
51.8677	9.00
51.8882	10.00
51.9086	11.00
51.9291	13.00
51.9496	10.00
51.97	11.00
51.9905	7.00
52.011	12.00
52.0314	13.00
52.0519	9.00
52.0723	7.00
52.0928	10.00
52.1133	9.00
52.1337	8.00
52.1542	7.00
52.1747	10.00
52.1951	7.00
52.2156	10.00
52.2361	12.00
52.2565	9.00
52.277	9.00
52.2974	12.00
52.3179	7.00
52.3384	11.00
52.3588	10.00
52.3793	10.00
52.3998	4.00
52.4202	6.00
52.4407	9.00
52.4611	11.00
52.4816	9.00
52.5021	9.00
52.5225	5.00
52.543	9.00
52.5635	8.00
52.5839	15.00
52.6044	8.00
52.6249	11.00
52.6453	8.00
52.6658	19.00
52.6862	14.00
52.7067	12.00
52.7272	12.00
52.7476	7.00
52.7681	7.00
52.7886	12.00
52.809	11.00
52.8295	11.00
52.8499	11.00
52.8704	12.00
52.8909	12.00
52.9113	13.00
52.9318	10.00
52.9523	10.00
52.9727	10.00
52.9932	12.00
53.0137	6.00
53.0341	10.00
53.0546	12.00
53.075	5.00
53.0955	11.00
53.116	15.00
53.1364	7.00
53.1569	8.00
53.1774	13.00
53.1978	7.00
53.2183	12.00
53.2387	13.00
53.2592	11.00
53.2797	15.00
53.3001	8.00
53.3206	12.00
53.3411	15.00
53.3615	9.00
53.382	4.00
53.4025	14.00
53.4229	9.00
53.4434	11.00
53.4638	8.00
53.4843	12.00
53.5048	8.00
53.5252	19.00
53.5457	8.00
53.5662	7.00
53.5866	6.00
53.6071	9.00
53.6275	19.00
53.648	18.00
53.6685	15.00
53.6889	11.00
53.7094	8.00
53.7299	20.00
53.7503	13.00
53.7708	17.00
53.7913	13.00
53.8117	14.00
53.8322	23.00
53.8526	20.00
53.8731	12.00
53.8936	23.00
53.914	16.00
53.9345	13.00
53.955	17.00
53.9754	20.00
53.9959	24.00
54.0163	23.00
54.0368	21.00
54.0573	37.00
54.0777	13.00
54.0982	25.00
54.1187	34.00
54.1391	32.00
54.1596	38.00
54.18	41.00
54.2005	43.00
54.221	51.00
54.2414	60.00
54.2619	73.00
54.2824	110.00
54.3028	160.00
54.3233	270.00
54.3438	334.00
54.3642	457.00
54.3847	414.00
54.4051	359.00
54.4256	270.00
54.4461	200.00
54.4665	206.00
54.487	245.00
54.5075	283.00
54.5279	270.00
54.5484	199.00
54.5688	146.00
54.5893	104.00
54.6098	83.00
54.6302	59.00
54.6507	42.00
54.6712	43.00
54.6916	39.00
54.7121	36.00
54.7326	29.00
54.753	20.00
54.7735	26.00
54.7939	23.00
54.8144	19.00
54.8349	19.00
54.8553	19.00
54.8758	17.00
54.8963	21.00
54.9167	11.00
54.9372	11.00
54.9576	12.00
54.9781	20.00
54.9986	8.00
55.019	15.00
55.0395	9.00
55.06	11.00
55.0804	9.00
55.1009	8.00
55.1214	14.00
55.1418	9.00
55.1623	11.00
55.1827	12.00
55.2032	14.00
55.2237	7.00
55.2441	13.00
55.2646	11.00
55.2851	19.00
55.3055	14.00
55.326	12.00
55.3464	10.00
55.3669	8.00
55.3874	10.00
55.4078	7.00
55.4283	8.00
55.4488	12.00
55.4692	8.00
55.4897	6.00
55.5102	8.00
55.5306	8.00
55.5511	5.00
55.5715	10.00
55.592	10.00
55.6125	12.00
55.6329	13.00
55.6534	12.00
55.6739	12.00
55.6943	9.00
55.7148	9.00
55.7352	6.00
55.7557	11.00
55.7762	8.00
55.7966	6.00
55.8171	8.00
55.8376	7.00
55.858	7.00
55.8785	8.00
55.899	10.00
55.9194	14.00
55.9399	14.00
55.9603	10.00
55.9808	8.00
56.0013	13.00
56.0217	6.00
56.0422	9.00
56.0627	12.00
56.0831	10.00
56.1036	8.00
56.124	11.00
56.1445	13.00
56.165	9.00
56.1854	6.00
56.2059	13.00
56.2264	11.00
56.2468	8.00
56.2673	10.00
56.2878	8.00
56.3082	11.00
56.3287	11.00
56.3491	2.00
56.3696	13.00
56.3901	13.00
56.4105	4.00
56.431	14.00
56.4515	12.00
56.4719	16.00
56.4924	12.00
56.5128	20.00
56.5333	11.00
56.5538	9.00
56.5742	11.00
56.5947	8.00
56.6152	15.00
56.6356	14.00
56.6561	14.00
56.6766	10.00
56.697	10.00
56.7175	7.00
56.7379	15.00
56.7584	10.00
56.7789	5.00
56.7993	8.00
56.8198	5.00
56.8403	10.00
56.8607	7.00
56.8812	7.00
56.9016	5.00
56.9221	6.00
56.9426	6.00
56.963	8.00
56.9835	13.00
57.004	11.00
57.0244	9.00
57.0449	14.00
57.0654	11.00
57.0858	6.00
57.1063	10.00
57.1267	13.00
57.1472	10.00
57.1677	12.00
57.1881	10.00
57.2086	10.00
57.2291	15.00
57.2495	15.00
57.27	17.00
57.2904	14.00
57.3109	19.00
57.3314	23.00
57.3518	21.00
57.3723	18.00
57.3928	19.00
57.4132	15.00
57.4337	13.00
57.4542	20.00
57.4746	15.00
57.4951	18.00
57.5155	14.00
57.536	12.00
57.5565	17.00
57.5769	28.00
57.5974	12.00
57.6179	14.00
57.6383	22.00
57.6588	19.00
57.6792	19.00
57.6997	22.00
57.7202	29.00
57.7406	40.00
57.7611	50.00
57.7816	47.00
57.802	63.00
57.8225	66.00
57.843	88.00
57.8634	80.00
57.8839	82.00
57.9043	72.00
57.9248	65.00
57.9453	47.00
57.9657	49.00
57.9862	45.00
58.0067	47.00
58.0271	41.00
58.0476	46.00
58.068	23.00
58.0885	30.00
58.109	14.00
58.1294	18.00
58.1499	20.00
58.1704	14.00
58.1908	9.00
58.2113	8.00
58.2318	16.00
58.2522	6.00
58.2727	9.00
58.2931	9.00
58.3136	10.00
58.3341	15.00
58.3545	8.00
58.375	9.00
58.3955	12.00
58.4159	11.00
58.4364	9.00
58.4568	6.00
58.4773	7.00
58.4978	12.00
58.5182	9.00
58.5387	8.00
58.5592	9.00
58.5796	4.00
58.6001	11.00
58.6206	5.00
58.641	9.00
58.6615	6.00
58.6819	5.00
58.7024	8.00
58.7229	2.00
58.7433	7.00
58.7638	6.00
58.7843	5.00
58.8047	6.00
58.8252	15.00
58.8456	8.00
58.8661	11.00
58.8866	8.00
58.907	11.00
58.9275	5.00
58.948	7.00
58.9684	5.00
58.9889	4.00
59.0094	11.00
59.0298	6.00
59.0503	10.00
59.0707	5.00
59.0912	8.00
59.1117	6.00
59.1321	10.00
59.1526	15.00
59.1731	11.00
59.1935	7.00
59.214	8.00
59.2344	13.00
59.2549	10.00
59.2754	9.00
59.2958	7.00
59.3163	13.00
59.3368	6.00
59.3572	9.00
59.3777	11.00
59.3982	6.00
59.4186	6.00
59.4391	6.00
59.4595	12.00
59.48	11.00
59.5005	9.00
59.5209	6.00
59.5414	9.00
59.5619	8.00
59.5823	10.00
59.6028	15.00
59.6232	8.00
59.6437	6.00
59.6642	8.00
59.6846	4.00
59.7051	4.00
59.7256	12.00
59.746	5.00
59.7665	7.00
59.787	12.00
59.8074	8.00
59.8279	8.00
59.8483	7.00
59.8688	12.00
59.8893	10.00
59.9097	9.00
59.9302	8.00
59.9507	8.00
59.9711	9.00
59.9916	6.00
60.012	7.00
60.0325	13.00
60.053	11.00
60.0734	10.00
60.0939	4.00
60.1144	8.00
60.1348	11.00
60.1553	5.00
60.1758	5.00
60.1962	6.00
60.2167	10.00
60.2371	8.00
60.2576	9.00
60.2781	9.00
60.2985	9.00
60.319	6.00
60.3395	6.00
60.3599	9.00
60.3804	6.00
60.4008	9.00
60.4213	9.00
60.4418	5.00
60.4622	8.00
60.4827	6.00
60.5032	9.00
60.5236	4.00
60.5441	6.00
60.5646	16.00
60.585	5.00
60.6055	7.00
60.6259	9.00
60.6464	8.00
60.6669	7.00
60.6873	6.00
60.7078	11.00
60.7283	8.00
60.7487	4.00
60.7692	8.00
60.7896	4.00
60.8101	9.00
60.8306	9.00
60.851	8.00
60.8715	8.00
60.892	4.00
60.9124	4.00
60.9329	10.00
60.9534	12.00
60.9738	6.00
60.9943	7.00
61.0147	9.00
61.0352	8.00
61.0557	4.00
61.0761	7.00
61.0966	8.00
61.1171	14.00
61.1375	9.00
61.158	11.00
61.1784	8.00
61.1989	9.00
61.2194	9.00
61.2398	9.00
61.2603	4.00
61.2808	10.00
61.3012	8.00
61.3217	11.00
61.3422	7.00
61.3626	9.00
61.3831	7.00
61.4035	13.00
61.424	7.00
61.4445	7.00
61.4649	10.00
61.4854	8.00
61.5059	9.00
61.5263	11.00
61.5468	4.00
61.5672	11.00
61.5877	5.00
61.6082	8.00
61.6286	11.00
61.6491	9.00
61.6696	11.00
61.69	6.00
61.7105	10.00
61.731	9.00
61.7514	9.00
61.7719	9.00
61.7923	9.00
61.8128	10.00
61.8333	5.00
61.8537	12.00
61.8742	9.00
61.8947	12.00
61.9151	12.00
61.9356	13.00
61.956	10.00
61.9765	7.00
61.997	14.00
62.0174	8.00
62.0379	3.00
62.0584	6.00
62.0788	7.00
62.0993	11.00
62.1198	8.00
62.1402	4.00
62.1607	11.00
62.1811	14.00
62.2016	10.00
62.2221	6.00
62.2425	11.00
62.263	10.00
62.2835	11.00
62.3039	6.00
62.3244	9.00
62.3448	13.00
62.3653	8.00
62.3858	18.00
62.4062	15.00
62.4267	15.00
62.4472	13.00
62.4676	14.00
62.4881	16.00
62.5086	25.00
62.529	21.00
62.5495	25.00
62.5699	42.00
62.5904	34.00
62.6109	35.00
62.6313	49.00
62.6518	55.00
62.6723	97.00
62.6927	135.00
62.7132	175.00
62.7336	277.00
62.7541	283.00
62.7746	275.00
62.795	208.00
62.8155	156.00
62.836	126.00
62.8564	114.00
62.8769	125.00
62.8974	150.00
62.9178	190.00
62.9383	176.00
62.9587	133.00
62.9792	132.00
62.9997	83.00
63.0201	54.00
63.0406	40.00
63.0611	48.00
63.0815	47.00
63.102	27.00
63.1224	26.00
63.1429	29.00
63.1634	21.00
63.1838	19.00
63.2043	16.00
63.2248	19.00
63.2452	11.00
63.2657	21.00
63.2862	12.00
63.3066	10.00
63.3271	8.00
63.3475	13.00
63.368	10.00
63.3885	6.00
63.4089	12.00
63.4294	17.00
63.4499	10.00
63.4703	16.00
63.4908	11.00
63.5112	11.00
63.5317	10.00
63.5522	10.00
63.5726	12.00
63.5931	12.00
63.6136	10.00
63.634	6.00
63.6545	18.00
63.675	13.00
63.6954	12.00
63.7159	8.00
63.7363	12.00
63.7568	8.00
63.7773	11.00
63.7977	8.00
63.8182	12.00
63.8387	12.00
63.8591	9.00
63.8796	18.00
63.9	9.00
63.9205	8.00
63.941	14.00
63.9614	21.00
63.9819	17.00
64.0024	27.00
64.0228	27.00
64.0433	21.00
64.0638	14.00
64.0842	18.00
64.1047	21.00
64.1251	31.00
64.1456	32.00
64.1661	40.00
64.1865	39.00
64.207	38.00
64.2275	65.00
64.2479	81.00
64.2684	134.00
64.2888	177.00
64.3093	259.00
64.3298	327.00
64.3502	274.00
64.3707	228.00
64.3912	150.00
64.4116	112.00
64.4321	95.00
64.4526	87.00
64.473	110.00
64.4935	165.00
64.5139	183.00
64.5344	149.00
64.5549	134.00
64.5753	68.00
64.5958	52.00
64.6163	49.00
64.6367	34.00
64.6572	26.00
64.6776	27.00
64.6981	14.00
64.7186	15.00
64.739	14.00
64.7595	15.00
64.78	12.00
64.8004	11.00
64.8209	12.00
64.8414	16.00
64.8618	13.00
64.8823	6.00
64.9027	11.00
64.9232	7.00
64.9437	10.00
64.9641	4.00
64.9846	16.00
65.0051	6.00
65.0255	4.00
65.046	14.00
65.0664	3.00
65.0869	7.00
65.1074	7.00
65.1278	10.00
65.1483	10.00
65.1688	8.00
65.1892	4.00
65.2097	7.00
65.2302	9.00
65.2506	11.00
65.2711	5.00
65.2915	6.00
65.312	4.00
65.3325	8.00
65.3529	12.00
65.3734	15.00
65.3939	5.00
65.4143	6.00
65.4348	11.00
65.4552	9.00
65.4757	9.00
65.4962	11.00
65.5166	10.00
65.5371	4.00
65.5576	6.00
65.578	8.00
65.5985	12.00
65.619	11.00
65.6394	6.00
65.6599	12.00
65.6803	3.00
65.7008	7.00
65.7213	3.00
65.7417	14.00
65.7622	6.00
65.7827	8.00
65.8031	6.00
65.8236	6.00
65.844	9.00
65.8645	10.00
65.885	5.00
65.9054	10.00
65.9259	4.00
65.9464	8.00
65.9668	7.00
65.9873	6.00
66.0078	6.00
66.0282	7.00
66.0487	5.00
66.0691	12.00
66.0896	10.00
66.1101	5.00
66.1305	9.00
66.151	9.00
66.1715	8.00
66.1919	6.00
66.2124	7.00
66.2328	5.00
66.2533	10.00
66.2738	8.00
66.2942	12.00
66.3147	13.00
66.3352	12.00
66.3556	3.00
66.3761	16.00
66.3966	7.00
66.417	5.00
66.4375	13.00
66.4579	10.00
66.4784	10.00
66.4989	9.00
66.5193	13.00
66.5398	7.00
66.5603	9.00
66.5807	7.00
66.6012	13.00
66.6216	6.00
66.6421	4.00
66.6626	4.00
66.683	3.00
66.7035	7.00
66.724	5.00
66.7444	4.00
66.7649	7.00
66.7854	6.00
66.8058	7.00
66.8263	3.00
66.8467	5.00
66.8672	5.00
66.8877	3.00
66.9081	11.00
66.9286	9.00
66.9491	8.00
66.9695	5.00
66.99	6.00
67.0104	3.00
67.0309	7.00
67.0514	8.00
67.0718	5.00
67.0923	8.00
67.1128	7.00
67.1332	10.00
67.1537	3.00
67.1742	8.00
67.1946	5.00
67.2151	10.00
67.2355	4.00
67.256	6.00
67.2765	8.00
67.2969	9.00
67.3174	7.00
67.3379	4.00
67.3583	4.00
67.3788	4.00
67.3992	10.00
67.4197	8.00
67.4402	3.00
67.4606	3.00
67.4811	7.00
67.5016	9.00
67.522	5.00
67.5425	8.00
67.563	6.00
67.5834	10.00
67.6039	5.00
67.6243	3.00
67.6448	3.00
67.6653	5.00
67.6857	6.00
67.7062	8.00
67.7267	2.00
67.7471	5.00
67.7676	7.00
67.788	11.00
67.8085	5.00
67.829	5.00
67.8494	8.00
67.8699	7.00
67.8904	4.00
67.9108	7.00
67.9313	10.00
67.9518	3.00
67.9722	4.00
67.9927	7.00
68.0131	5.00
68.0336	5.00
68.0541	9.00
68.0745	10.00
68.095	8.00
68.1155	4.00
68.1359	5.00
68.1564	13.00
68.1768	5.00
68.1973	11.00
68.2178	7.00
68.2382	9.00
68.2587	7.00
68.2792	7.00
68.2996	6.00
68.3201	12.00
68.3406	9.00
68.361	5.00
68.3815	6.00
68.4019	6.00
68.4224	8.00
68.4429	6.00
68.4633	6.00
68.4838	6.00
68.5043	6.00
68.5247	5.00
68.5452	10.00
68.5656	7.00
68.5861	10.00
68.6066	6.00
68.627	8.00
68.6475	5.00
68.668	8.00
68.6884	3.00
68.7089	4.00
68.7294	9.00
68.7498	8.00
68.7703	9.00
68.7907	4.00
68.8112	4.00
68.8317	9.00
68.8521	12.00
68.8726	7.00
68.8931	5.00
68.9135	4.00
68.934	7.00
68.9544	4.00
68.9749	5.00
68.9954	7.00
69.0158	2.00
69.0363	3.00
69.0568	4.00
69.0772	10.00
69.0977	4.00
69.1182	9.00
69.1386	6.00
69.1591	5.00
69.1795	6.00
69.2	5.00
69.2205	4.00
69.2409	2.00
69.2614	3.00
69.2819	7.00
69.3023	7.00
69.3228	10.00
69.3432	7.00
69.3637	11.00
69.3842	4.00
69.4046	5.00
69.4251	7.00
69.4456	5.00
69.466	4.00
69.4865	10.00
69.507	6.00
69.5274	5.00
69.5479	8.00
69.5683	8.00
69.5888	5.00
69.6093	9.00
69.6297	6.00
69.6502	10.00
69.6707	10.00
69.6911	12.00
69.7116	11.00
69.732	13.00
69.7525	16.00
69.773	12.00
69.7934	16.00
69.8139	24.00
69.8344	28.00
69.8548	29.00
69.8753	30.00
69.8958	21.00
69.9162	18.00
69.9367	17.00
69.9571	15.00
69.9776	19.00
69.9981	23.00
70.0185	13.00
70.039	27.00
70.0595	23.00
70.0799	18.00
70.1004	17.00
70.1208	10.00
70.1413	9.00
70.1618	10.00
70.1822	7.00
70.2027	6.00
70.2232	4.00
70.2436	5.00
70.2641	7.00
70.2846	7.00
70.305	8.00
70.3255	6.00
70.3459	4.00
70.3664	4.00
70.3869	5.00
70.4073	5.00
70.4278	3.00
70.4483	6.00
70.4687	10.00
70.4892	5.00
70.5096	9.00
70.5301	7.00
70.5506	5.00
70.571	4.00
70.5915	8.00
70.612	8.00
70.6324	6.00
70.6529	9.00
70.6734	8.00
70.6938	4.00
70.7143	5.00
70.7347	9.00
70.7552	4.00
70.7757	3.00
70.7961	3.00
70.8166	4.00
70.8371	5.00
70.8575	3.00
70.878	5.00
70.8984	7.00
70.9189	7.00
70.9394	6.00
70.9598	10.00
70.9803	5.00
71.0008	4.00
71.0212	9.00
71.0417	10.00
71.0622	6.00
71.0826	10.00
71.1031	3.00
71.1235	3.00
71.144	6.00
71.1645	9.00
71.1849	10.00
71.2054	8.00
71.2259	3.00
71.2463	7.00
71.2668	5.00
71.2872	6.00
71.3077	4.00
71.3282	5.00
71.3486	9.00
71.3691	3.00
71.3896	4.00
71.41	5.00
71.4305	5.00
71.451	10.00
71.4714	4.00
71.4919	3.00
71.5123	8.00
71.5328	8.00
71.5533	6.00
71.5737	5.00
71.5942	7.00
71.6147	4.00
71.6351	6.00
71.6556	4.00
71.676	9.00
71.6965	16.00
71.717	6.00
71.7374	8.00
71.7579	10.00
71.7784	11.00
71.7988	12.00
71.8193	12.00
71.8398	8.00
71.8602	11.00
71.8807	18.00
71.9011	16.00
71.9216	8.00
71.9421	14.00
71.9625	10.00
71.983	15.00
72.0035	20.00
72.0239	11.00
72.0444	19.00
72.0648	32.00
72.0853	40.00
72.1058	60.00
72.1262	76.00
72.1467	86.00
72.1672	62.00
72.1876	72.00
72.2081	55.00
72.2285	40.00
72.249	46.00
72.2695	41.00
72.2899	43.00
72.3104	41.00
72.3309	52.00
72.3513	43.00
72.3718	53.00
72.3923	50.00
72.4127	44.00
72.4332	27.00
72.4536	42.00
72.4741	31.00
72.4946	32.00
72.515	34.00
72.5355	26.00
72.556	21.00
72.5764	14.00
72.5969	16.00
72.6173	15.00
72.6378	14.00
72.6583	19.00
72.6787	11.00
72.6992	21.00
72.7197	26.00
72.7401	15.00
72.7606	12.00
72.7811	9.00
72.8015	17.00
72.822	10.00
72.8424	11.00
72.8629	15.00
72.8834	16.00
72.9038	5.00
72.9243	3.00
72.9448	5.00
72.9652	7.00
72.9857	9.00
73.0061	9.00
73.0266	9.00
73.0471	7.00
73.0675	4.00
73.088	3.00
73.1085	8.00
73.1289	5.00
73.1494	5.00
73.1699	4.00
73.1903	7.00
73.2108	10.00
73.2312	2.00
73.2517	3.00
73.2722	8.00
73.2926	8.00
73.3131	7.00
73.3336	3.00
73.354	7.00
73.3745	9.00
73.3949	6.00
73.4154	10.00
73.4359	7.00
73.4563	4.00
73.4768	7.00
73.4973	4.00
73.5177	6.00
73.5382	5.00
73.5587	6.00
73.5791	5.00
73.5996	5.00
73.62	9.00
73.6405	8.00
73.661	5.00
73.6814	4.00
73.7019	12.00
73.7224	6.00
73.7428	7.00
73.7633	5.00
73.7837	7.00
73.8042	7.00
73.8247	7.00
73.8451	5.00
73.8656	6.00
73.8861	4.00
73.9065	7.00
73.927	4.00
73.9475	6.00
73.9679	6.00
73.9884	8.00
74.0088	8.00
74.0293	5.00
74.0498	3.00
74.0702	6.00
74.0907	6.00
74.1112	5.00
74.1316	9.00
74.1521	4.00
74.1725	4.00
74.193	6.00
74.2135	5.00
74.2339	5.00
74.2544	5.00
74.2749	6.00
74.2953	11.00
74.3158	8.00
74.3363	8.00
74.3567	5.00
74.3772	8.00
74.3976	8.00
74.4181	5.00
74.4386	6.00
74.459	8.00
74.4795	8.00
74.5	4.00
74.5204	4.00
74.5409	8.00
74.5613	4.00
74.5818	11.00
74.6023	7.00
74.6227	5.00
74.6432	5.00
74.6637	6.00
74.6841	5.00
74.7046	9.00
74.7251	8.00
74.7455	3.00
74.766	5.00
74.7864	5.00
74.8069	8.00
74.8274	9.00
74.8478	4.00
74.8683	2.00
74.8888	5.00
74.9092	7.00
74.9297	7.00
74.9501	6.00
74.9706	6.00
74.9911	2.00
75.0115	6.00
75.032	10.00
75.0525	7.00
75.0729	3.00
75.0934	8.00
75.1139	5.00
75.1343	1.00
75.1548	2.00
75.1752	5.00
75.1957	11.00
75.2162	7.00
75.2366	3.00
75.2571	8.00
75.2776	4.00
75.298	6.00
75.3185	2.00
75.3389	5.00
75.3594	12.00
75.3799	7.00
75.4003	3.00
75.4208	12.00
75.4413	9.00
75.4617	9.00
75.4822	7.00
75.5027	8.00
75.5231	9.00
75.5436	14.00
75.564	16.00
75.5845	9.00
75.605	9.00
75.6254	15.00
75.6459	25.00
75.6664	23.00
75.6868	25.00
75.7073	43.00
75.7277	52.00
75.7482	58.00
75.7687	70.00
75.7891	60.00
75.8096	35.00
75.8301	27.00
75.8505	23.00
75.871	20.00
75.8915	19.00
75.9119	13.00
75.9324	19.00
75.9528	50.00
75.9733	39.00
75.9938	36.00
76.0142	32.00
76.0347	16.00
76.0552	18.00
76.0756	9.00
76.0961	17.00
76.1165	9.00
76.137	11.00
76.1575	7.00
76.1779	4.00
76.1984	13.00
76.2189	4.00
76.2393	7.00
76.2598	8.00
76.2803	7.00
76.3007	8.00
76.3212	8.00
76.3416	3.00
76.3621	5.00
76.3826	6.00
76.403	7.00
76.4235	6.00
76.444	7.00
76.4644	6.00
76.4849	6.00
76.5053	7.00
76.5258	2.00
76.5463	3.00
76.5667	6.00
76.5872	9.00
76.6077	4.00
76.6281	5.00
76.6486	6.00
76.6691	6.00
76.6895	4.00
76.71	7.00
76.7304	7.00
76.7509	6.00
76.7714	8.00
76.7918	7.00
76.8123	7.00
76.8328	7.00
76.8532	6.00
76.8737	3.00
76.8941	4.00
76.9146	12.00
76.9351	4.00
76.9555	5.00
76.976	8.00
76.9965	4.00
77.0169	3.00
77.0374	1.00
77.0579	8.00
77.0783	2.00
77.0988	3.00
77.1192	3.00
77.1397	6.00
77.1602	8.00
77.1806	10.00
77.2011	6.00
77.2216	7.00
77.242	3.00
77.2625	5.00
77.2829	7.00
77.3034	4.00
77.3239	5.00
77.3443	6.00
77.3648	3.00
77.3853	4.00
77.4057	5.00
77.4262	4.00
77.4467	7.00
77.4671	9.00
77.4876	2.00
77.508	4.00
77.5285	2.00
77.549	2.00
77.5694	4.00
77.5899	6.00
77.6104	4.00
77.6308	3.00
77.6513	4.00
77.6717	8.00
77.6922	4.00
77.7127	12.00
77.7331	6.00
77.7536	6.00
77.7741	9.00
77.7945	4.00
77.815	3.00
77.8355	7.00
77.8559	3.00
77.8764	9.00
77.8968	14.00
77.9173	11.00
77.9378	14.00
77.9582	17.00
77.9787	13.00
77.9992	29.00
78.0196	30.00
78.0401	15.00
78.0605	17.00
78.081	15.00
78.1015	15.00
78.1219	11.00
78.1424	13.00
78.1629	16.00
78.1833	15.00
78.2038	17.00
78.2243	20.00
78.2447	12.00
78.2652	7.00
78.2856	3.00
78.3061	14.00
78.3266	12.00
78.347	8.00
78.3675	12.00
78.388	4.00
78.4084	9.00
78.4289	4.00
78.4493	7.00
78.4698	4.00
78.4903	6.00
78.5107	11.00
78.5312	4.00
78.5517	9.00
78.5721	8.00
78.5926	3.00
78.6131	1.00
78.6335	8.00
78.654	4.00
78.6744	5.00
78.6949	4.00
78.7154	7.00
78.7358	1.00
78.7563	4.00
78.7768	1.00
78.7972	5.00
78.8177	8.00
78.8381	3.00
78.8586	5.00
78.8791	5.00
78.8995	5.00
78.92	3.00
78.9405	6.00
78.9609	13.00
78.9814	15.00
79.0019	4.00
79.0223	16.00
79.0428	10.00
79.0632	12.00
79.0837	12.00
79.1042	13.00
79.1246	8.00
79.1451	8.00
79.1656	4.00
79.186	5.00
79.2065	8.00
79.2269	6.00
79.2474	9.00
79.2679	5.00
79.2883	11.00
79.3088	10.00
79.3293	10.00
79.3497	9.00
79.3702	5.00
79.3907	7.00
79.4111	3.00
79.4316	1.00
79.452	6.00
79.4725	3.00
79.493	7.00
79.5134	5.00
79.5339	5.00
79.5544	6.00
79.5748	8.00
79.5953	7.00
79.6157	2.00
79.6362	10.00
79.6567	9.00
79.6771	2.00
79.6976	3.00
79.7181	1.00
79.7385	4.00
79.759	7.00
79.7795	2.00
79.7999	5.00
79.8204	3.00
79.8408	6.00
79.8613	6.00
79.8818	11.00
79.9022	10.00
79.9227	3.00
79.9432	3.00
79.9636	4.00
79.9841	4.00
80.0045	5.00
