COMMANDER Sample ID
Wavelength = 1.54059
10.0001	401.00
10.0206	417.00
10.041	401.00
10.0615	424.00
10.082	384.00
10.1024	374.00
10.1229	417.00
10.1433	393.00
10.1638	440.00
10.1843	378.00
10.2047	391.00
10.2252	404.00
10.2457	387.00
10.2661	382.00
10.2866	374.00
10.3071	341.00
10.3275	386.00
10.348	377.00
10.3684	373.00
10.3889	356.00
10.4094	391.00
10.4298	362.00
10.4503	349.00
10.4708	436.00
10.4912	379.00
10.5117	346.00
10.5321	395.00
10.5526	377.00
10.5731	397.00
10.5935	352.00
10.614	381.00
10.6345	361.00
10.6549	369.00
10.6754	353.00
10.6959	379.00
10.7163	360.00
10.7368	396.00
10.7572	340.00
10.7777	367.00
10.7982	367.00
10.8186	336.00
10.8391	387.00
10.8596	391.00
10.88	325.00
10.9005	370.00
10.9209	384.00
10.9414	352.00
10.9619	356.00
10.9823	393.00
11.0028	330.00
11.0233	380.00
11.0437	358.00
11.0642	344.00
11.0847	372.00
11.1051	344.00
11.1256	339.00
11.146	371.00
11.1665	332.00
11.187	335.00
11.2074	311.00
11.2279	379.00
11.2484	334.00
11.2688	339.00
11.2893	282.00
11.3097	350.00
11.3302	349.00
11.3507	328.00
11.3711	337.00
11.3916	314.00
11.4121	339.00
11.4325	349.00
11.453	358.00
11.4735	336.00
11.4939	342.00
11.5144	320.00
11.5348	340.00
11.5553	286.00
11.5758	301.00
11.5962	320.00
11.6167	321.00
11.6372	290.00
11.6576	327.00
11.6781	313.00
11.6985	300.00
11.719	325.00
11.7395	330.00
11.7599	312.00
11.7804	337.00
11.8009	289.00
11.8213	324.00
11.8418	294.00
11.8623	338.00
11.8827	291.00
11.9032	307.00
11.9236	284.00
11.9441	298.00
11.9646	299.00
11.985	320.00
12.0055	296.00
12.026	292.00
12.0464	320.00
12.0669	327.00
12.0873	326.00
12.1078	296.00
12.1283	286.00
12.1487	292.00
12.1692	318.00
12.1897	293.00
12.2101	297.00
12.2306	265.00
12.2511	309.00
12.2715	302.00
12.292	291.00
12.3124	304.00
12.3329	299.00
12.3534	295.00
12.3738	292.00
12.3943	275.00
12.4148	291.00
12.4352	295.00
12.4557	265.00
12.4761	305.00
12.4966	344.00
12.5171	265.00
12.5375	280.00
12.558	280.00
12.5785	256.00
12.5989	288.00
12.6194	281.00
12.6399	314.00
12.6603	278.00
12.6808	282.00
12.7012	260.00
12.7217	266.00
12.7422	248.00
12.7626	279.00
12.7831	293.00
12.8036	255.00
12.824	292.00
12.8445	291.00
12.8649	291.00
12.8854	298.00
12.9059	293.00
12.9263	300.00
12.9468	265.00
12.9673	251.00
12.9877	250.00
13.0082	263.00
13.0287	260.00
13.0491	247.00
13.0696	267.00
13.09	276.00
13.1105	289.00
13.131	253.00
13.1514	263.00
13.1719	269.00
13.1924	267.00
13.2128	288.00
13.2333	282.00
13.2537	271.00
13.2742	288.00
13.2947	257.00
13.3151	277.00
13.3356	252.00
13.3561	271.00
13.3765	294.00
13.397	253.00
13.4175	293.00
13.4379	249.00
13.4584	299.00
13.4788	266.00
13.4993	265.00
13.5198	277.00
13.5402	269.00
13.5607	244.00
13.5812	264.00
13.6016	314.00
13.6221	277.00
13.6425	254.00
13.663	268.00
13.6835	266.00
13.7039	268.00
13.7244	266.00
13.7449	305.00
13.7653	287.00
13.7858	273.00
13.8063	266.00
13.8267	300.00
13.8472	252.00
13.8676	286.00
13.8881	279.00
13.9086	273.00
13.929	251.00
13.9495	248.00
13.97	279.00
13.9904	231.00
14.0109	265.00
14.0313	255.00
14.0518	273.00
14.0723	230.00
14.0927	243.00
14.1132	212.00
14.1337	269.00
14.1541	218.00
14.1746	228.00
14.1951	247.00
14.2155	243.00
14.236	242.00
14.2564	249.00
14.2769	233.00
14.2974	237.00
14.3178	241.00
14.3383	223.00
14.3588	221.00
14.3792	222.00
14.3997	227.00
14.4201	243.00
14.4406	253.00
14.4611	240.00
14.4815	224.00
14.502	243.00
14.5225	226.00
14.5429	236.00
14.5634	233.00
14.5839	222.00
14.6043	222.00
14.6248	233.00
14.6452	203.00
14.6657	192.00
14.6862	192.00
14.7066	229.00
14.7271	219.00
14.7476	223.00
14.768	213.00
14.7885	206.00
14.8089	207.00
14.8294	195.00
14.8499	234.00
14.8703	180.00
14.8908	233.00
14.9113	208.00
14.9317	217.00
14.9522	189.00
14.9727	200.00
14.9931	205.00
15.0136	197.00
15.034	214.00
15.0545	210.00
15.075	181.00
15.0954	196.00
15.1159	190.00
15.1364	213.00
15.1568	176.00
15.1773	218.00
15.1977	189.00
15.2182	186.00
15.2387	181.00
15.2591	178.00
15.2796	192.00
15.3001	193.00
15.3205	204.00
15.341	220.00
15.3615	196.00
15.3819	189.00
15.4024	212.00
15.4228	203.00
15.4433	219.00
15.4638	211.00
15.4842	173.00
15.5047	161.00
15.5252	187.00
15.5456	203.00
15.5661	212.00
15.5865	187.00
15.607	185.00
15.6275	192.00
15.6479	207.00
15.6684	204.00
15.6889	185.00
15.7093	202.00
15.7298	172.00
15.7503	222.00
15.7707	170.00
15.7912	198.00
15.8116	195.00
15.8321	198.00
15.8526	195.00
15.873	192.00
15.8935	185.00
15.914	188.00
15.9344	171.00
15.9549	187.00
15.9753	188.00
15.9958	182.00
16.0163	172.00
16.0367	171.00
16.0572	190.00
16.0777	174.00
16.0981	162.00
16.1186	182.00
16.1391	181.00
16.1595	140.00
16.18	166.00
16.2004	162.00
16.2209	181.00
16.2414	149.00
16.2618	196.00
16.2823	206.00
16.3028	174.00
16.3232	187.00
16.3437	183.00
16.3641	179.00
16.3846	177.00
16.4051	130.00
16.4255	208.00
16.446	167.00
16.4665	189.00
16.4869	153.00
16.5074	169.00
16.5279	181.00
16.5483	176.00
16.5688	151.00
16.5892	179.00
16.6097	157.00
16.6302	146.00
16.6506	161.00
16.6711	170.00
16.6916	163.00
16.712	159.00
16.7325	180.00
16.7529	154.00
16.7734	159.00
16.7939	154.00
16.8143	163.00
16.8348	182.00
16.8553	155.00
16.8757	160.00
16.8962	181.00
16.9167	174.00
16.9371	177.00
16.9576	159.00
16.978	173.00
16.9985	156.00
17.019	174.00
17.0394	160.00
17.0599	149.00
17.0804	148.00
17.1008	168.00
17.1213	174.00
17.1417	202.00
17.1622	154.00
17.1827	164.00
17.2031	148.00
17.2236	175.00
17.2441	178.00
17.2645	167.00
17.285	187.00
17.3055	177.00
17.3259	161.00
17.3464	164.00
17.3668	158.00
17.3873	166.00
17.4078	174.00
17.4282	160.00
17.4487	158.00
17.4692	176.00
17.4896	179.00
17.5101	156.00
17.5305	155.00
17.551	162.00
17.5715	159.00
17.5919	169.00
17.6124	178.00
17.6329	158.00
17.6533	158.00
17.6738	165.00
17.6943	154.00
17.7147	170.00
17.7352	145.00
17.7556	157.00
17.7761	164.00
17.7966	161.00
17.817	159.00
17.8375	145.00
17.858	143.00
17.8784	163.00
17.8989	152.00
17.9193	172.00
17.9398	171.00
17.9603	170.00
17.9807	156.00
18.0012	168.00
18.0217	162.00
18.0421	164.00
18.0626	146.00
18.0831	169.00
18.1035	159.00
18.124	154.00
18.1444	133.00
18.1649	163.00
18.1854	148.00
18.2058	141.00
18.2263	184.00
18.2468	141.00
18.2672	187.00
18.2877	156.00
18.3081	158.00
18.3286	173.00
18.3491	157.00
18.3695	159.00
18.39	167.00
18.4105	153.00
18.4309	166.00
18.4514	164.00
18.4719	167.00
18.4923	150.00
18.5128	139.00
18.5332	153.00
18.5537	147.00
18.5742	144.00
18.5946	154.00
18.6151	155.00
18.6356	158.00
18.656	142.00
18.6765	122.00
18.6969	150.00
18.7174	152.00
18.7379	144.00
18.7583	156.00
18.7788	129.00
18.7993	148.00
18.8197	152.00
18.8402	144.00
18.8606	138.00
18.8811	147.00
18.9016	122.00
18.922	131.00
18.9425	161.00
18.963	130.00
18.9834	122.00
19.0039	151.00
19.0244	146.00
19.0448	133.00
19.0653	126.00
19.0857	134.00
19.1062	125.00
19.1267	130.00
19.1471	137.00
19.1676	144.00
19.1881	137.00
19.2085	140.00
19.229	119.00
19.2494	130.00
19.2699	129.00
19.2904	109.00
19.3108	131.00
19.3313	130.00
19.3518	131.00
19.3722	148.00
19.3927	112.00
19.4132	150.00
19.4336	110.00
19.4541	136.00
19.4745	125.00
19.495	122.00
19.5155	124.00
19.5359	135.00
19.5564	134.00
19.5769	146.00
19.5973	138.00
19.6178	138.00
19.6382	123.00
19.6587	113.00
19.6792	133.00
19.6996	148.00
19.7201	120.00
19.7406	111.00
19.761	144.00
19.7815	116.00
19.802	135.00
19.8224	130.00
19.8429	127.00
19.8633	116.00
19.8838	134.00
19.9043	107.00
19.9247	117.00
19.9452	124.00
19.9657	108.00
19.9861	123.00
20.0066	121.00
20.027	141.00
20.0475	115.00
20.068	124.00
20.0884	122.00
20.1089	115.00
20.1294	126.00
20.1498	119.00
20.1703	119.00
20.1908	136.00
20.2112	121.00
20.2317	106.00
20.2521	113.00
20.2726	124.00
20.2931	131.00
20.3135	126.00
20.334	143.00
20.3545	130.00
20.3749	133.00
20.3954	117.00
20.4158	111.00
20.4363	129.00
20.4568	115.00
20.4772	152.00
20.4977	144.00
20.5182	112.00
20.5386	113.00
20.5591	101.00
20.5796	106.00
20.6	130.00
20.6205	128.00
20.6409	119.00
20.6614	102.00
20.6819	103.00
20.7023	109.00
20.7228	111.00
20.7433	115.00
20.7637	131.00
20.7842	107.00
20.8046	114.00
20.8251	122.00
20.8456	109.00
20.866	113.00
20.8865	124.00
20.907	101.00
20.9274	102.00
20.9479	119.00
20.9684	109.00
20.9888	122.00
21.0093	118.00
21.0297	113.00
21.0502	115.00
21.0707	119.00
21.0911	120.00
21.1116	105.00
21.1321	106.00
21.1525	124.00
21.173	111.00
21.1934	125.00
21.2139	112.00
21.2344	122.00
21.2548	93.00
21.2753	98.00
21.2958	124.00
21.3162	102.00
21.3367	124.00
21.3572	109.00
21.3776	123.00
21.3981	106.00
21.4185	95.00
21.439	118.00
21.4595	107.00
21.4799	102.00
21.5004	96.00
21.5209	116.00
21.5413	116.00
21.5618	106.00
21.5822	103.00
21.6027	93.00
21.6232	109.00
21.6436	100.00
21.6641	110.00
21.6846	111.00
21.705	92.00
21.7255	98.00
21.746	89.00
21.7664	117.00
21.7869	97.00
21.8073	117.00
21.8278	95.00
21.8483	92.00
21.8687	108.00
21.8892	99.00
21.9097	88.00
21.9301	116.00
21.9506	104.00
21.971	89.00
21.9915	97.00
22.012	121.00
22.0324	107.00
22.0529	109.00
22.0734	103.00
22.0938	109.00
22.1143	91.00
22.1348	92.00
22.1552	97.00
22.1757	106.00
22.1961	87.00
22.2166	77.00
22.2371	94.00
22.2575	86.00
22.278	100.00
22.2985	75.00
22.3189	100.00
22.3394	82.00
22.3598	111.00
22.3803	97.00
22.4008	108.00
22.4212	92.00
22.4417	77.00
22.4622	86.00
22.4826	90.00
22.5031	82.00
22.5236	93.00
22.544	98.00
22.5645	104.00
22.5849	80.00
22.6054	92.00
22.6259	88.00
22.6463	89.00
22.6668	101.00
22.6873	77.00
22.7077	77.00
22.7282	86.00
22.7486	95.00
22.7691	93.00
22.7896	93.00
22.81	99.00
22.8305	88.00
22.851	91.00
22.8714	86.00
22.8919	100.00
22.9124	102.00
22.9328	89.00
22.9533	85.00
22.9737	75.00
22.9942	81.00
23.0147	72.00
23.0351	65.00
23.0556	89.00
23.0761	82.00
23.0965	81.00
23.117	98.00
23.1374	77.00
23.1579	99.00
23.1784	93.00
23.1988	84.00
23.2193	95.00
23.2398	88.00
23.2602	102.00
23.2807	87.00
23.3012	85.00
23.3216	88.00
23.3421	82.00
23.3625	95.00
23.383	104.00
23.4035	68.00
23.4239	84.00
23.4444	99.00
23.4649	86.00
23.4853	96.00
23.5058	92.00
23.5262	81.00
23.5467	88.00
23.5672	78.00
23.5876	71.00
23.6081	88.00
23.6286	89.00
23.649	102.00
23.6695	71.00
23.69	73.00
23.7104	89.00
23.7309	84.00
23.7513	98.00
23.7718	71.00
23.7923	87.00
23.8127	91.00
23.8332	81.00
23.8537	85.00
23.8741	96.00
23.8946	90.00
23.915	86.00
23.9355	83.00
23.956	61.00
23.9764	99.00
23.9969	89.00
24.0174	95.00
24.0378	72.00
24.0583	79.00
24.0788	87.00
24.0992	96.00
24.1197	98.00
24.1401	101.00
24.1606	100.00
24.1811	128.00
24.2015	172.00
24.222	184.00
24.2425	239.00
24.2629	356.00
24.2834	426.00
24.3038	422.00
24.3243	396.00
24.3448	358.00
24.3652	276.00
24.3857	237.00
24.4062	172.00
24.4266	131.00
24.4471	101.00
24.4676	114.00
24.488	112.00
24.5085	108.00
24.5289	89.00
24.5494	99.00
24.5699	82.00
24.5903	97.00
24.6108	81.00
24.6313	91.00
24.6517	78.00
24.6722	77.00
24.6926	80.00
24.7131	96.00
24.7336	75.00
24.754	63.00
24.7745	82.00
24.795	82.00
24.8154	95.00
24.8359	76.00
24.8564	100.00
24.8768	72.00
24.8973	74.00
24.9177	69.00
24.9382	73.00
24.9587	78.00
24.9791	67.00
24.9996	85.00
25.0201	77.00
25.0405	77.00
25.061	74.00
25.0814	82.00
25.1019	62.00
25.1224	81.00
25.1428	79.00
25.1633	69.00
25.1838	73.00
25.2042	65.00
25.2247	64.00
25.2452	65.00
25.2656	70.00
25.2861	61.00
25.3065	70.00
25.327	68.00
25.3475	65.00
25.3679	65.00
25.3884	75.00
25.4089	67.00
25.4293	67.00
25.4498	73.00
25.4702	70.00
25.4907	57.00
25.5112	84.00
25.5316	73.00
25.5521	58.00
25.5726	71.00
25.593	67.00
25.6135	66.00
25.634	63.00
25.6544	75.00
25.6749	61.00
25.6953	61.00
25.7158	84.00
25.7363	67.00
25.7567	68.00
25.7772	71.00
25.7977	56.00
25.8181	71.00
25.8386	58.00
25.859	74.00
25.8795	70.00
25.9	64.00
25.9204	65.00
25.9409	69.00
25.9614	68.00
25.9818	44.00
26.0023	73.00
26.0228	62.00
26.0432	57.00
26.0637	64.00
26.0841	65.00
26.1046	55.00
26.1251	64.00
26.1455	63.00
26.166	57.00
26.1865	65.00
26.2069	59.00
26.2274	52.00
26.2478	66.00
26.2683	57.00
26.2888	76.00
26.3092	63.00
26.3297	60.00
26.3502	61.00
26.3706	43.00
26.3911	58.00
26.4116	60.00
26.432	62.00
26.4525	79.00
26.4729	74.00
26.4934	66.00
26.5139	52.00
26.5343	65.00
26.5548	58.00
26.5753	70.00
26.5957	66.00
26.6162	64.00
26.6366	59.00
26.6571	66.00
26.6776	53.00
26.698	41.00
26.7185	66.00
26.739	58.00
26.7594	77.00
26.7799	62.00
26.8004	63.00
26.8208	65.00
26.8413	53.00
26.8617	61.00
26.8822	79.00
26.9027	59.00
26.9231	54.00
26.9436	49.00
26.9641	53.00
26.9845	50.00
27.005	52.00
27.0254	59.00
27.0459	69.00
27.0664	57.00
27.0868	58.00
27.1073	53.00
27.1278	60.00
27.1482	43.00
27.1687	64.00
27.1892	64.00
27.2096	51.00
27.2301	55.00
27.2505	65.00
27.271	49.00
27.2915	44.00
27.3119	47.00
27.3324	66.00
27.3529	45.00
27.3733	59.00
27.3938	46.00
27.4142	44.00
27.4347	56.00
27.4552	67.00
27.4756	41.00
27.4961	57.00
27.5166	54.00
27.537	40.00
27.5575	56.00
27.578	56.00
27.5984	47.00
27.6189	59.00
27.6393	36.00
27.6598	55.00
27.6803	54.00
27.7007	61.00
27.7212	45.00
27.7417	48.00
27.7621	53.00
27.7826	43.00
27.803	53.00
27.8235	45.00
27.844	49.00
27.8644	54.00
27.8849	49.00
27.9054	29.00
27.9258	52.00
27.9463	45.00
27.9668	44.00
27.9872	46.00
28.0077	58.00
28.0281	55.00
28.0486	55.00
28.0691	64.00
28.0895	52.00
28.11	40.00
28.1305	28.00
28.1509	53.00
28.1714	51.00
28.1918	46.00
28.2123	35.00
28.2328	45.00
28.2532	52.00
28.2737	41.00
28.2942	34.00
28.3146	41.00
28.3351	42.00
28.3556	42.00
28.376	43.00
28.3965	41.00
28.4169	43.00
28.4374	46.00
28.4579	59.00
28.4783	45.00
28.4988	48.00
28.5193	45.00
28.5397	59.00
28.5602	47.00
28.5806	48.00
28.6011	30.00
28.6216	31.00
28.642	38.00
28.6625	34.00
28.683	50.00
28.7034	48.00
28.7239	41.00
28.7444	37.00
28.7648	36.00
28.7853	40.00
28.8057	34.00
28.8262	31.00
28.8467	41.00
28.8671	40.00
28.8876	54.00
28.9081	31.00
28.9285	34.00
28.949	35.00
28.9694	31.00
28.9899	39.00
29.0104	29.00
29.0308	36.00
29.0513	36.00
29.0718	36.00
29.0922	32.00
29.1127	45.00
29.1332	41.00
29.1536	40.00
29.1741	34.00
29.1945	34.00
29.215	49.00
29.2355	36.00
29.2559	30.00
29.2764	40.00
29.2969	35.00
29.3173	39.00
29.3378	32.00
29.3582	45.00
29.3787	31.00
29.3992	39.00
29.4196	33.00
29.4401	49.00
29.4606	47.00
29.481	27.00
29.5015	36.00
29.522	47.00
29.5424	34.00
29.5629	40.00
29.5833	36.00
29.6038	33.00
29.6243	33.00
29.6447	44.00
29.6652	40.00
29.6857	32.00
29.7061	35.00
29.7266	42.00
29.747	34.00
29.7675	34.00
29.788	33.00
29.8084	44.00
29.8289	39.00
29.8494	29.00
29.8698	44.00
29.8903	32.00
29.9108	50.00
29.9312	39.00
29.9517	44.00
29.9721	38.00
29.9926	50.00
30.0131	38.00
30.0335	37.00
30.054	41.00
30.0745	37.00
30.0949	41.00
30.1154	35.00
30.1358	38.00
30.1563	39.00
30.1768	41.00
30.1972	38.00
30.2177	60.00
30.2382	56.00
30.2586	50.00
30.2791	43.00
30.2996	45.00
30.32	38.00
30.3405	36.00
30.3609	49.00
30.3814	43.00
30.4019	49.00
30.4223	38.00
30.4428	40.00
30.4633	36.00
30.4837	41.00
30.5042	37.00
30.5246	36.00
30.5451	42.00
30.5656	34.00
30.586	34.00
30.6065	30.00
30.627	48.00
30.6474	37.00
30.6679	33.00
30.6884	29.00
30.7088	35.00
30.7293	41.00
30.7497	34.00
30.7702	38.00
30.7907	37.00
30.8111	32.00
30.8316	34.00
30.8521	38.00
30.8725	39.00
30.893	22.00
30.9134	37.00
30.9339	21.00
30.9544	35.00
30.9748	33.00
30.9953	24.00
31.0158	32.00
31.0362	48.00
31.0567	36.00
31.0772	27.00
31.0976	46.00
31.1181	34.00
31.1385	32.00
31.159	22.00
31.1795	35.00
31.1999	33.00
31.2204	44.00
31.2409	31.00
31.2613	52.00
31.2818	37.00
31.3022	37.00
31.3227	39.00
31.3432	36.00
31.3636	24.00
31.3841	35.00
31.4046	30.00
31.425	36.00
31.4455	36.00
31.466	43.00
31.4864	25.00
31.5069	21.00
31.5273	31.00
31.5478	37.00
31.5683	31.00
31.5887	34.00
31.6092	33.00
31.6297	43.00
31.6501	34.00
31.6706	22.00
31.691	28.00
31.7115	38.00
31.732	32.00
31.7524	28.00
31.7729	27.00
31.7934	26.00
31.8138	34.00
31.8343	43.00
31.8548	34.00
31.8752	34.00
31.8957	32.00
31.9161	28.00
31.9366	41.00
31.9571	47.00
31.9775	34.00
31.998	34.00
32.0185	27.00
32.0389	36.00
32.0594	33.00
32.0798	34.00
32.1003	32.00
32.1208	26.00
32.1412	39.00
32.1617	31.00
32.1822	33.00
32.2026	31.00
32.2231	32.00
32.2436	38.00
32.264	45.00
32.2845	26.00
32.3049	31.00
32.3254	49.00
32.3459	30.00
32.3663	41.00
32.3868	29.00
32.4073	34.00
32.4277	33.00
32.4482	34.00
32.4686	37.00
32.4891	38.00
32.5096	31.00
32.53	49.00
32.5505	34.00
32.571	32.00
32.5914	34.00
32.6119	36.00
32.6324	36.00
32.6528	35.00
32.6733	41.00
32.6937	29.00
32.7142	39.00
32.7347	40.00
32.7551	41.00
32.7756	42.00
32.7961	37.00
32.8165	41.00
32.837	36.00
32.8574	43.00
32.8779	43.00
32.8984	46.00
32.9188	59.00
32.9393	44.00
32.9598	62.00
32.9802	54.00
33.0007	69.00
33.0212	65.00
33.0416	76.00
33.0621	79.00
33.0825	93.00
33.103	108.00
33.1235	118.00
33.1439	153.00
33.1644	167.00
33.1849	209.00
33.2053	360.00
33.2258	570.00
33.2462	765.00
33.2667	1127.00
33.2872	1062.00
33.3076	908.00
33.3281	827.00
33.3486	738.00
33.369	671.00
33.3895	529.00
33.41	341.00
33.4304	255.00
33.4509	193.00
33.4713	157.00
33.4918	114.00
33.5123	94.00
33.5327	97.00
33.5532	79.00
33.5737	78.00
33.5941	64.00
33.6146	64.00
33.635	58.00
33.6555	58.00
33.676	42.00
33.6964	50.00
33.7169	48.00
33.7374	37.00
33.7578	42.00
33.7783	44.00
33.7988	30.00
33.8192	44.00
33.8397	40.00
33.8601	59.00
33.8806	37.00
33.9011	43.00
33.9215	38.00
33.942	42.00
33.9625	29.00
33.9829	38.00
34.0034	27.00
34.0238	31.00
34.0443	39.00
34.0648	27.00
34.0852	37.00
34.1057	34.00
34.1262	44.00
34.1466	35.00
34.1671	32.00
34.1876	30.00
34.208	36.00
34.2285	30.00
34.2489	35.00
34.2694	34.00
34.2899	26.00
34.3103	26.00
34.3308	34.00
34.3513	30.00
34.3717	36.00
34.3922	40.00
34.4126	37.00
34.4331	26.00
34.4536	34.00
34.474	37.00
34.4945	33.00
34.515	25.00
34.5354	32.00
34.5559	36.00
34.5764	37.00
34.5968	34.00
34.6173	26.00
34.6377	29.00
34.6582	41.00
34.6787	38.00
34.6991	33.00
34.7196	32.00
34.7401	30.00
34.7605	22.00
34.781	31.00
34.8014	41.00
34.8219	45.00
34.8424	27.00
34.8628	29.00
34.8833	34.00
34.9038	36.00
34.9242	35.00
34.9447	25.00
34.9652	30.00
34.9856	37.00
35.0061	35.00
35.0265	29.00
35.047	30.00
35.0675	33.00
35.0879	26.00
35.1084	31.00
35.1289	38.00
35.1493	30.00
35.1698	30.00
35.1902	34.00
35.2107	42.00
35.2312	28.00
35.2516	32.00
35.2721	46.00
35.2926	39.00
35.313	37.00
35.3335	27.00
35.354	31.00
35.3744	34.00
35.3949	30.00
35.4153	26.00
35.4358	45.00
35.4563	43.00
35.4767	63.00
35.4972	60.00
35.5177	65.00
35.5381	84.00
35.5586	90.00
35.579	102.00
35.5995	115.00
35.62	122.00
35.6404	138.00
35.6609	155.00
35.6814	174.00
35.7018	227.00
35.7223	335.00
35.7428	544.00
35.7632	788.00
35.7837	843.00
35.8041	775.00
35.8246	642.00
35.8451	573.00
35.8655	546.00
35.886	452.00
35.9065	324.00
35.9269	230.00
35.9474	152.00
35.9678	108.00
35.9883	92.00
36.0088	67.00
36.0292	72.00
36.0497	54.00
36.0702	72.00
36.0906	44.00
36.1111	46.00
36.1316	47.00
36.152	56.00
36.1725	37.00
36.1929	29.00
36.2134	30.00
36.2339	36.00
36.2543	28.00
36.2748	27.00
36.2953	28.00
36.3157	27.00
36.3362	25.00
36.3566	35.00
36.3771	29.00
36.3976	29.00
36.418	32.00
36.4385	26.00
36.459	28.00
36.4794	29.00
36.4999	30.00
36.5203	21.00
36.5408	23.00
36.5613	37.00
36.5817	29.00
36.6022	24.00
36.6227	25.00
36.6431	21.00
36.6636	24.00
36.6841	29.00
36.7045	28.00
36.725	35.00
36.7454	32.00
36.7659	32.00
36.7864	31.00
36.8068	33.00
36.8273	34.00
36.8478	29.00
36.8682	23.00
36.8887	38.00
36.9091	29.00
36.9296	26.00
36.9501	26.00
36.9705	25.00
36.991	29.00
37.0115	32.00
37.0319	25.00
37.0524	26.00
37.0729	22.00
37.0933	19.00
37.1138	20.00
37.1342	24.00
37.1547	29.00
37.1752	30.00
37.1956	24.00
37.2161	24.00
37.2366	24.00
37.257	27.00
37.2775	22.00
37.2979	13.00
37.3184	22.00
37.3389	26.00
37.3593	24.00
37.3798	23.00
37.4003	22.00
37.4207	30.00
37.4412	24.00
37.4617	23.00
37.4821	20.00
37.5026	18.00
37.523	18.00
37.5435	24.00
37.564	21.00
37.5844	15.00
37.6049	17.00
37.6254	23.00
37.6458	21.00
37.6663	25.00
37.6867	18.00
37.7072	21.00
37.7277	20.00
37.7481	19.00
37.7686	17.00
37.7891	17.00
37.8095	25.00
37.83	27.00
37.8505	14.00
37.8709	18.00
37.8914	20.00
37.9118	17.00
37.9323	21.00
37.9528	22.00
37.9732	22.00
37.9937	21.00
38.0142	28.00
38.0346	27.00
38.0551	19.00
38.0755	24.00
38.096	22.00
38.1165	19.00
38.1369	33.00
38.1574	20.00
38.1779	22.00
38.1983	22.00
38.2188	20.00
38.2393	20.00
38.2597	22.00
38.2802	14.00
38.3006	15.00
38.3211	22.00
38.3416	30.00
38.362	21.00
38.3825	13.00
38.403	13.00
38.4234	30.00
38.4439	16.00
38.4643	15.00
38.4848	28.00
38.5053	16.00
38.5257	24.00
38.5462	14.00
38.5667	19.00
38.5871	23.00
38.6076	21.00
38.6281	22.00
38.6485	23.00
38.669	21.00
38.6894	16.00
38.7099	24.00
38.7304	22.00
38.7508	18.00
38.7713	15.00
38.7918	12.00
38.8122	13.00
38.8327	18.00
38.8531	16.00
38.8736	20.00
38.8941	18.00
38.9145	22.00
38.935	18.00
38.9555	29.00
38.9759	23.00
38.9964	29.00
39.0169	18.00
39.0373	15.00
39.0578	20.00
39.0782	18.00
39.0987	24.00
39.1192	18.00
39.1396	19.00
39.1601	29.00
39.1806	15.00
39.201	12.00
39.2215	20.00
39.2419	13.00
39.2624	18.00
39.2829	24.00
39.3033	29.00
39.3238	23.00
39.3443	42.00
39.3647	32.00
39.3852	28.00
39.4057	40.00
39.4261	29.00
39.4466	21.00
39.467	28.00
39.4875	29.00
39.508	25.00
39.5284	24.00
39.5489	21.00
39.5694	18.00
39.5898	26.00
39.6103	18.00
39.6307	15.00
39.6512	22.00
39.6717	15.00
39.6921	28.00
39.7126	23.00
39.7331	22.00
39.7535	18.00
39.774	17.00
39.7945	31.00
39.8149	16.00
39.8354	14.00
39.8558	20.00
39.8763	21.00
39.8968	20.00
39.9172	19.00
39.9377	32.00
39.9582	18.00
39.9786	15.00
39.9991	14.00
40.0195	16.00
40.04	15.00
40.0605	16.00
40.0809	18.00
40.1014	30.00
40.1219	14.00
40.1423	16.00
40.1628	20.00
40.1833	23.00
40.2037	28.00
40.2242	24.00
40.2446	16.00
40.2651	17.00
40.2856	19.00
40.306	19.00
40.3265	14.00
40.347	17.00
40.3674	12.00
40.3879	23.00
40.4083	19.00
40.4288	17.00
40.4493	14.00
40.4697	22.00
40.4902	17.00
40.5107	13.00
40.5311	22.00
40.5516	24.00
40.5721	22.00
40.5925	23.00
40.613	29.00
40.6334	22.00
40.6539	15.00
40.6744	18.00
40.6948	28.00
40.7153	29.00
40.7358	27.00
40.7562	15.00
40.7767	32.00
40.7971	26.00
40.8176	32.00
40.8381	39.00
40.8585	33.00
40.879	46.00
40.8995	79.00
40.9199	97.00
40.9404	138.00
40.9609	191.00
40.9813	284.00
41.0018	295.00
41.0222	211.00
41.0427	165.00
41.0632	173.00
41.0836	192.00
41.1041	176.00
41.1246	129.00
41.145	93.00
41.1655	82.00
41.1859	65.00
41.2064	37.00
41.2269	44.00
41.2473	38.00
41.2678	32.00
41.2883	22.00
41.3087	17.00
41.3292	27.00
41.3497	21.00
41.3701	30.00
41.3906	19.00
41.411	28.00
41.4315	13.00
41.452	21.00
41.4724	19.00
41.4929	26.00
41.5134	20.00
41.5338	17.00
41.5543	26.00
41.5747	12.00
41.5952	25.00
41.6157	17.00
41.6361	12.00
41.6566	22.00
41.6771	9.00
41.6975	24.00
41.718	14.00
41.7385	19.00
41.7589	22.00
41.7794	16.00
41.7998	16.00
41.8203	16.00
41.8408	24.00
41.8612	12.00
41.8817	18.00
41.9022	18.00
41.9226	24.00
41.9431	24.00
41.9635	17.00
41.984	13.00
42.0045	15.00
42.0249	10.00
42.0454	15.00
42.0659	13.00
42.0863	18.00
42.1068	16.00
42.1273	15.00
42.1477	18.00
42.1682	14.00
42.1886	10.00
42.2091	11.00
42.2296	5.00
42.25	7.00
42.2705	11.00
42.291	10.00
42.3114	15.00
42.3319	14.00
42.3523	13.00
42.3728	10.00
42.3933	19.00
42.4137	17.00
42.4342	19.00
42.4547	17.00
42.4751	13.00
42.4956	10.00
42.5161	12.00
42.5365	14.00
42.557	14.00
42.5774	14.00
42.5979	8.00
42.6184	16.00
42.6388	11.00
42.6593	17.00
42.6798	21.00
42.7002	10.00
42.7207	13.00
42.7411	17.00
42.7616	15.00
42.7821	11.00
42.8025	16.00
42.823	13.00
42.8435	10.00
42.8639	15.00
42.8844	17.00
42.9049	12.00
42.9253	16.00
42.9458	9.00
42.9662	15.00
42.9867	17.00
43.0072	17.00
43.0276	13.00
43.0481	10.00
43.0686	15.00
43.089	17.00
43.1095	12.00
43.1299	14.00
43.1504	12.00
43.1709	22.00
43.1913	24.00
43.2118	15.00
43.2323	21.00
43.2527	21.00
43.2732	22.00
43.2937	23.00
43.3141	31.00
43.3346	22.00
43.355	26.00
43.3755	25.00
43.396	10.00
43.4164	12.00
43.4369	18.00
43.4574	14.00
43.4778	22.00
43.4983	19.00
43.5187	19.00
43.5392	13.00
43.5597	19.00
43.5801	16.00
43.6006	25.00
43.6211	26.00
43.6415	29.00
43.662	33.00
43.6825	14.00
43.7029	21.00
43.7234	32.00
43.7438	24.00
43.7643	29.00
43.7848	17.00
43.8052	20.00
43.8257	16.00
43.8462	11.00
43.8666	13.00
43.8871	11.00
43.9075	16.00
43.928	19.00
43.9485	8.00
43.9689	16.00
43.9894	18.00
44.0099	12.00
44.0303	11.00
44.0508	11.00
44.0713	9.00
44.0917	13.00
44.1122	14.00
44.1326	10.00
44.1531	11.00
44.1736	14.00
44.194	21.00
44.2145	14.00
44.235	13.00
44.2554	10.00
44.2759	10.00
44.2963	15.00
44.3168	10.00
44.3373	16.00
44.3577	9.00
44.3782	11.00
44.3987	14.00
44.4191	10.00
44.4396	6.00
44.4601	9.00
44.4805	10.00
44.501	12.00
44.5214	9.00
44.5419	15.00
44.5624	13.00
44.5828	16.00
44.6033	4.00
44.6238	9.00
44.6442	16.00
44.6647	13.00
44.6851	19.00
44.7056	15.00
44.7261	13.00
44.7465	11.00
44.767	11.00
44.7875	9.00
44.8079	9.00
44.8284	14.00
44.8489	15.00
44.8693	10.00
44.8898	12.00
44.9102	8.00
44.9307	14.00
44.9512	21.00
44.9716	7.00
44.9921	12.00
45.0126	10.00
45.033	16.00
45.0535	13.00
45.0739	6.00
45.0944	16.00
45.1149	9.00
45.1353	13.00
45.1558	6.00
45.1763	11.00
45.1967	9.00
45.2172	9.00
45.2377	8.00
45.2581	7.00
45.2786	18.00
45.299	12.00
45.3195	6.00
45.34	16.00
45.3604	18.00
45.3809	7.00
45.4014	11.00
45.4218	9.00
45.4423	15.00
45.4627	15.00
45.4832	10.00
45.5037	19.00
45.5241	12.00
45.5446	10.00
45.5651	15.00
45.5855	14.00
45.606	10.00
45.6265	13.00
45.6469	11.00
45.6674	11.00
45.6878	16.00
45.7083	6.00
45.7288	17.00
45.7492	10.00
45.7697	13.00
45.7902	9.00
45.8106	12.00
45.8311	16.00
45.8515	9.00
45.872	16.00
45.8925	13.00
45.9129	14.00
45.9334	13.00
45.9539	12.00
45.9743	9.00
45.9948	7.00
46.0153	9.00
46.0357	12.00
46.0562	9.00
46.0766	16.00
46.0971	12.00
46.1176	10.00
46.138	8.00
46.1585	9.00
46.179	12.00
46.1994	13.00
46.2199	12.00
46.2403	8.00
46.2608	15.00
46.2813	13.00
46.3017	10.00
46.3222	10.00
46.3427	9.00
46.3631	11.00
46.3836	5.00
46.4041	7.00
46.4245	10.00
46.445	18.00
46.4654	11.00
46.4859	4.00
46.5064	12.00
46.5268	10.00
46.5473	16.00
46.5678	9.00
46.5882	19.00
46.6087	13.00
46.6291	6.00
46.6496	7.00
46.6701	20.00
46.6905	11.00
46.711	10.00
46.7315	11.00
46.7519	11.00
46.7724	8.00
46.7929	12.00
46.8133	10.00
46.8338	7.00
46.8542	16.00
46.8747	16.00
46.8952	13.00
46.9156	12.00
46.9361	10.00
46.9566	18.00
46.977	14.00
46.9975	13.00
47.0179	9.00
47.0384	9.00
47.0589	17.00
47.0793	12.00
47.0998	8.00
47.1203	9.00
47.1407	10.00
47.1612	13.00
47.1817	9.00
47.2021	10.00
47.2226	11.00
47.243	5.00
47.2635	13.00
47.284	11.00
47.3044	13.00
47.3249	13.00
47.3454	12.00
47.3658	18.00
47.3863	8.00
47.4067	7.00
47.4272	15.00
47.4477	6.00
47.4681	14.00
47.4886	8.00
47.5091	10.00
47.5295	16.00
47.55	10.00
47.5705	14.00
47.5909	14.00
47.6114	14.00
47.6318	15.00
47.6523	14.00
47.6728	11.00
47.6932	12.00
47.7137	18.00
47.7342	13.00
47.7546	13.00
47.7751	12.00
47.7955	6.00
47.816	11.00
47.8365	12.00
47.8569	12.00
47.8774	9.00
47.8979	9.00
47.9183	10.00
47.9388	19.00
47.9593	7.00
47.9797	4.00
48.0002	12.00
48.0206	11.00
48.0411	8.00
48.0616	13.00
48.082	13.00
48.1025	9.00
48.123	8.00
48.1434	10.00
48.1639	11.00
48.1843	13.00
48.2048	4.00
48.2253	10.00
48.2457	11.00
48.2662	9.00
48.2867	12.00
48.3071	12.00
48.3276	14.00
48.3481	8.00
48.3685	7.00
48.389	4.00
48.4094	11.00
48.4299	10.00
48.4504	13.00
48.4708	14.00
48.4913	10.00
48.5118	12.00
48.5322	7.00
48.5527	18.00
48.5731	10.00
48.5936	16.00
48.6141	13.00
48.6345	11.00
48.655	10.00
48.6755	14.00
48.6959	6.00
48.7164	14.00
48.7369	13.00
48.7573	12.00
48.7778	10.00
48.7982	19.00
48.8187	18.00
48.8392	12.00
48.8596	9.00
48.8801	12.00
48.9006	14.00
48.921	13.00
48.9415	24.00
48.9619	10.00
48.9824	9.00
49.0029	11.00
49.0233	11.00
49.0438	14.00
49.0643	12.00
49.0847	15.00
49.1052	15.00
49.1257	19.00
49.1461	11.00
49.1666	16.00
49.187	21.00
49.2075	14.00
49.228	23.00
49.2484	27.00
49.2689	28.00
49.2894	19.00
49.3098	29.00
49.3303	20.00
49.3507	39.00
49.3712	36.00
49.3917	33.00
49.4121	36.00
49.4326	68.00
49.4531	56.00
49.4735	79.00
49.494	115.00
49.5145	171.00
49.5349	215.00
49.5554	324.00
49.5758	384.00
49.5963	377.00
49.6168	272.00
49.6372	212.00
49.6577	179.00
49.6782	214.00
49.6986	245.00
49.7191	231.00
49.7395	184.00
49.76	127.00
49.7805	99.00
49.8009	58.00
49.8214	52.00
49.8419	39.00
49.8623	35.00
49.8828	25.00
49.9033	32.00
49.9237	30.00
49.9442	18.00
49.9646	20.00
49.9851	11.00
50.0056	30.00
50.026	25.00
50.0465	18.00
50.067	14.00
50.0874	10.00
50.1079	21.00
50.1283	11.00
50.1488	13.00
50.1693	12.00
50.1897	13.00
50.2102	13.00
50.2307	16.00
50.2511	12.00
50.2716	14.00
50.2921	10.00
50.3125	14.00
50.333	12.00
50.3534	10.00
50.3739	17.00
50.3944	14.00
50.4148	12.00
50.4353	10.00
50.4558	17.00
50.4762	17.00
50.4967	14.00
50.5171	8.00
50.5376	18.00
50.5581	12.00
50.5785	11.00
50.599	9.00
50.6195	8.00
50.6399	13.00
50.6604	11.00
50.6809	12.00
50.7013	14.00
50.7218	15.00
50.7422	11.00
50.7627	18.00
50.7832	10.00
50.8036	11.00
50.8241	14.00
50.8446	8.00
50.865	11.00
50.8855	14.00
50.9059	7.00
50.9264	16.00
50.9469	13.00
50.9673	15.00
50.9878	12.00
51.0083	12.00
51.0287	14.00
51.0492	20.00
51.0697	9.00
51.0901	9.00
51.1106	11.00
51.131	9.00
51.1515	11.00
51.172	13.00
51.1924	15.00
51.2129	11.00
51.2334	8.00
51.2538	11.00
51.2743	8.00
51.2947	9.00
51.3152	12.00
51.3357	11.00
51.3561	8.00
51.3766	5.00
51.3971	13.00
51.4175	12.00
51.438	11.00
51.4585	11.00
51.4789	12.00
51.4994	8.00
51.5198	6.00
51.5403	6.00
51.5608	11.00
51.5812	15.00
51.6017	7.00
51.6222	12.00
51.6426	16.00
51.6631	9.00
51.6835	8.00
51.704	10.00
51.7245	11.00
51.7449	11.00
51.7654	11.00
51.7859	11.00
51.8063	9.00
51.8268	12.00
51.8473	9.00
51.8677	10.00
51.8882	11.00
51.9086	7.00
51.9291	10.00
51.9496	10.00
51.97	12.00
51.9905	12.00
52.011	6.00
52.0314	13.00
52.0519	5.00
52.0723	10.00
52.0928	17.00
52.1133	6.00
52.1337	12.00
52.1542	8.00
52.1747	6.00
52.1951	9.00
52.2156	14.00
52.2361	8.00
52.2565	10.00
52.277	13.00
52.2974	18.00
52.3179	12.00
52.3384	19.00
52.3588	9.00
52.3793	14.00
52.3998	10.00
52.4202	10.00
52.4407	12.00
52.4611	12.00
52.4816	14.00
52.5021	13.00
52.5225	11.00
52.543	8.00
52.5635	13.00
52.5839	8.00
52.6044	5.00
52.6249	9.00
52.6453	11.00
52.6658	7.00
52.6862	9.00
52.7067	9.00
52.7272	7.00
52.7476	9.00
52.7681	13.00
52.7886	7.00
52.809	7.00
52.8295	11.00
52.8499	6.00
52.8704	10.00
52.8909	19.00
52.9113	15.00
52.9318	13.00
52.9523	14.00
52.9727	15.00
52.9932	14.00
53.0137	8.00
53.0341	19.00
53.0546	11.00
53.075	9.00
53.0955	13.00
53.116	14.00
53.1364	9.00
53.1569	12.00
53.1774	15.00
53.1978	11.00
53.2183	16.00
53.2387	12.00
53.2592	16.00
53.2797	14.00
53.3001	11.00
53.3206	15.00
53.3411	11.00
53.3615	16.00
53.382	18.00
53.4025	13.00
53.4229	13.00
53.4434	16.00
53.4638	13.00
53.4843	9.00
53.5048	12.00
53.5252	16.00
53.5457	16.00
53.5662	20.00
53.5866	20.00
53.6071	15.00
53.6275	23.00
53.648	25.00
53.6685	19.00
53.6889	20.00
53.7094	19.00
53.7299	20.00
53.7503	21.00
53.7708	17.00
53.7913	21.00
53.8117	30.00
53.8322	24.00
53.8526	17.00
53.8731	27.00
53.8936	31.00
53.914	35.00
53.9345	41.00
53.955	41.00
53.9754	49.00
53.9959	39.00
54.0163	53.00
54.0368	80.00
54.0573	103.00
54.0777	133.00
54.0982	220.00
54.1187	319.00
54.1391	449.00
54.1596	486.00
54.18	414.00
54.2005	298.00
54.221	240.00
54.2414	211.00
54.2619	222.00
54.2824	259.00
54.3028	295.00
54.3233	242.00
54.3438	200.00
54.3642	129.00
54.3847	84.00
54.4051	68.00
54.4256	45.00
54.4461	49.00
54.4665	38.00
54.487	47.00
54.5075	30.00
54.5279	28.00
54.5484	32.00
54.5688	27.00
54.5893	24.00
54.6098	18.00
54.6302	14.00
54.6507	12.00
54.6712	18.00
54.6916	17.00
54.7121	15.00
54.7326	14.00
54.753	18.00
54.7735	23.00
54.7939	11.00
54.8144	16.00
54.8349	15.00
54.8553	6.00
54.8758	11.00
54.8963	14.00
54.9167	11.00
54.9372	13.00
54.9576	13.00
54.9781	16.00
54.9986	15.00
55.019	9.00
55.0395	25.00
55.06	11.00
55.0804	17.00
55.1009	7.00
55.1214	8.00
55.1418	12.00
55.1623	15.00
55.1827	5.00
55.2032	11.00
55.2237	10.00
55.2441	13.00
55.2646	10.00
55.2851	8.00
55.3055	11.00
55.326	3.00
55.3464	11.00
55.3669	7.00
55.3874	16.00
55.4078	9.00
55.4283	8.00
55.4488	8.00
55.4692	12.00
55.4897	10.00
55.5102	13.00
55.5306	16.00
55.5511	10.00
55.5715	5.00
55.592	11.00
55.6125	11.00
55.6329	13.00
55.6534	9.00
55.6739	12.00
55.6943	6.00
55.7148	11.00
55.7352	6.00
55.7557	6.00
55.7762	11.00
55.7966	8.00
55.8171	11.00
55.8376	6.00
55.858	5.00
55.8785	7.00
55.899	7.00
55.9194	13.00
55.9399	9.00
55.9603	13.00
55.9808	5.00
56.0013	10.00
56.0217	10.00
56.0422	8.00
56.0627	14.00
56.0831	11.00
56.1036	8.00
56.124	9.00
56.1445	10.00
56.165	16.00
56.1854	12.00
56.2059	7.00
56.2264	5.00
56.2468	15.00
56.2673	14.00
56.2878	15.00
56.3082	19.00
56.3287	15.00
56.3491	14.00
56.3696	17.00
56.3901	12.00
56.4105	12.00
56.431	9.00
56.4515	17.00
56.4719	13.00
56.4924	7.00
56.5128	8.00
56.5333	13.00
56.5538	11.00
56.5742	8.00
56.5947	15.00
56.6152	16.00
56.6356	9.00
56.6561	10.00
56.6766	16.00
56.697	11.00
56.7175	10.00
56.7379	6.00
56.7584	6.00
56.7789	9.00
56.7993	13.00
56.8198	9.00
56.8403	9.00
56.8607	8.00
56.8812	12.00
56.9016	10.00
56.9221	7.00
56.9426	10.00
56.963	12.00
56.9835	12.00
57.004	8.00
57.0244	18.00
57.0449	9.00
57.0654	20.00
57.0858	16.00
57.1063	28.00
57.1267	23.00
57.1472	28.00
57.1677	21.00
57.1881	24.00
57.2086	18.00
57.2291	11.00
57.2495	24.00
57.27	23.00
57.2904	20.00
57.3109	10.00
57.3314	22.00
57.3518	20.00
57.3723	18.00
57.3928	20.00
57.4132	23.00
57.4337	25.00
57.4542	16.00
57.4746	27.00
57.4951	24.00
57.5155	34.00
57.536	26.00
57.5565	46.00
57.5769	59.00
57.5974	72.00
57.6179	70.00
57.6383	96.00
57.6588	90.00
57.6792	59.00
57.6997	67.00
57.7202	50.00
57.7406	46.00
57.7611	40.00
57.7816	56.00
57.802	56.00
57.8225	46.00
57.843	42.00
57.8634	23.00
57.8839	23.00
57.9043	14.00
57.9248	13.00
57.9453	18.00
57.9657	17.00
57.9862	15.00
58.0067	10.00
58.0271	15.00
58.0476	15.00
58.068	13.00
58.0885	12.00
58.109	7.00
58.1294	9.00
58.1499	12.00
58.1704	10.00
58.1908	6.00
58.2113	8.00
58.2318	9.00
58.2522	12.00
58.2727	10.00
58.2931	9.00
58.3136	7.00
58.3341	11.00
58.3545	11.00
58.375	7.00
58.3955	8.00
58.4159	8.00
58.4364	12.00
58.4568	12.00
58.4773	5.00
58.4978	8.00
58.5182	5.00
58.5387	10.00
58.5592	9.00
58.5796	6.00
58.6001	5.00
58.6206	10.00
58.641	9.00
58.6615	9.00
58.6819	8.00
58.7024	9.00
58.7229	7.00
58.7433	12.00
58.7638	9.00
58.7843	11.00
58.8047	6.00
58.8252	5.00
58.8456	5.00
58.8661	8.00
58.8866	4.00
58.907	4.00
58.9275	9.00
58.948	6.00
58.9684	9.00
58.9889	12.00
59.0094	10.00
59.0298	16.00
59.0503	12.00
59.0707	9.00
59.0912	7.00
59.1117	10.00
59.1321	10.00
59.1526	6.00
59.1731	6.00
59.1935	6.00
59.214	7.00
59.2344	7.00
59.2549	16.00
59.2754	5.00
59.2958	6.00
59.3163	12.00
59.3368	4.00
59.3572	5.00
59.3777	8.00
59.3982	10.00
59.4186	8.00
59.4391	8.00
59.4595	17.00
59.48	11.00
59.5005	11.00
59.5209	5.00
59.5414	8.00
59.5619	9.00
59.5823	8.00
59.6028	9.00
59.6232	3.00
59.6437	6.00
59.6642	11.00
59.6846	9.00
59.7051	4.00
59.7256	7.00
59.746	8.00
59.7665	7.00
59.787	6.00
59.8074	4.00
59.8279	12.00
59.8483	7.00
59.8688	10.00
59.8893	8.00
59.9097	9.00
59.9302	6.00
59.9507	6.00
59.9711	6.00
59.9916	10.00
60.012	7.00
60.0325	7.00
60.053	9.00
60.0734	5.00
60.0939	14.00
60.1144	7.00
60.1348	8.00
60.1553	10.00
60.1758	8.00
60.1962	15.00
60.2167	7.00
60.2371	6.00
60.2576	7.00
60.2781	10.00
60.2985	9.00
60.319	5.00
60.3395	11.00
60.3599	13.00
60.3804	6.00
60.4008	9.00
60.4213	5.00
60.4418	6.00
60.4622	8.00
60.4827	6.00
60.5032	8.00
60.5236	8.00
60.5441	11.00
60.5646	8.00
60.585	8.00
60.6055	11.00
60.6259	7.00
60.6464	6.00
60.6669	6.00
60.6873	6.00
60.7078	9.00
60.7283	11.00
60.7487	9.00
60.7692	6.00
60.7896	6.00
60.8101	10.00
60.8306	8.00
60.851	12.00
60.8715	6.00
60.892	8.00
60.9124	9.00
60.9329	10.00
60.9534	2.00
60.9738	6.00
60.9943	9.00
61.0147	5.00
61.0352	6.00
61.0557	9.00
61.0761	15.00
61.0966	10.00
61.1171	10.00
61.1375	10.00
61.158	7.00
61.1784	13.00
61.1989	10.00
61.2194	7.00
61.2398	13.00
61.2603	5.00
61.2808	12.00
61.3012	5.00
61.3217	11.00
61.3422	9.00
61.3626	7.00
61.3831	5.00
61.4035	12.00
61.424	13.00
61.4445	10.00
61.4649	12.00
61.4854	5.00
61.5059	10.00
61.5263	11.00
61.5468	7.00
61.5672	5.00
61.5877	12.00
61.6082	11.00
61.6286	11.00
61.6491	14.00
61.6696	9.00
61.69	14.00
61.7105	16.00
61.731	8.00
61.7514	11.00
61.7719	14.00
61.7923	9.00
61.8128	13.00
61.8333	14.00
61.8537	7.00
61.8742	12.00
61.8947	11.00
61.9151	13.00
61.9356	13.00
61.956	15.00
61.9765	14.00
61.997	13.00
62.0174	5.00
62.0379	11.00
62.0584	15.00
62.0788	10.00
62.0993	11.00
62.1198	12.00
62.1402	14.00
62.1607	20.00
62.1811	15.00
62.2016	17.00
62.2221	16.00
62.2425	17.00
62.263	23.00
62.2835	30.00
62.3039	19.00
62.3244	21.00
62.3448	35.00
62.3653	34.00
62.3858	41.00
62.4062	37.00
62.4267	48.00
62.4472	71.00
62.4676	110.00
62.4881	147.00
62.5086	217.00
62.529	259.00
62.5495	308.00
62.5699	251.00
62.5904	210.00
62.6109	136.00
62.6313	108.00
62.6518	146.00
62.6723	157.00
62.6927	158.00
62.7132	200.00
62.7336	175.00
62.7541	148.00
62.7746	105.00
62.795	66.00
62.8155	69.00
62.836	43.00
62.8564	44.00
62.8769	36.00
62.8974	34.00
62.9178	29.00
62.9383	32.00
62.9587	26.00
62.9792	13.00
62.9997	17.00
63.0201	25.00
63.0406	19.00
63.0611	14.00
63.0815	14.00
63.102	21.00
63.1224	15.00
63.1429	20.00
63.1634	10.00
63.1838	8.00
63.2043	12.00
63.2248	15.00
63.2452	22.00
63.2657	17.00
63.2862	10.00
63.3066	13.00
63.3271	6.00
63.3475	12.00
63.368	12.00
63.3885	16.00
63.4089	7.00
63.4294	12.00
63.4499	13.00
63.4703	18.00
63.4908	12.00
63.5112	12.00
63.5317	19.00
63.5522	11.00
63.5726	14.00
63.5931	12.00
63.6136	6.00
63.634	8.00
63.6545	8.00
63.675	15.00
63.6954	13.00
63.7159	16.00
63.7363	13.00
63.7568	22.00
63.7773	13.00
63.7977	17.00
63.8182	25.00
63.8387	22.00
63.8591	26.00
63.8796	26.00
63.9	23.00
63.9205	23.00
63.941	36.00
63.9614	35.00
63.9819	44.00
64.0024	52.00
64.0228	66.00
64.0433	82.00
64.0638	108.00
64.0842	197.00
64.1047	281.00
64.1251	313.00
64.1456	296.00
64.1661	204.00
64.1865	160.00
64.207	97.00
64.2275	101.00
64.2479	113.00
64.2684	144.00
64.2888	146.00
64.3093	182.00
64.3298	138.00
64.3502	109.00
64.3707	67.00
64.3912	62.00
64.4116	44.00
64.4321	36.00
64.4526	30.00
64.473	27.00
64.4935	13.00
64.5139	23.00
64.5344	21.00
64.5549	25.00
64.5753	18.00
64.5958	10.00
64.6163	7.00
64.6367	9.00
64.6572	11.00
64.6776	14.00
64.6981	13.00
64.7186	10.00
64.739	9.00
64.7595	15.00
64.78	17.00
64.8004	5.00
64.8209	15.00
64.8414	16.00
64.8618	7.00
64.8823	7.00
64.9027	11.00
64.9232	11.00
64.9437	5.00
64.9641	4.00
64.9846	15.00
65.0051	11.00
65.0255	10.00
65.046	8.00
65.0664	13.00
65.0869	7.00
65.1074	7.00
65.1278	13.00
65.1483	9.00
65.1688	6.00
65.1892	6.00
65.2097	9.00
65.2302	7.00
65.2506	11.00
65.2711	10.00
65.2915	6.00
65.312	8.00
65.3325	3.00
65.3529	11.00
65.3734	6.00
65.3939	7.00
65.4143	10.00
65.4348	9.00
65.4552	9.00
65.4757	8.00
65.4962	8.00
65.5166	11.00
65.5371	7.00
65.5576	5.00
65.578	7.00
65.5985	10.00
65.619	5.00
65.6394	8.00
65.6599	10.00
65.6803	12.00
65.7008	4.00
65.7213	10.00
65.7417	10.00
65.7622	6.00
65.7827	7.00
65.8031	8.00
65.8236	10.00
65.844	11.00
65.8645	8.00
65.885	6.00
65.9054	7.00
65.9259	6.00
65.9464	10.00
65.9668	7.00
65.9873	14.00
66.0078	9.00
66.0282	12.00
66.0487	7.00
66.0691	13.00
66.0896	8.00
66.1101	10.00
66.1305	9.00
66.151	7.00
66.1715	5.00
66.1919	7.00
66.2124	6.00
66.2328	14.00
66.2533	10.00
66.2738	9.00
66.2942	7.00
66.3147	8.00
66.3352	9.00
66.3556	8.00
66.3761	9.00
66.3966	6.00
66.417	14.00
66.4375	4.00
66.4579	4.00
66.4784	6.00
66.4989	7.00
66.5193	2.00
66.5398	8.00
66.5603	5.00
66.5807	7.00
66.6012	7.00
66.6216	9.00
66.6421	14.00
66.6626	3.00
66.683	10.00
66.7035	11.00
66.724	5.00
66.7444	5.00
66.7649	11.00
66.7854	6.00
66.8058	6.00
66.8263	6.00
66.8467	6.00
66.8672	4.00
66.8877	7.00
66.9081	5.00
66.9286	6.00
66.9491	8.00
66.9695	6.00
66.99	5.00
67.0104	3.00
67.0309	4.00
67.0514	7.00
67.0718	3.00
67.0923	6.00
67.1128	7.00
67.1332	5.00
67.1537	6.00
67.1742	7.00
67.1946	9.00
67.2151	6.00
67.2355	4.00
67.256	9.00
67.2765	4.00
67.2969	2.00
67.3174	5.00
67.3379	5.00
67.3583	8.00
67.3788	8.00
67.3992	10.00
67.4197	7.00
67.4402	9.00
67.4606	6.00
67.4811	8.00
67.5016	5.00
67.522	10.00
67.5425	5.00
67.563	9.00
67.5834	7.00
67.6039	7.00
67.6243	8.00
67.6448	10.00
67.6653	7.00
67.6857	4.00
67.7062	3.00
67.7267	3.00
67.7471	8.00
67.7676	5.00
67.788	10.00
67.8085	5.00
67.829	3.00
67.8494	7.00
67.8699	8.00
67.8904	3.00
67.9108	4.00
67.9313	3.00
67.9518	7.00
67.9722	9.00
67.9927	4.00
68.0131	5.00
68.0336	4.00
68.0541	7.00
68.0745	10.00
68.095	7.00
68.1155	8.00
68.1359	9.00
68.1564	8.00
68.1768	8.00
68.1973	12.00
68.2178	7.00
68.2382	4.00
68.2587	4.00
68.2792	11.00
68.2996	3.00
68.3201	7.00
68.3406	2.00
68.361	5.00
68.3815	6.00
68.4019	7.00
68.4224	3.00
68.4429	4.00
68.4633	2.00
68.4838	10.00
68.5043	2.00
68.5247	7.00
68.5452	8.00
68.5656	8.00
68.5861	10.00
68.6066	4.00
68.627	8.00
68.6475	4.00
68.668	5.00
68.6884	9.00
68.7089	4.00
68.7294	7.00
68.7498	8.00
68.7703	9.00
68.7907	10.00
68.8112	5.00
68.8317	9.00
68.8521	9.00
68.8726	6.00
68.8931	11.00
68.9135	3.00
68.934	8.00
68.9544	4.00
68.9749	7.00
68.9954	3.00
69.0158	5.00
69.0363	12.00
69.0568	7.00
69.0772	6.00
69.0977	5.00
69.1182	6.00
69.1386	9.00
69.1591	9.00
69.1795	5.00
69.2	12.00
69.2205	11.00
69.2409	9.00
69.2614	10.00
69.2819	10.00
69.3023	9.00
69.3228	9.00
69.3432	9.00
69.3637	10.00
69.3842	10.00
69.4046	8.00
69.4251	5.00
69.4456	7.00
69.466	12.00
69.4865	12.00
69.507	15.00
69.5274	7.00
69.5479	9.00
69.5683	14.00
69.5888	12.00
69.6093	33.00
69.6297	21.00
69.6502	31.00
69.6707	22.00
69.6911	23.00
69.7116	12.00
69.732	14.00
69.7525	14.00
69.773	16.00
69.7934	14.00
69.8139	22.00
69.8344	18.00
69.8548	17.00
69.8753	14.00
69.8958	11.00
69.9162	12.00
69.9367	11.00
69.9571	9.00
69.9776	14.00
69.9981	13.00
70.0185	7.00
70.039	8.00
70.0595	8.00
70.0799	8.00
70.1004	10.00
70.1208	5.00
70.1413	11.00
70.1618	3.00
70.1822	6.00
70.2027	10.00
70.2232	7.00
70.2436	9.00
70.2641	7.00
70.2846	10.00
70.305	8.00
70.3255	5.00
70.3459	6.00
70.3664	6.00
70.3869	2.00
70.4073	15.00
70.4278	8.00
70.4483	6.00
70.4687	0.00
70.4892	6.00
70.5096	6.00
70.5301	4.00
70.5506	6.00
70.571	3.00
70.5915	5.00
70.612	4.00
70.6324	5.00
70.6529	7.00
70.6734	6.00
70.6938	7.00
70.7143	7.00
70.7347	5.00
70.7552	3.00
70.7757	6.00
70.7961	4.00
70.8166	5.00
70.8371	7.00
70.8575	9.00
70.878	8.00
70.8984	7.00
70.9189	8.00
70.9394	9.00
70.9598	3.00
70.9803	7.00
71.0008	3.00
71.0212	8.00
71.0417	5.00
71.0622	8.00
71.0826	8.00
71.1031	7.00
71.1235	7.00
71.144	13.00
71.1645	15.00
71.1849	7.00
71.2054	6.00
71.2259	11.00
71.2463	6.00
71.2668	5.00
71.2872	4.00
71.3077	8.00
71.3282	7.00
71.3486	9.00
71.3691	2.00
71.3896	2.00
71.41	6.00
71.4305	4.00
71.451	6.00
71.4714	9.00
71.4919	6.00
71.5123	8.00
71.5328	9.00
71.5533	10.00
71.5737	3.00
71.5942	8.00
71.6147	17.00
71.6351	5.00
71.6556	8.00
71.676	12.00
71.6965	19.00
71.717	12.00
71.7374	7.00
71.7579	11.00
71.7784	17.00
71.7988	20.00
71.8193	24.00
71.8398	20.00
71.8602	31.00
71.8807	44.00
71.9011	69.00
71.9216	78.00
71.9421	98.00
71.9625	81.00
71.983	65.00
72.0035	66.00
72.0239	48.00
72.0444	43.00
72.0648	52.00
72.0853	35.00
72.1058	41.00
72.1262	51.00
72.1467	56.00
72.1672	64.00
72.1876	31.00
72.2081	34.00
72.2285	53.00
72.249	28.00
72.2695	26.00
72.2899	22.00
72.3104	25.00
72.3309	33.00
72.3513	19.00
72.3718	22.00
72.3923	19.00
72.4127	21.00
72.4332	16.00
72.4536	18.00
72.4741	15.00
72.4946	16.00
72.515	25.00
72.5355	13.00
72.556	16.00
72.5764	13.00
72.5969	7.00
72.6173	5.00
72.6378	14.00
72.6583	10.00
72.6787	6.00
72.6992	10.00
72.7197	5.00
72.7401	8.00
72.7606	8.00
72.7811	8.00
72.8015	7.00
72.822	2.00
72.8424	6.00
72.8629	2.00
72.8834	5.00
72.9038	3.00
72.9243	9.00
72.9448	6.00
72.9652	7.00
72.9857	7.00
73.0061	4.00
73.0266	5.00
73.0471	5.00
73.0675	5.00
73.088	4.00
73.1085	3.00
73.1289	4.00
73.1494	12.00
73.1699	4.00
73.1903	9.00
73.2108	2.00
73.2312	4.00
73.2517	6.00
73.2722	12.00
73.2926	0.00
73.3131	7.00
73.3336	3.00
73.354	7.00
73.3745	8.00
73.3949	6.00
73.4154	9.00
73.4359	4.00
73.4563	6.00
73.4768	5.00
73.4973	10.00
73.5177	8.00
73.5382	7.00
73.5587	6.00
73.5791	5.00
73.5996	7.00
73.62	4.00
73.6405	6.00
73.661	5.00
73.6814	7.00
73.7019	10.00
73.7224	7.00
73.7428	5.00
73.7633	9.00
73.7837	4.00
73.8042	10.00
73.8247	5.00
73.8451	5.00
73.8656	6.00
73.8861	3.00
73.9065	5.00
73.927	5.00
73.9475	11.00
73.9679	1.00
73.9884	9.00
74.0088	3.00
74.0293	7.00
74.0498	6.00
74.0702	6.00
74.0907	9.00
74.1112	6.00
74.1316	5.00
74.1521	12.00
74.1725	7.00
74.193	9.00
74.2135	10.00
74.2339	11.00
74.2544	7.00
74.2749	11.00
74.2953	6.00
74.3158	9.00
74.3363	4.00
74.3567	6.00
74.3772	8.00
74.3976	3.00
74.4181	9.00
74.4386	6.00
74.459	8.00
74.4795	12.00
74.5	8.00
74.5204	8.00
74.5409	6.00
74.5613	6.00
74.5818	8.00
74.6023	10.00
74.6227	10.00
74.6432	7.00
74.6637	6.00
74.6841	5.00
74.7046	4.00
74.7251	7.00
74.7455	8.00
74.766	4.00
74.7864	4.00
74.8069	5.00
74.8274	5.00
74.8478	2.00
74.8683	5.00
74.8888	4.00
74.9092	5.00
74.9297	5.00
74.9501	13.00
74.9706	5.00
74.9911	5.00
75.0115	6.00
75.032	7.00
75.0525	4.00
75.0729	12.00
75.0934	13.00
75.1139	3.00
75.1343	6.00
75.1548	9.00
75.1752	6.00
75.1957	8.00
75.2162	10.00
75.2366	6.00
75.2571	3.00
75.2776	13.00
75.298	10.00
75.3185	9.00
75.3389	10.00
75.3594	10.00
75.3799	1.00
75.4003	15.00
75.4208	11.00
75.4413	18.00
75.4617	12.00
75.4822	18.00
75.5027	32.00
75.5231	38.00
75.5436	57.00
75.564	69.00
75.5845	76.00
75.605	48.00
75.6254	38.00
75.6459	31.00
75.6664	22.00
75.6868	31.00
75.7073	18.00
75.7277	33.00
75.7482	33.00
75.7687	35.00
75.7891	36.00
75.8096	33.00
75.8301	22.00
75.8505	21.00
75.871	22.00
75.8915	9.00
75.9119	6.00
75.9324	11.00
75.9528	15.00
75.9733	11.00
75.9938	9.00
76.0142	6.00
76.0347	3.00
76.0552	5.00
76.0756	8.00
76.0961	5.00
76.1165	5.00
76.137	6.00
76.1575	11.00
76.1779	13.00
76.1984	10.00
76.2189	6.00
76.2393	4.00
76.2598	8.00
76.2803	9.00
76.3007	5.00
76.3212	1.00
76.3416	8.00
76.3621	3.00
76.3826	4.00
76.403	2.00
76.4235	6.00
76.444	5.00
76.4644	4.00
76.4849	6.00
76.5053	11.00
76.5258	6.00
76.5463	7.00
76.5667	5.00
76.5872	9.00
76.6077	5.00
76.6281	4.00
76.6486	4.00
76.6691	7.00
76.6895	2.00
76.71	8.00
76.7304	4.00
76.7509	5.00
76.7714	3.00
76.7918	7.00
76.8123	8.00
76.8328	7.00
76.8532	4.00
76.8737	1.00
76.8941	5.00
76.9146	3.00
76.9351	3.00
76.9555	3.00
76.976	6.00
76.9965	1.00
77.0169	9.00
77.0374	6.00
77.0579	7.00
77.0783	3.00
77.0988	2.00
77.1192	2.00
77.1397	6.00
77.1602	7.00
77.1806	7.00
77.2011	5.00
77.2216	5.00
77.242	7.00
77.2625	9.00
77.2829	3.00
77.3034	5.00
77.3239	4.00
77.3443	6.00
77.3648	2.00
77.3853	3.00
77.4057	3.00
77.4262	1.00
77.4467	7.00
77.4671	10.00
77.4876	3.00
77.508	10.00
77.5285	3.00
77.549	7.00
77.5694	5.00
77.5899	8.00
77.6104	4.00
77.6308	6.00
77.6513	10.00
77.6717	5.00
77.6922	9.00
77.7127	7.00
77.7331	14.00
77.7536	9.00
77.7741	23.00
77.7945	26.00
77.815	32.00
77.8355	17.00
77.8559	20.00
77.8764	16.00
77.8968	12.00
77.9173	7.00
77.9378	6.00
77.9582	15.00
77.9787	14.00
77.9992	9.00
78.0196	27.00
78.0401	16.00
78.0605	13.00
78.081	16.00
78.1015	10.00
78.1219	9.00
78.1424	7.00
78.1629	14.00
78.1833	11.00
78.2038	5.00
78.2243	8.00
78.2447	7.00
78.2652	2.00
78.2856	3.00
78.3061	7.00
78.3266	10.00
78.347	5.00
78.3675	8.00
78.388	5.00
78.4084	7.00
78.4289	6.00
78.4493	5.00
78.4698	3.00
78.4903	7.00
78.5107	8.00
78.5312	6.00
78.5517	7.00
78.5721	2.00
78.5926	7.00
78.6131	4.00
78.6335	4.00
78.654	5.00
78.6744	8.00
78.6949	7.00
78.7154	7.00
78.7358	10.00
78.7563	7.00
78.7768	8.00
78.7972	4.00
78.8177	12.00
78.8381	13.00
78.8586	20.00
78.8791	12.00
78.8995	11.00
78.92	15.00
78.9405	9.00
78.9609	6.00
78.9814	6.00
79.0019	5.00
79.0223	2.00
79.0428	7.00
79.0632	8.00
79.0837	9.00
79.1042	12.00
79.1246	11.00
79.1451	7.00
79.1656	6.00
79.186	11.00
79.2065	7.00
79.2269	3.00
79.2474	9.00
79.2679	1.00
79.2883	5.00
79.3088	5.00
79.3293	5.00
79.3497	7.00
79.3702	6.00
79.3907	9.00
79.4111	5.00
79.4316	7.00
79.452	3.00
79.4725	6.00
79.493	9.00
79.5134	7.00
79.5339	2.00
79.5544	5.00
79.5748	6.00
79.5953	3.00
79.6157	7.00
79.6362	1.00
79.6567	3.00
79.6771	4.00
79.6976	4.00
79.7181	5.00
79.7385	5.00
79.759	5.00
79.7795	10.00
79.7999	3.00
79.8204	7.00
79.8408	5.00
79.8613	6.00
79.8818	6.00
79.9022	4.00
79.9227	4.00
79.9432	8.00
79.9636	6.00
79.9841	2.00
80.0045	7.00
