COMMANDER Sample ID
Wavelength = 1.54059
10.0001	368.00
10.0206	399.00
10.041	363.00
10.0615	412.00
10.082	395.00
10.1024	364.00
10.1229	336.00
10.1433	348.00
10.1638	334.00
10.1843	364.00
10.2047	396.00
10.2252	361.00
10.2457	396.00
10.2661	379.00
10.2866	376.00
10.3071	356.00
10.3275	384.00
10.348	339.00
10.3684	347.00
10.3889	365.00
10.4094	367.00
10.4298	326.00
10.4503	382.00
10.4708	367.00
10.4912	341.00
10.5117	368.00
10.5321	351.00
10.5526	382.00
10.5731	336.00
10.5935	363.00
10.614	384.00
10.6345	335.00
10.6549	328.00
10.6754	363.00
10.6959	338.00
10.7163	365.00
10.7368	322.00
10.7572	327.00
10.7777	323.00
10.7982	333.00
10.8186	345.00
10.8391	356.00
10.8596	382.00
10.88	345.00
10.9005	339.00
10.9209	374.00
10.9414	320.00
10.9619	318.00
10.9823	320.00
11.0028	354.00
11.0233	329.00
11.0437	366.00
11.0642	313.00
11.0847	371.00
11.1051	319.00
11.1256	333.00
11.146	316.00
11.1665	337.00
11.187	335.00
11.2074	328.00
11.2279	347.00
11.2484	316.00
11.2688	317.00
11.2893	326.00
11.3097	274.00
11.3302	303.00
11.3507	292.00
11.3711	328.00
11.3916	292.00
11.4121	316.00
11.4325	341.00
11.453	333.00
11.4735	279.00
11.4939	331.00
11.5144	299.00
11.5348	323.00
11.5553	305.00
11.5758	317.00
11.5962	300.00
11.6167	299.00
11.6372	288.00
11.6576	319.00
11.6781	299.00
11.6985	331.00
11.719	280.00
11.7395	274.00
11.7599	271.00
11.7804	291.00
11.8009	294.00
11.8213	319.00
11.8418	282.00
11.8623	313.00
11.8827	296.00
11.9032	276.00
11.9236	286.00
11.9441	270.00
11.9646	271.00
11.985	282.00
12.0055	305.00
12.026	298.00
12.0464	269.00
12.0669	279.00
12.0873	260.00
12.1078	278.00
12.1283	286.00
12.1487	272.00
12.1692	304.00
12.1897	270.00
12.2101	284.00
12.2306	287.00
12.2511	285.00
12.2715	236.00
12.292	258.00
12.3124	266.00
12.3329	269.00
12.3534	285.00
12.3738	249.00
12.3943	284.00
12.4148	250.00
12.4352	279.00
12.4557	287.00
12.4761	250.00
12.4966	294.00
12.5171	273.00
12.5375	276.00
12.558	256.00
12.5785	250.00
12.5989	296.00
12.6194	270.00
12.6399	267.00
12.6603	237.00
12.6808	269.00
12.7012	266.00
12.7217	286.00
12.7422	284.00
12.7626	289.00
12.7831	273.00
12.8036	258.00
12.824	259.00
12.8445	257.00
12.8649	252.00
12.8854	253.00
12.9059	257.00
12.9263	276.00
12.9468	269.00
12.9673	259.00
12.9877	266.00
13.0082	257.00
13.0287	235.00
13.0491	255.00
13.0696	268.00
13.09	270.00
13.1105	282.00
13.131	265.00
13.1514	281.00
13.1719	249.00
13.1924	246.00
13.2128	273.00
13.2333	265.00
13.2537	289.00
13.2742	266.00
13.2947	236.00
13.3151	243.00
13.3356	269.00
13.3561	273.00
13.3765	249.00
13.397	272.00
13.4175	266.00
13.4379	234.00
13.4584	252.00
13.4788	237.00
13.4993	274.00
13.5198	256.00
13.5402	258.00
13.5607	299.00
13.5812	229.00
13.6016	228.00
13.6221	276.00
13.6425	233.00
13.663	272.00
13.6835	255.00
13.7039	255.00
13.7244	268.00
13.7449	255.00
13.7653	240.00
13.7858	226.00
13.8063	289.00
13.8267	250.00
13.8472	244.00
13.8676	238.00
13.8881	256.00
13.9086	242.00
13.929	223.00
13.9495	256.00
13.97	258.00
13.9904	238.00
14.0109	255.00
14.0313	235.00
14.0518	237.00
14.0723	239.00
14.0927	215.00
14.1132	230.00
14.1337	268.00
14.1541	228.00
14.1746	241.00
14.1951	238.00
14.2155	215.00
14.236	209.00
14.2564	254.00
14.2769	217.00
14.2974	205.00
14.3178	235.00
14.3383	228.00
14.3588	218.00
14.3792	199.00
14.3997	206.00
14.4201	196.00
14.4406	209.00
14.4611	193.00
14.4815	220.00
14.502	220.00
14.5225	188.00
14.5429	222.00
14.5634	199.00
14.5839	230.00
14.6043	196.00
14.6248	215.00
14.6452	201.00
14.6657	221.00
14.6862	225.00
14.7066	195.00
14.7271	184.00
14.7476	199.00
14.768	179.00
14.7885	174.00
14.8089	195.00
14.8294	193.00
14.8499	215.00
14.8703	178.00
14.8908	184.00
14.9113	203.00
14.9317	207.00
14.9522	217.00
14.9727	209.00
14.9931	192.00
15.0136	211.00
15.034	200.00
15.0545	186.00
15.075	195.00
15.0954	210.00
15.1159	206.00
15.1364	160.00
15.1568	197.00
15.1773	195.00
15.1977	186.00
15.2182	189.00
15.2387	172.00
15.2591	193.00
15.2796	171.00
15.3001	201.00
15.3205	164.00
15.341	164.00
15.3615	193.00
15.3819	183.00
15.4024	152.00
15.4228	196.00
15.4433	206.00
15.4638	185.00
15.4842	177.00
15.5047	150.00
15.5252	170.00
15.5456	168.00
15.5661	195.00
15.5865	174.00
15.607	166.00
15.6275	158.00
15.6479	185.00
15.6684	187.00
15.6889	158.00
15.7093	174.00
15.7298	158.00
15.7503	175.00
15.7707	154.00
15.7912	132.00
15.8116	172.00
15.8321	167.00
15.8526	156.00
15.873	171.00
15.8935	171.00
15.914	164.00
15.9344	161.00
15.9549	147.00
15.9753	165.00
15.9958	169.00
16.0163	147.00
16.0367	156.00
16.0572	172.00
16.0777	173.00
16.0981	146.00
16.1186	158.00
16.1391	161.00
16.1595	172.00
16.18	159.00
16.2004	144.00
16.2209	167.00
16.2414	159.00
16.2618	162.00
16.2823	143.00
16.3028	160.00
16.3232	172.00
16.3437	156.00
16.3641	165.00
16.3846	161.00
16.4051	179.00
16.4255	159.00
16.446	146.00
16.4665	155.00
16.4869	167.00
16.5074	177.00
16.5279	169.00
16.5483	153.00
16.5688	162.00
16.5892	150.00
16.6097	174.00
16.6302	156.00
16.6506	134.00
16.6711	155.00
16.6916	177.00
16.712	183.00
16.7325	166.00
16.7529	163.00
16.7734	175.00
16.7939	159.00
16.8143	175.00
16.8348	132.00
16.8553	125.00
16.8757	154.00
16.8962	163.00
16.9167	154.00
16.9371	155.00
16.9576	166.00
16.978	187.00
16.9985	167.00
17.019	177.00
17.0394	155.00
17.0599	163.00
17.0804	135.00
17.1008	150.00
17.1213	158.00
17.1417	137.00
17.1622	160.00
17.1827	135.00
17.2031	165.00
17.2236	162.00
17.2441	156.00
17.2645	156.00
17.285	158.00
17.3055	151.00
17.3259	146.00
17.3464	153.00
17.3668	157.00
17.3873	164.00
17.4078	150.00
17.4282	135.00
17.4487	163.00
17.4692	173.00
17.4896	145.00
17.5101	143.00
17.5305	157.00
17.551	152.00
17.5715	151.00
17.5919	161.00
17.6124	158.00
17.6329	166.00
17.6533	142.00
17.6738	121.00
17.6943	139.00
17.7147	171.00
17.7352	167.00
17.7556	136.00
17.7761	152.00
17.7966	153.00
17.817	168.00
17.8375	184.00
17.858	143.00
17.8784	144.00
17.8989	158.00
17.9193	151.00
17.9398	138.00
17.9603	140.00
17.9807	131.00
18.0012	175.00
18.0217	151.00
18.0421	136.00
18.0626	147.00
18.0831	176.00
18.1035	141.00
18.124	171.00
18.1444	142.00
18.1649	134.00
18.1854	169.00
18.2058	148.00
18.2263	148.00
18.2468	148.00
18.2672	143.00
18.2877	140.00
18.3081	140.00
18.3286	123.00
18.3491	141.00
18.3695	131.00
18.39	139.00
18.4105	142.00
18.4309	143.00
18.4514	136.00
18.4719	143.00
18.4923	170.00
18.5128	158.00
18.5332	133.00
18.5537	127.00
18.5742	146.00
18.5946	131.00
18.6151	151.00
18.6356	148.00
18.656	122.00
18.6765	148.00
18.6969	138.00
18.7174	152.00
18.7379	142.00
18.7583	147.00
18.7788	145.00
18.7993	142.00
18.8197	169.00
18.8402	171.00
18.8606	153.00
18.8811	158.00
18.9016	172.00
18.922	157.00
18.9425	184.00
18.963	126.00
18.9834	137.00
19.0039	144.00
19.0244	130.00
19.0448	134.00
19.0653	126.00
19.0857	130.00
19.1062	101.00
19.1267	113.00
19.1471	139.00
19.1676	122.00
19.1881	131.00
19.2085	113.00
19.229	155.00
19.2494	119.00
19.2699	123.00
19.2904	126.00
19.3108	127.00
19.3313	130.00
19.3518	124.00
19.3722	135.00
19.3927	133.00
19.4132	108.00
19.4336	101.00
19.4541	122.00
19.4745	126.00
19.495	128.00
19.5155	120.00
19.5359	113.00
19.5564	114.00
19.5769	111.00
19.5973	121.00
19.6178	133.00
19.6382	113.00
19.6587	124.00
19.6792	117.00
19.6996	104.00
19.7201	102.00
19.7406	102.00
19.761	115.00
19.7815	115.00
19.802	125.00
19.8224	103.00
19.8429	116.00
19.8633	111.00
19.8838	127.00
19.9043	114.00
19.9247	122.00
19.9452	119.00
19.9657	122.00
19.9861	119.00
20.0066	116.00
20.027	120.00
20.0475	135.00
20.068	104.00
20.0884	93.00
20.1089	101.00
20.1294	115.00
20.1498	109.00
20.1703	111.00
20.1908	102.00
20.2112	110.00
20.2317	115.00
20.2521	129.00
20.2726	117.00
20.2931	115.00
20.3135	120.00
20.334	93.00
20.3545	109.00
20.3749	100.00
20.3954	133.00
20.4158	114.00
20.4363	109.00
20.4568	93.00
20.4772	111.00
20.4977	124.00
20.5182	107.00
20.5386	107.00
20.5591	117.00
20.5796	105.00
20.6	86.00
20.6205	116.00
20.6409	109.00
20.6614	117.00
20.6819	118.00
20.7023	121.00
20.7228	98.00
20.7433	113.00
20.7637	100.00
20.7842	113.00
20.8046	86.00
20.8251	111.00
20.8456	113.00
20.866	122.00
20.8865	105.00
20.907	123.00
20.9274	96.00
20.9479	103.00
20.9684	112.00
20.9888	97.00
21.0093	115.00
21.0297	79.00
21.0502	121.00
21.0707	90.00
21.0911	113.00
21.1116	85.00
21.1321	105.00
21.1525	85.00
21.173	96.00
21.1934	100.00
21.2139	105.00
21.2344	102.00
21.2548	112.00
21.2753	86.00
21.2958	112.00
21.3162	78.00
21.3367	86.00
21.3572	81.00
21.3776	101.00
21.3981	97.00
21.4185	91.00
21.439	117.00
21.4595	100.00
21.4799	92.00
21.5004	100.00
21.5209	102.00
21.5413	91.00
21.5618	104.00
21.5822	103.00
21.6027	87.00
21.6232	98.00
21.6436	104.00
21.6641	98.00
21.6846	99.00
21.705	91.00
21.7255	90.00
21.746	106.00
21.7664	108.00
21.7869	95.00
21.8073	95.00
21.8278	91.00
21.8483	96.00
21.8687	95.00
21.8892	104.00
21.9097	100.00
21.9301	88.00
21.9506	89.00
21.971	85.00
21.9915	90.00
22.012	96.00
22.0324	97.00
22.0529	97.00
22.0734	78.00
22.0938	77.00
22.1143	83.00
22.1348	82.00
22.1552	85.00
22.1757	83.00
22.1961	98.00
22.2166	76.00
22.2371	89.00
22.2575	88.00
22.278	93.00
22.2985	91.00
22.3189	79.00
22.3394	89.00
22.3598	72.00
22.3803	72.00
22.4008	83.00
22.4212	79.00
22.4417	82.00
22.4622	86.00
22.4826	75.00
22.5031	79.00
22.5236	89.00
22.544	96.00
22.5645	97.00
22.5849	108.00
22.6054	88.00
22.6259	84.00
22.6463	85.00
22.6668	96.00
22.6873	94.00
22.7077	85.00
22.7282	100.00
22.7486	93.00
22.7691	82.00
22.7896	94.00
22.81	87.00
22.8305	78.00
22.851	77.00
22.8714	79.00
22.8919	78.00
22.9124	82.00
22.9328	92.00
22.9533	80.00
22.9737	78.00
22.9942	77.00
23.0147	81.00
23.0351	76.00
23.0556	71.00
23.0761	92.00
23.0965	69.00
23.117	82.00
23.1374	87.00
23.1579	72.00
23.1784	98.00
23.1988	78.00
23.2193	83.00
23.2398	80.00
23.2602	93.00
23.2807	62.00
23.3012	95.00
23.3216	72.00
23.3421	78.00
23.3625	81.00
23.383	84.00
23.4035	80.00
23.4239	82.00
23.4444	93.00
23.4649	88.00
23.4853	79.00
23.5058	90.00
23.5262	67.00
23.5467	76.00
23.5672	74.00
23.5876	72.00
23.6081	91.00
23.6286	80.00
23.649	81.00
23.6695	92.00
23.69	72.00
23.7104	69.00
23.7309	67.00
23.7513	78.00
23.7718	77.00
23.7923	75.00
23.8127	87.00
23.8332	85.00
23.8537	69.00
23.8741	86.00
23.8946	73.00
23.915	56.00
23.9355	69.00
23.956	69.00
23.9764	73.00
23.9969	79.00
24.0174	87.00
24.0378	58.00
24.0583	69.00
24.0788	65.00
24.0992	69.00
24.1197	71.00
24.1401	68.00
24.1606	88.00
24.1811	74.00
24.2015	89.00
24.222	88.00
24.2425	72.00
24.2629	70.00
24.2834	81.00
24.3038	77.00
24.3243	70.00
24.3448	70.00
24.3652	87.00
24.3857	68.00
24.4062	83.00
24.4266	74.00
24.4471	66.00
24.4676	65.00
24.488	73.00
24.5085	69.00
24.5289	72.00
24.5494	91.00
24.5699	72.00
24.5903	75.00
24.6108	61.00
24.6313	73.00
24.6517	68.00
24.6722	73.00
24.6926	75.00
24.7131	63.00
24.7336	77.00
24.754	81.00
24.7745	66.00
24.795	60.00
24.8154	88.00
24.8359	71.00
24.8564	61.00
24.8768	59.00
24.8973	57.00
24.9177	70.00
24.9382	75.00
24.9587	57.00
24.9791	58.00
24.9996	85.00
25.0201	59.00
25.0405	61.00
25.061	76.00
25.0814	82.00
25.1019	52.00
25.1224	76.00
25.1428	64.00
25.1633	68.00
25.1838	75.00
25.2042	65.00
25.2247	71.00
25.2452	63.00
25.2656	76.00
25.2861	62.00
25.3065	51.00
25.327	65.00
25.3475	65.00
25.3679	67.00
25.3884	66.00
25.4089	60.00
25.4293	50.00
25.4498	53.00
25.4702	60.00
25.4907	67.00
25.5112	61.00
25.5316	61.00
25.5521	55.00
25.5726	55.00
25.593	59.00
25.6135	67.00
25.634	47.00
25.6544	64.00
25.6749	65.00
25.6953	67.00
25.7158	63.00
25.7363	63.00
25.7567	57.00
25.7772	43.00
25.7977	72.00
25.8181	63.00
25.8386	69.00
25.859	67.00
25.8795	48.00
25.9	57.00
25.9204	64.00
25.9409	61.00
25.9614	67.00
25.9818	69.00
26.0023	50.00
26.0228	52.00
26.0432	59.00
26.0637	60.00
26.0841	50.00
26.1046	56.00
26.1251	67.00
26.1455	60.00
26.166	52.00
26.1865	50.00
26.2069	58.00
26.2274	51.00
26.2478	58.00
26.2683	62.00
26.2888	64.00
26.3092	56.00
26.3297	72.00
26.3502	59.00
26.3706	49.00
26.3911	60.00
26.4116	61.00
26.432	66.00
26.4525	47.00
26.4729	56.00
26.4934	48.00
26.5139	69.00
26.5343	55.00
26.5548	54.00
26.5753	64.00
26.5957	70.00
26.6162	56.00
26.6366	56.00
26.6571	72.00
26.6776	63.00
26.698	51.00
26.7185	54.00
26.739	47.00
26.7594	62.00
26.7799	56.00
26.8004	61.00
26.8208	63.00
26.8413	59.00
26.8617	59.00
26.8822	61.00
26.9027	68.00
26.9231	61.00
26.9436	50.00
26.9641	62.00
26.9845	56.00
27.005	55.00
27.0254	55.00
27.0459	70.00
27.0664	63.00
27.0868	69.00
27.1073	78.00
27.1278	63.00
27.1482	62.00
27.1687	64.00
27.1892	60.00
27.2096	54.00
27.2301	57.00
27.2505	53.00
27.271	48.00
27.2915	47.00
27.3119	44.00
27.3324	49.00
27.3529	47.00
27.3733	56.00
27.3938	59.00
27.4142	47.00
27.4347	46.00
27.4552	56.00
27.4756	45.00
27.4961	50.00
27.5166	56.00
27.537	44.00
27.5575	37.00
27.578	43.00
27.5984	43.00
27.6189	59.00
27.6393	54.00
27.6598	47.00
27.6803	50.00
27.7007	52.00
27.7212	53.00
27.7417	41.00
27.7621	54.00
27.7826	48.00
27.803	50.00
27.8235	49.00
27.844	41.00
27.8644	34.00
27.8849	41.00
27.9054	35.00
27.9258	33.00
27.9463	53.00
27.9668	46.00
27.9872	51.00
28.0077	46.00
28.0281	49.00
28.0486	53.00
28.0691	47.00
28.0895	37.00
28.11	47.00
28.1305	37.00
28.1509	35.00
28.1714	47.00
28.1918	40.00
28.2123	38.00
28.2328	37.00
28.2532	33.00
28.2737	41.00
28.2942	40.00
28.3146	45.00
28.3351	37.00
28.3556	38.00
28.376	35.00
28.3965	44.00
28.4169	38.00
28.4374	43.00
28.4579	46.00
28.4783	30.00
28.4988	46.00
28.5193	38.00
28.5397	46.00
28.5602	47.00
28.5806	31.00
28.6011	40.00
28.6216	42.00
28.642	42.00
28.6625	29.00
28.683	36.00
28.7034	30.00
28.7239	41.00
28.7444	43.00
28.7648	42.00
28.7853	31.00
28.8057	38.00
28.8262	26.00
28.8467	39.00
28.8671	35.00
28.8876	41.00
28.9081	36.00
28.9285	33.00
28.949	41.00
28.9694	37.00
28.9899	43.00
29.0104	27.00
29.0308	42.00
29.0513	41.00
29.0718	43.00
29.0922	36.00
29.1127	43.00
29.1332	34.00
29.1536	32.00
29.1741	33.00
29.1945	32.00
29.215	38.00
29.2355	44.00
29.2559	25.00
29.2764	32.00
29.2969	39.00
29.3173	29.00
29.3378	49.00
29.3582	28.00
29.3787	43.00
29.3992	34.00
29.4196	30.00
29.4401	48.00
29.4606	35.00
29.481	30.00
29.5015	41.00
29.522	29.00
29.5424	38.00
29.5629	38.00
29.5833	46.00
29.6038	25.00
29.6243	33.00
29.6447	23.00
29.6652	46.00
29.6857	35.00
29.7061	33.00
29.7266	35.00
29.747	31.00
29.7675	30.00
29.788	37.00
29.8084	34.00
29.8289	29.00
29.8494	41.00
29.8698	29.00
29.8903	37.00
29.9108	36.00
29.9312	42.00
29.9517	37.00
29.9721	34.00
29.9926	47.00
30.0131	42.00
30.0335	35.00
30.054	35.00
30.0745	27.00
30.0949	41.00
30.1154	26.00
30.1358	29.00
30.1563	32.00
30.1768	39.00
30.1972	46.00
30.2177	38.00
30.2382	32.00
30.2586	49.00
30.2791	32.00
30.2996	30.00
30.32	36.00
30.3405	27.00
30.3609	38.00
30.3814	54.00
30.4019	45.00
30.4223	49.00
30.4428	31.00
30.4633	45.00
30.4837	48.00
30.5042	52.00
30.5246	77.00
30.5451	85.00
30.5656	101.00
30.586	161.00
30.6065	200.00
30.627	302.00
30.6474	323.00
30.6679	350.00
30.6884	296.00
30.7088	289.00
30.7293	251.00
30.7497	207.00
30.7702	163.00
30.7907	157.00
30.8111	138.00
30.8316	84.00
30.8521	93.00
30.8725	81.00
30.893	72.00
30.9134	72.00
30.9339	78.00
30.9544	52.00
30.9748	63.00
30.9953	43.00
31.0158	40.00
31.0362	38.00
31.0567	36.00
31.0772	53.00
31.0976	36.00
31.1181	45.00
31.1385	40.00
31.159	26.00
31.1795	45.00
31.1999	36.00
31.2204	31.00
31.2409	29.00
31.2613	35.00
31.2818	34.00
31.3022	36.00
31.3227	28.00
31.3432	28.00
31.3636	26.00
31.3841	35.00
31.4046	35.00
31.425	42.00
31.4455	40.00
31.466	33.00
31.4864	44.00
31.5069	33.00
31.5273	40.00
31.5478	26.00
31.5683	33.00
31.5887	21.00
31.6092	29.00
31.6297	31.00
31.6501	34.00
31.6706	36.00
31.691	35.00
31.7115	35.00
31.732	35.00
31.7524	31.00
31.7729	37.00
31.7934	25.00
31.8138	29.00
31.8343	35.00
31.8548	33.00
31.8752	34.00
31.8957	31.00
31.9161	25.00
31.9366	30.00
31.9571	20.00
31.9775	21.00
31.998	29.00
32.0185	29.00
32.0389	37.00
32.0594	26.00
32.0798	34.00
32.1003	33.00
32.1208	16.00
32.1412	19.00
32.1617	35.00
32.1822	27.00
32.2026	24.00
32.2231	31.00
32.2436	28.00
32.264	29.00
32.2845	24.00
32.3049	38.00
32.3254	27.00
32.3459	25.00
32.3663	34.00
32.3868	25.00
32.4073	33.00
32.4277	24.00
32.4482	30.00
32.4686	31.00
32.4891	34.00
32.5096	26.00
32.53	28.00
32.5505	24.00
32.571	38.00
32.5914	26.00
32.6119	36.00
32.6324	25.00
32.6528	23.00
32.6733	27.00
32.6937	33.00
32.7142	34.00
32.7347	36.00
32.7551	24.00
32.7756	33.00
32.7961	28.00
32.8165	36.00
32.837	27.00
32.8574	27.00
32.8779	25.00
32.8984	27.00
32.9188	31.00
32.9393	32.00
32.9598	24.00
32.9802	27.00
33.0007	27.00
33.0212	26.00
33.0416	18.00
33.0621	36.00
33.0825	27.00
33.103	24.00
33.1235	30.00
33.1439	17.00
33.1644	37.00
33.1849	31.00
33.2053	29.00
33.2258	25.00
33.2462	25.00
33.2667	19.00
33.2872	26.00
33.3076	28.00
33.3281	24.00
33.3486	30.00
33.369	27.00
33.3895	30.00
33.41	26.00
33.4304	29.00
33.4509	30.00
33.4713	21.00
33.4918	29.00
33.5123	30.00
33.5327	32.00
33.5532	36.00
33.5737	35.00
33.5941	47.00
33.6146	31.00
33.635	46.00
33.6555	61.00
33.676	59.00
33.6964	42.00
33.7169	51.00
33.7374	51.00
33.7578	45.00
33.7783	42.00
33.7988	34.00
33.8192	30.00
33.8397	42.00
33.8601	30.00
33.8806	29.00
33.9011	30.00
33.9215	35.00
33.942	38.00
33.9625	34.00
33.9829	27.00
34.0034	26.00
34.0238	40.00
34.0443	37.00
34.0648	31.00
34.0852	27.00
34.1057	32.00
34.1262	28.00
34.1466	37.00
34.1671	25.00
34.1876	29.00
34.208	27.00
34.2285	31.00
34.2489	25.00
34.2694	27.00
34.2899	29.00
34.3103	19.00
34.3308	31.00
34.3513	29.00
34.3717	31.00
34.3922	38.00
34.4126	32.00
34.4331	32.00
34.4536	34.00
34.474	31.00
34.4945	32.00
34.515	28.00
34.5354	31.00
34.5559	31.00
34.5764	30.00
34.5968	27.00
34.6173	32.00
34.6377	23.00
34.6582	30.00
34.6787	37.00
34.6991	28.00
34.7196	30.00
34.7401	24.00
34.7605	33.00
34.781	29.00
34.8014	23.00
34.8219	35.00
34.8424	33.00
34.8628	24.00
34.8833	27.00
34.9038	31.00
34.9242	30.00
34.9447	27.00
34.9652	26.00
34.9856	27.00
35.0061	35.00
35.0265	27.00
35.047	19.00
35.0675	33.00
35.0879	27.00
35.1084	30.00
35.1289	33.00
35.1493	22.00
35.1698	28.00
35.1902	29.00
35.2107	29.00
35.2312	36.00
35.2516	31.00
35.2721	29.00
35.2926	29.00
35.313	31.00
35.3335	37.00
35.354	39.00
35.3744	28.00
35.3949	40.00
35.4153	44.00
35.4358	37.00
35.4563	27.00
35.4767	27.00
35.4972	38.00
35.5177	36.00
35.5381	32.00
35.5586	52.00
35.579	36.00
35.5995	47.00
35.62	38.00
35.6404	45.00
35.6609	63.00
35.6814	65.00
35.7018	49.00
35.7223	52.00
35.7428	66.00
35.7632	76.00
35.7837	85.00
35.8041	81.00
35.8246	120.00
35.8451	156.00
35.8655	146.00
35.886	190.00
35.9065	269.00
35.9269	381.00
35.9474	585.00
35.9678	838.00
35.9883	1021.00
36.0088	1016.00
36.0292	900.00
36.0497	936.00
36.0702	923.00
36.0906	862.00
36.1111	667.00
36.1316	565.00
36.152	463.00
36.1725	376.00
36.1929	298.00
36.2134	258.00
36.2339	193.00
36.2543	206.00
36.2748	186.00
36.2953	148.00
36.3157	120.00
36.3362	96.00
36.3566	88.00
36.3771	103.00
36.3976	98.00
36.418	90.00
36.4385	80.00
36.459	66.00
36.4794	63.00
36.4999	62.00
36.5203	64.00
36.5408	51.00
36.5613	49.00
36.5817	66.00
36.6022	48.00
36.6227	74.00
36.6431	62.00
36.6636	50.00
36.6841	53.00
36.7045	46.00
36.725	45.00
36.7454	52.00
36.7659	44.00
36.7864	60.00
36.8068	48.00
36.8273	51.00
36.8478	41.00
36.8682	44.00
36.8887	45.00
36.9091	42.00
36.9296	38.00
36.9501	37.00
36.9705	44.00
36.991	37.00
37.0115	34.00
37.0319	36.00
37.0524	37.00
37.0729	32.00
37.0933	37.00
37.1138	40.00
37.1342	44.00
37.1547	31.00
37.1752	28.00
37.1956	34.00
37.2161	42.00
37.2366	37.00
37.257	51.00
37.2775	39.00
37.2979	39.00
37.3184	33.00
37.3389	26.00
37.3593	28.00
37.3798	41.00
37.4003	32.00
37.4207	33.00
37.4412	35.00
37.4617	17.00
37.4821	31.00
37.5026	32.00
37.523	41.00
37.5435	28.00
37.564	51.00
37.5844	57.00
37.6049	66.00
37.6254	79.00
37.6458	76.00
37.6663	72.00
37.6867	69.00
37.7072	78.00
37.7277	63.00
37.7481	49.00
37.7686	50.00
37.7891	44.00
37.8095	35.00
37.83	40.00
37.8505	32.00
37.8709	32.00
37.8914	29.00
37.9118	23.00
37.9323	28.00
37.9528	22.00
37.9732	17.00
37.9937	24.00
38.0142	29.00
38.0346	26.00
38.0551	36.00
38.0755	19.00
38.096	19.00
38.1165	13.00
38.1369	29.00
38.1574	19.00
38.1779	13.00
38.1983	25.00
38.2188	21.00
38.2393	21.00
38.2597	16.00
38.2802	18.00
38.3006	24.00
38.3211	20.00
38.3416	17.00
38.362	24.00
38.3825	12.00
38.403	25.00
38.4234	14.00
38.4439	25.00
38.4643	19.00
38.4848	18.00
38.5053	21.00
38.5257	31.00
38.5462	26.00
38.5667	19.00
38.5871	18.00
38.6076	14.00
38.6281	13.00
38.6485	26.00
38.669	15.00
38.6894	19.00
38.7099	23.00
38.7304	17.00
38.7508	16.00
38.7713	20.00
38.7918	17.00
38.8122	18.00
38.8327	28.00
38.8531	17.00
38.8736	18.00
38.8941	12.00
38.9145	12.00
38.935	14.00
38.9555	20.00
38.9759	15.00
38.9964	20.00
39.0169	17.00
39.0373	20.00
39.0578	16.00
39.0782	17.00
39.0987	12.00
39.1192	14.00
39.1396	19.00
39.1601	11.00
39.1806	14.00
39.201	21.00
39.2215	24.00
39.2419	17.00
39.2624	18.00
39.2829	19.00
39.3033	16.00
39.3238	26.00
39.3443	15.00
39.3647	19.00
39.3852	14.00
39.4057	10.00
39.4261	10.00
39.4466	18.00
39.467	16.00
39.4875	18.00
39.508	9.00
39.5284	11.00
39.5489	16.00
39.5694	20.00
39.5898	14.00
39.6103	32.00
39.6307	22.00
39.6512	23.00
39.6717	19.00
39.6921	17.00
39.7126	19.00
39.7331	12.00
39.7535	11.00
39.774	15.00
39.7945	12.00
39.8149	18.00
39.8354	15.00
39.8558	20.00
39.8763	15.00
39.8968	15.00
39.9172	7.00
39.9377	13.00
39.9582	20.00
39.9786	12.00
39.9991	15.00
40.0195	28.00
40.04	19.00
40.0605	17.00
40.0809	17.00
40.1014	18.00
40.1219	14.00
40.1423	22.00
40.1628	19.00
40.1833	12.00
40.2037	19.00
40.2242	19.00
40.2446	18.00
40.2651	16.00
40.2856	14.00
40.306	17.00
40.3265	11.00
40.347	22.00
40.3674	18.00
40.3879	11.00
40.4083	19.00
40.4288	27.00
40.4493	11.00
40.4697	23.00
40.4902	17.00
40.5107	16.00
40.5311	18.00
40.5516	26.00
40.5721	20.00
40.5925	14.00
40.613	14.00
40.6334	17.00
40.6539	25.00
40.6744	24.00
40.6948	12.00
40.7153	13.00
40.7358	15.00
40.7562	14.00
40.7767	15.00
40.7971	18.00
40.8176	12.00
40.8381	17.00
40.8585	13.00
40.879	9.00
40.8995	16.00
40.9199	13.00
40.9404	15.00
40.9609	12.00
40.9813	8.00
41.0018	13.00
41.0222	13.00
41.0427	14.00
41.0632	13.00
41.0836	15.00
41.1041	9.00
41.1246	11.00
41.145	16.00
41.1655	15.00
41.1859	18.00
41.2064	21.00
41.2269	18.00
41.2473	17.00
41.2678	19.00
41.2883	11.00
41.3087	21.00
41.3292	17.00
41.3497	16.00
41.3701	28.00
41.3906	25.00
41.411	18.00
41.4315	24.00
41.452	25.00
41.4724	24.00
41.4929	26.00
41.5134	11.00
41.5338	17.00
41.5543	16.00
41.5747	19.00
41.5952	15.00
41.6157	20.00
41.6361	18.00
41.6566	20.00
41.6771	17.00
41.6975	26.00
41.718	26.00
41.7385	19.00
41.7589	19.00
41.7794	26.00
41.7998	23.00
41.8203	17.00
41.8408	11.00
41.8612	26.00
41.8817	17.00
41.9022	27.00
41.9226	26.00
41.9431	23.00
41.9635	22.00
41.984	17.00
42.0045	21.00
42.0249	25.00
42.0454	23.00
42.0659	30.00
42.0863	31.00
42.1068	30.00
42.1273	18.00
42.1477	24.00
42.1682	40.00
42.1886	38.00
42.2091	43.00
42.2296	35.00
42.25	37.00
42.2705	36.00
42.291	41.00
42.3114	41.00
42.3319	35.00
42.3523	54.00
42.3728	36.00
42.3933	51.00
42.4137	46.00
42.4342	31.00
42.4547	56.00
42.4751	42.00
42.4956	46.00
42.5161	49.00
42.5365	50.00
42.557	40.00
42.5774	57.00
42.5979	60.00
42.6184	44.00
42.6388	43.00
42.6593	44.00
42.6798	45.00
42.7002	38.00
42.7207	26.00
42.7411	38.00
42.7616	41.00
42.7821	34.00
42.8025	33.00
42.823	24.00
42.8435	29.00
42.8639	26.00
42.8844	29.00
42.9049	33.00
42.9253	23.00
42.9458	31.00
42.9662	35.00
42.9867	20.00
43.0072	28.00
43.0276	24.00
43.0481	17.00
43.0686	27.00
43.089	20.00
43.1095	18.00
43.1299	20.00
43.1504	14.00
43.1709	24.00
43.1913	20.00
43.2118	20.00
43.2323	20.00
43.2527	18.00
43.2732	19.00
43.2937	25.00
43.3141	21.00
43.3346	28.00
43.355	29.00
43.3755	28.00
43.396	35.00
43.4164	33.00
43.4369	38.00
43.4574	36.00
43.4778	37.00
43.4983	50.00
43.5187	47.00
43.5392	90.00
43.5597	129.00
43.5801	166.00
43.6006	194.00
43.6211	243.00
43.6415	205.00
43.662	193.00
43.6825	167.00
43.7029	176.00
43.7234	191.00
43.7438	159.00
43.7643	137.00
43.7848	141.00
43.8052	108.00
43.8257	85.00
43.8462	67.00
43.8666	62.00
43.8871	54.00
43.9075	44.00
43.928	36.00
43.9485	28.00
43.9689	43.00
43.9894	25.00
44.0099	20.00
44.0303	33.00
44.0508	17.00
44.0713	12.00
44.0917	23.00
44.1122	27.00
44.1326	22.00
44.1531	22.00
44.1736	16.00
44.194	14.00
44.2145	16.00
44.235	16.00
44.2554	12.00
44.2759	19.00
44.2963	25.00
44.3168	11.00
44.3373	15.00
44.3577	17.00
44.3782	22.00
44.3987	17.00
44.4191	17.00
44.4396	15.00
44.4601	11.00
44.4805	15.00
44.501	14.00
44.5214	19.00
44.5419	16.00
44.5624	13.00
44.5828	11.00
44.6033	11.00
44.6238	9.00
44.6442	17.00
44.6647	15.00
44.6851	13.00
44.7056	20.00
44.7261	19.00
44.7465	10.00
44.767	15.00
44.7875	12.00
44.8079	10.00
44.8284	19.00
44.8489	12.00
44.8693	8.00
44.8898	12.00
44.9102	20.00
44.9307	16.00
44.9512	9.00
44.9716	9.00
44.9921	18.00
45.0126	12.00
45.033	14.00
45.0535	9.00
45.0739	19.00
45.0944	15.00
45.1149	9.00
45.1353	15.00
45.1558	15.00
45.1763	5.00
45.1967	16.00
45.2172	14.00
45.2377	11.00
45.2581	20.00
45.2786	14.00
45.299	8.00
45.3195	12.00
45.34	10.00
45.3604	11.00
45.3809	21.00
45.4014	12.00
45.4218	8.00
45.4423	14.00
45.4627	14.00
45.4832	11.00
45.5037	8.00
45.5241	10.00
45.5446	10.00
45.5651	12.00
45.5855	11.00
45.606	10.00
45.6265	12.00
45.6469	6.00
45.6674	12.00
45.6878	17.00
45.7083	14.00
45.7288	11.00
45.7492	21.00
45.7697	11.00
45.7902	12.00
45.8106	8.00
45.8311	14.00
45.8515	5.00
45.872	5.00
45.8925	12.00
45.9129	13.00
45.9334	4.00
45.9539	13.00
45.9743	11.00
45.9948	12.00
46.0153	14.00
46.0357	6.00
46.0562	13.00
46.0766	8.00
46.0971	12.00
46.1176	9.00
46.138	11.00
46.1585	7.00
46.179	14.00
46.1994	15.00
46.2199	10.00
46.2403	10.00
46.2608	14.00
46.2813	12.00
46.3017	12.00
46.3222	14.00
46.3427	15.00
46.3631	8.00
46.3836	7.00
46.4041	5.00
46.4245	11.00
46.445	9.00
46.4654	16.00
46.4859	6.00
46.5064	6.00
46.5268	11.00
46.5473	7.00
46.5678	14.00
46.5882	6.00
46.6087	5.00
46.6291	7.00
46.6496	12.00
46.6701	15.00
46.6905	9.00
46.711	13.00
46.7315	9.00
46.7519	10.00
46.7724	8.00
46.7929	9.00
46.8133	10.00
46.8338	9.00
46.8542	11.00
46.8747	15.00
46.8952	9.00
46.9156	13.00
46.9361	14.00
46.9566	14.00
46.977	10.00
46.9975	5.00
47.0179	7.00
47.0384	9.00
47.0589	8.00
47.0793	8.00
47.0998	6.00
47.1203	12.00
47.1407	8.00
47.1612	9.00
47.1817	6.00
47.2021	11.00
47.2226	13.00
47.243	12.00
47.2635	11.00
47.284	12.00
47.3044	16.00
47.3249	10.00
47.3454	11.00
47.3658	9.00
47.3863	9.00
47.4067	10.00
47.4272	7.00
47.4477	11.00
47.4681	8.00
47.4886	8.00
47.5091	9.00
47.5295	9.00
47.55	9.00
47.5705	9.00
47.5909	10.00
47.6114	9.00
47.6318	14.00
47.6523	8.00
47.6728	15.00
47.6932	9.00
47.7137	11.00
47.7342	10.00
47.7546	12.00
47.7751	11.00
47.7955	17.00
47.816	20.00
47.8365	14.00
47.8569	12.00
47.8774	11.00
47.8979	10.00
47.9183	8.00
47.9388	12.00
47.9593	15.00
47.9797	12.00
48.0002	11.00
48.0206	14.00
48.0411	10.00
48.0616	8.00
48.082	7.00
48.1025	14.00
48.123	7.00
48.1434	7.00
48.1639	12.00
48.1843	11.00
48.2048	14.00
48.2253	12.00
48.2457	10.00
48.2662	7.00
48.2867	13.00
48.3071	15.00
48.3276	12.00
48.3481	9.00
48.3685	11.00
48.389	15.00
48.4094	10.00
48.4299	9.00
48.4504	7.00
48.4708	8.00
48.4913	12.00
48.5118	6.00
48.5322	9.00
48.5527	9.00
48.5731	14.00
48.5936	13.00
48.6141	8.00
48.6345	5.00
48.655	6.00
48.6755	17.00
48.6959	7.00
48.7164	11.00
48.7369	9.00
48.7573	10.00
48.7778	8.00
48.7982	10.00
48.8187	9.00
48.8392	9.00
48.8596	5.00
48.8801	14.00
48.9006	12.00
48.921	10.00
48.9415	10.00
48.9619	8.00
48.9824	6.00
49.0029	4.00
49.0233	11.00
49.0438	15.00
49.0643	6.00
49.0847	12.00
49.1052	5.00
49.1257	14.00
49.1461	11.00
49.1666	7.00
49.187	7.00
49.2075	12.00
49.228	10.00
49.2484	10.00
49.2689	12.00
49.2894	6.00
49.3098	7.00
49.3303	8.00
49.3507	6.00
49.3712	7.00
49.3917	12.00
49.4121	6.00
49.4326	9.00
49.4531	16.00
49.4735	6.00
49.494	9.00
49.5145	13.00
49.5349	6.00
49.5554	10.00
49.5758	9.00
49.5963	7.00
49.6168	11.00
49.6372	12.00
49.6577	9.00
49.6782	7.00
49.6986	11.00
49.7191	7.00
49.7395	13.00
49.76	5.00
49.7805	10.00
49.8009	13.00
49.8214	12.00
49.8419	16.00
49.8623	12.00
49.8828	8.00
49.9033	21.00
49.9237	14.00
49.9442	15.00
49.9646	17.00
49.9851	13.00
50.0056	18.00
50.026	14.00
50.0465	9.00
50.067	11.00
50.0874	13.00
50.1079	13.00
50.1283	19.00
50.1488	12.00
50.1693	14.00
50.1897	9.00
50.2102	11.00
50.2307	11.00
50.2511	9.00
50.2716	9.00
50.2921	10.00
50.3125	7.00
50.333	4.00
50.3534	11.00
50.3739	8.00
50.3944	6.00
50.4148	11.00
50.4353	4.00
50.4558	12.00
50.4762	8.00
50.4967	14.00
50.5171	16.00
50.5376	11.00
50.5581	11.00
50.5785	9.00
50.599	5.00
50.6195	9.00
50.6399	12.00
50.6604	4.00
50.6809	8.00
50.7013	9.00
50.7218	13.00
50.7422	10.00
50.7627	6.00
50.7832	8.00
50.8036	11.00
50.8241	13.00
50.8446	13.00
50.865	8.00
50.8855	21.00
50.9059	8.00
50.9264	9.00
50.9469	9.00
50.9673	13.00
50.9878	9.00
51.0083	17.00
51.0287	10.00
51.0492	8.00
51.0697	13.00
51.0901	9.00
51.1106	9.00
51.131	7.00
51.1515	12.00
51.172	10.00
51.1924	8.00
51.2129	10.00
51.2334	14.00
51.2538	12.00
51.2743	6.00
51.2947	12.00
51.3152	11.00
51.3357	10.00
51.3561	11.00
51.3766	12.00
51.3971	6.00
51.4175	8.00
51.438	7.00
51.4585	8.00
51.4789	12.00
51.4994	7.00
51.5198	16.00
51.5403	7.00
51.5608	7.00
51.5812	9.00
51.6017	7.00
51.6222	11.00
51.6426	8.00
51.6631	6.00
51.6835	12.00
51.704	8.00
51.7245	13.00
51.7449	15.00
51.7654	7.00
51.7859	8.00
51.8063	6.00
51.8268	7.00
51.8473	11.00
51.8677	11.00
51.8882	10.00
51.9086	7.00
51.9291	7.00
51.9496	11.00
51.97	6.00
51.9905	10.00
52.011	9.00
52.0314	6.00
52.0519	13.00
52.0723	9.00
52.0928	8.00
52.1133	7.00
52.1337	6.00
52.1542	9.00
52.1747	11.00
52.1951	9.00
52.2156	13.00
52.2361	13.00
52.2565	4.00
52.277	8.00
52.2974	15.00
52.3179	9.00
52.3384	7.00
52.3588	5.00
52.3793	8.00
52.3998	9.00
52.4202	7.00
52.4407	9.00
52.4611	11.00
52.4816	9.00
52.5021	12.00
52.5225	9.00
52.543	7.00
52.5635	6.00
52.5839	12.00
52.6044	9.00
52.6249	8.00
52.6453	6.00
52.6658	9.00
52.6862	9.00
52.7067	15.00
52.7272	10.00
52.7476	13.00
52.7681	8.00
52.7886	12.00
52.809	9.00
52.8295	6.00
52.8499	8.00
52.8704	12.00
52.8909	6.00
52.9113	8.00
52.9318	7.00
52.9523	8.00
52.9727	9.00
52.9932	11.00
53.0137	8.00
53.0341	9.00
53.0546	15.00
53.075	8.00
53.0955	8.00
53.116	8.00
53.1364	10.00
53.1569	7.00
53.1774	7.00
53.1978	16.00
53.2183	6.00
53.2387	12.00
53.2592	11.00
53.2797	5.00
53.3001	9.00
53.3206	10.00
53.3411	12.00
53.3615	5.00
53.382	6.00
53.4025	9.00
53.4229	13.00
53.4434	13.00
53.4638	12.00
53.4843	15.00
53.5048	6.00
53.5252	9.00
53.5457	19.00
53.5662	21.00
53.5866	11.00
53.6071	12.00
53.6275	9.00
53.648	14.00
53.6685	21.00
53.6889	12.00
53.7094	22.00
53.7299	16.00
53.7503	14.00
53.7708	25.00
53.7913	28.00
53.8117	27.00
53.8322	38.00
53.8526	32.00
53.8731	36.00
53.8936	34.00
53.914	68.00
53.9345	67.00
53.955	79.00
53.9754	68.00
53.9959	79.00
54.0163	70.00
54.0368	76.00
54.0573	60.00
54.0777	82.00
54.0982	60.00
54.1187	61.00
54.1391	52.00
54.1596	40.00
54.18	45.00
54.2005	32.00
54.221	34.00
54.2414	26.00
54.2619	26.00
54.2824	21.00
54.3028	28.00
54.3233	27.00
54.3438	20.00
54.3642	13.00
54.3847	19.00
54.4051	21.00
54.4256	25.00
54.4461	18.00
54.4665	21.00
54.487	31.00
54.5075	17.00
54.5279	18.00
54.5484	10.00
54.5688	11.00
54.5893	21.00
54.6098	18.00
54.6302	24.00
54.6507	17.00
54.6712	23.00
54.6916	21.00
54.7121	18.00
54.7326	13.00
54.753	17.00
54.7735	15.00
54.7939	13.00
54.8144	18.00
54.8349	10.00
54.8553	16.00
54.8758	15.00
54.8963	7.00
54.9167	10.00
54.9372	15.00
54.9576	12.00
54.9781	10.00
54.9986	13.00
55.019	13.00
55.0395	11.00
55.06	16.00
55.0804	10.00
55.1009	11.00
55.1214	16.00
55.1418	11.00
55.1623	12.00
55.1827	16.00
55.2032	10.00
55.2237	10.00
55.2441	16.00
55.2646	13.00
55.2851	3.00
55.3055	15.00
55.326	12.00
55.3464	9.00
55.3669	12.00
55.3874	9.00
55.4078	6.00
55.4283	9.00
55.4488	5.00
55.4692	8.00
55.4897	15.00
55.5102	14.00
55.5306	11.00
55.5511	14.00
55.5715	14.00
55.592	10.00
55.6125	11.00
55.6329	11.00
55.6534	7.00
55.6739	9.00
55.6943	9.00
55.7148	7.00
55.7352	8.00
55.7557	9.00
55.7762	11.00
55.7966	9.00
55.8171	7.00
55.8376	12.00
55.858	11.00
55.8785	5.00
55.899	8.00
55.9194	8.00
55.9399	11.00
55.9603	11.00
55.9808	15.00
56.0013	7.00
56.0217	5.00
56.0422	15.00
56.0627	16.00
56.0831	17.00
56.1036	8.00
56.124	9.00
56.1445	8.00
56.165	9.00
56.1854	11.00
56.2059	16.00
56.2264	7.00
56.2468	9.00
56.2673	11.00
56.2878	7.00
56.3082	11.00
56.3287	10.00
56.3491	12.00
56.3696	10.00
56.3901	7.00
56.4105	16.00
56.431	7.00
56.4515	8.00
56.4719	8.00
56.4924	8.00
56.5128	16.00
56.5333	10.00
56.5538	14.00
56.5742	19.00
56.5947	13.00
56.6152	12.00
56.6356	10.00
56.6561	17.00
56.6766	12.00
56.697	12.00
56.7175	9.00
56.7379	12.00
56.7584	14.00
56.7789	13.00
56.7993	19.00
56.8198	12.00
56.8403	6.00
56.8607	19.00
56.8812	22.00
56.9016	11.00
56.9221	6.00
56.9426	15.00
56.963	13.00
56.9835	14.00
57.004	16.00
57.0244	16.00
57.0449	18.00
57.0654	11.00
57.0858	13.00
57.1063	14.00
57.1267	16.00
57.1472	12.00
57.1677	18.00
57.1881	21.00
57.2086	20.00
57.2291	31.00
57.2495	27.00
57.27	29.00
57.2904	26.00
57.3109	38.00
57.3314	60.00
57.3518	64.00
57.3723	82.00
57.3928	96.00
57.4132	128.00
57.4337	141.00
57.4542	202.00
57.4746	253.00
57.4951	255.00
57.5155	220.00
57.536	210.00
57.5565	196.00
57.5769	194.00
57.5974	164.00
57.6179	174.00
57.6383	178.00
57.6588	177.00
57.6792	164.00
57.6997	132.00
57.7202	106.00
57.7406	109.00
57.7611	91.00
57.7816	72.00
57.802	68.00
57.8225	60.00
57.843	45.00
57.8634	50.00
57.8839	38.00
57.9043	37.00
57.9248	33.00
57.9453	36.00
57.9657	28.00
57.9862	34.00
58.0067	29.00
58.0271	24.00
58.0476	23.00
58.068	22.00
58.0885	14.00
58.109	25.00
58.1294	10.00
58.1499	25.00
58.1704	17.00
58.1908	14.00
58.2113	21.00
58.2318	19.00
58.2522	9.00
58.2727	16.00
58.2931	19.00
58.3136	11.00
58.3341	15.00
58.3545	14.00
58.375	13.00
58.3955	16.00
58.4159	9.00
58.4364	15.00
58.4568	8.00
58.4773	12.00
58.4978	10.00
58.5182	9.00
58.5387	9.00
58.5592	11.00
58.5796	13.00
58.6001	7.00
58.6206	8.00
58.641	12.00
58.6615	14.00
58.6819	9.00
58.7024	8.00
58.7229	17.00
58.7433	10.00
58.7638	19.00
58.7843	12.00
58.8047	7.00
58.8252	8.00
58.8456	8.00
58.8661	15.00
58.8866	16.00
58.907	10.00
58.9275	13.00
58.948	9.00
58.9684	4.00
58.9889	8.00
59.0094	14.00
59.0298	11.00
59.0503	5.00
59.0707	10.00
59.0912	7.00
59.1117	8.00
59.1321	11.00
59.1526	8.00
59.1731	7.00
59.1935	9.00
59.214	9.00
59.2344	10.00
59.2549	16.00
59.2754	12.00
59.2958	10.00
59.3163	12.00
59.3368	13.00
59.3572	17.00
59.3777	11.00
59.3982	20.00
59.4186	7.00
59.4391	8.00
59.4595	8.00
59.48	16.00
59.5005	16.00
59.5209	13.00
59.5414	12.00
59.5619	18.00
59.5823	7.00
59.6028	10.00
59.6232	10.00
59.6437	10.00
59.6642	10.00
59.6846	17.00
59.7051	12.00
59.7256	10.00
59.746	7.00
59.7665	9.00
59.787	11.00
59.8074	11.00
59.8279	11.00
59.8483	9.00
59.8688	9.00
59.8893	8.00
59.9097	15.00
59.9302	4.00
59.9507	10.00
59.9711	10.00
59.9916	15.00
60.012	8.00
60.0325	9.00
60.053	9.00
60.0734	8.00
60.0939	13.00
60.1144	11.00
60.1348	7.00
60.1553	10.00
60.1758	13.00
60.1962	11.00
60.2167	7.00
60.2371	11.00
60.2576	7.00
60.2781	11.00
60.2985	15.00
60.319	13.00
60.3395	11.00
60.3599	11.00
60.3804	13.00
60.4008	10.00
60.4213	8.00
60.4418	14.00
60.4622	4.00
60.4827	8.00
60.5032	11.00
60.5236	9.00
60.5441	12.00
60.5646	10.00
60.585	11.00
60.6055	14.00
60.6259	13.00
60.6464	10.00
60.6669	15.00
60.6873	14.00
60.7078	14.00
60.7283	16.00
60.7487	17.00
60.7692	23.00
60.7896	18.00
60.8101	11.00
60.8306	19.00
60.851	25.00
60.8715	18.00
60.892	24.00
60.9124	15.00
60.9329	26.00
60.9534	22.00
60.9738	17.00
60.9943	20.00
61.0147	24.00
61.0352	22.00
61.0557	9.00
61.0761	30.00
61.0966	18.00
61.1171	21.00
61.1375	24.00
61.158	25.00
61.1784	24.00
61.1989	19.00
61.2194	31.00
61.2398	27.00
61.2603	20.00
61.2808	20.00
61.3012	17.00
61.3217	23.00
61.3422	23.00
61.3626	15.00
61.3831	19.00
61.4035	20.00
61.424	25.00
61.4445	21.00
61.4649	26.00
61.4854	21.00
61.5059	26.00
61.5263	21.00
61.5468	20.00
61.5672	15.00
61.5877	20.00
61.6082	22.00
61.6286	16.00
61.6491	24.00
61.6696	16.00
61.69	21.00
61.7105	25.00
61.731	19.00
61.7514	20.00
61.7719	34.00
61.7923	23.00
61.8128	20.00
61.8333	15.00
61.8537	22.00
61.8742	24.00
61.8947	16.00
61.9151	10.00
61.9356	16.00
61.956	16.00
61.9765	21.00
61.997	18.00
62.0174	13.00
62.0379	13.00
62.0584	19.00
62.0788	18.00
62.0993	13.00
62.1198	10.00
62.1402	9.00
62.1607	18.00
62.1811	16.00
62.2016	17.00
62.2221	7.00
62.2425	11.00
62.263	14.00
62.2835	17.00
62.3039	14.00
62.3244	19.00
62.3448	20.00
62.3653	10.00
62.3858	14.00
62.4062	13.00
62.4267	15.00
62.4472	21.00
62.4676	15.00
62.4881	20.00
62.5086	21.00
62.529	19.00
62.5495	14.00
62.5699	15.00
62.5904	26.00
62.6109	27.00
62.6313	33.00
62.6518	18.00
62.6723	19.00
62.6927	15.00
62.7132	22.00
62.7336	30.00
62.7541	28.00
62.7746	30.00
62.795	41.00
62.8155	36.00
62.836	45.00
62.8564	55.00
62.8769	72.00
62.8974	55.00
62.9178	78.00
62.9383	78.00
62.9587	75.00
62.9792	137.00
62.9997	168.00
63.0201	251.00
63.0406	273.00
63.0611	356.00
63.0815	317.00
63.102	248.00
63.1224	247.00
63.1429	214.00
63.1634	227.00
63.1838	223.00
63.2043	244.00
63.2248	240.00
63.2452	227.00
63.2657	224.00
63.2862	165.00
63.3066	145.00
63.3271	139.00
63.3475	122.00
63.368	129.00
63.3885	78.00
63.4089	88.00
63.4294	90.00
63.4499	75.00
63.4703	68.00
63.4908	53.00
63.5112	46.00
63.5317	52.00
63.5522	43.00
63.5726	33.00
63.5931	32.00
63.6136	32.00
63.634	42.00
63.6545	37.00
63.675	23.00
63.6954	29.00
63.7159	28.00
63.7363	23.00
63.7568	20.00
63.7773	19.00
63.7977	23.00
63.8182	26.00
63.8387	23.00
63.8591	17.00
63.8796	13.00
63.9	18.00
63.9205	8.00
63.941	20.00
63.9614	17.00
63.9819	17.00
64.0024	13.00
64.0228	18.00
64.0433	13.00
64.0638	15.00
64.0842	8.00
64.1047	11.00
64.1251	12.00
64.1456	18.00
64.1661	7.00
64.1865	9.00
64.207	10.00
64.2275	6.00
64.2479	11.00
64.2684	15.00
64.2888	5.00
64.3093	10.00
64.3298	10.00
64.3502	12.00
64.3707	9.00
64.3912	15.00
64.4116	12.00
64.4321	10.00
64.4526	18.00
64.473	14.00
64.4935	16.00
64.5139	14.00
64.5344	11.00
64.5549	14.00
64.5753	15.00
64.5958	10.00
64.6163	13.00
64.6367	7.00
64.6572	18.00
64.6776	6.00
64.6981	16.00
64.7186	14.00
64.739	7.00
64.7595	15.00
64.78	12.00
64.8004	7.00
64.8209	5.00
64.8414	15.00
64.8618	12.00
64.8823	9.00
64.9027	11.00
64.9232	6.00
64.9437	10.00
64.9641	10.00
64.9846	6.00
65.0051	10.00
65.0255	9.00
65.046	7.00
65.0664	7.00
65.0869	6.00
65.1074	8.00
65.1278	10.00
65.1483	10.00
65.1688	5.00
65.1892	12.00
65.2097	11.00
65.2302	8.00
65.2506	6.00
65.2711	8.00
65.2915	8.00
65.312	8.00
65.3325	9.00
65.3529	5.00
65.3734	8.00
65.3939	12.00
65.4143	11.00
65.4348	6.00
65.4552	14.00
65.4757	10.00
65.4962	4.00
65.5166	7.00
65.5371	10.00
65.5576	7.00
65.578	5.00
65.5985	13.00
65.619	6.00
65.6394	10.00
65.6599	6.00
65.6803	7.00
65.7008	5.00
65.7213	10.00
65.7417	6.00
65.7622	4.00
65.7827	10.00
65.8031	12.00
65.8236	3.00
65.844	10.00
65.8645	9.00
65.885	5.00
65.9054	7.00
65.9259	10.00
65.9464	4.00
65.9668	11.00
65.9873	10.00
66.0078	6.00
66.0282	8.00
66.0487	8.00
66.0691	6.00
66.0896	8.00
66.1101	12.00
66.1305	10.00
66.151	16.00
66.1715	9.00
66.1919	9.00
66.2124	7.00
66.2328	11.00
66.2533	17.00
66.2738	12.00
66.2942	15.00
66.3147	7.00
66.3352	12.00
66.3556	10.00
66.3761	16.00
66.3966	14.00
66.417	9.00
66.4375	13.00
66.4579	16.00
66.4784	12.00
66.4989	7.00
66.5193	16.00
66.5398	12.00
66.5603	11.00
66.5807	6.00
66.6012	6.00
66.6216	9.00
66.6421	6.00
66.6626	9.00
66.683	9.00
66.7035	6.00
66.724	12.00
66.7444	9.00
66.7649	7.00
66.7854	5.00
66.8058	7.00
66.8263	11.00
66.8467	10.00
66.8672	10.00
66.8877	5.00
66.9081	5.00
66.9286	5.00
66.9491	7.00
66.9695	8.00
66.99	10.00
67.0104	4.00
67.0309	12.00
67.0514	2.00
67.0718	12.00
67.0923	6.00
67.1128	12.00
67.1332	2.00
67.1537	6.00
67.1742	3.00
67.1946	3.00
67.2151	5.00
67.2355	5.00
67.256	9.00
67.2765	4.00
67.2969	8.00
67.3174	10.00
67.3379	5.00
67.3583	4.00
67.3788	3.00
67.3992	4.00
67.4197	7.00
67.4402	5.00
67.4606	9.00
67.4811	3.00
67.5016	8.00
67.522	1.00
67.5425	9.00
67.563	7.00
67.5834	5.00
67.6039	10.00
67.6243	5.00
67.6448	10.00
67.6653	8.00
67.6857	6.00
67.7062	6.00
67.7267	12.00
67.7471	5.00
67.7676	11.00
67.788	7.00
67.8085	7.00
67.829	4.00
67.8494	4.00
67.8699	4.00
67.8904	6.00
67.9108	10.00
67.9313	7.00
67.9518	10.00
67.9722	7.00
67.9927	7.00
68.0131	11.00
68.0336	11.00
68.0541	5.00
68.0745	5.00
68.095	7.00
68.1155	7.00
68.1359	3.00
68.1564	5.00
68.1768	6.00
68.1973	7.00
68.2178	10.00
68.2382	5.00
68.2587	8.00
68.2792	3.00
68.2996	6.00
68.3201	7.00
68.3406	6.00
68.361	5.00
68.3815	9.00
68.4019	6.00
68.4224	6.00
68.4429	11.00
68.4633	7.00
68.4838	6.00
68.5043	5.00
68.5247	4.00
68.5452	8.00
68.5656	5.00
68.5861	5.00
68.6066	5.00
68.627	6.00
68.6475	5.00
68.668	10.00
68.6884	8.00
68.7089	4.00
68.7294	8.00
68.7498	10.00
68.7703	5.00
68.7907	6.00
68.8112	10.00
68.8317	7.00
68.8521	4.00
68.8726	6.00
68.8931	9.00
68.9135	12.00
68.934	9.00
68.9544	6.00
68.9749	6.00
68.9954	5.00
69.0158	6.00
69.0363	2.00
69.0568	3.00
69.0772	9.00
69.0977	9.00
69.1182	10.00
69.1386	5.00
69.1591	4.00
69.1795	4.00
69.2	4.00
69.2205	8.00
69.2409	7.00
69.2614	9.00
69.2819	6.00
69.3023	2.00
69.3228	6.00
69.3432	6.00
69.3637	5.00
69.3842	5.00
69.4046	13.00
69.4251	4.00
69.4456	6.00
69.466	10.00
69.4865	6.00
69.507	4.00
69.5274	6.00
69.5479	4.00
69.5683	1.00
69.5888	7.00
69.6093	6.00
69.6297	12.00
69.6502	6.00
69.6707	7.00
69.6911	5.00
69.7116	8.00
69.732	4.00
69.7525	9.00
69.773	7.00
69.7934	9.00
69.8139	9.00
69.8344	3.00
69.8548	8.00
69.8753	5.00
69.8958	5.00
69.9162	4.00
69.9367	7.00
69.9571	5.00
69.9776	7.00
69.9981	4.00
70.0185	9.00
70.039	10.00
70.0595	9.00
70.0799	7.00
70.1004	7.00
70.1208	3.00
70.1413	4.00
70.1618	7.00
70.1822	11.00
70.2027	8.00
70.2232	8.00
70.2436	10.00
70.2641	3.00
70.2846	6.00
70.305	6.00
70.3255	8.00
70.3459	4.00
70.3664	5.00
70.3869	5.00
70.4073	6.00
70.4278	5.00
70.4483	6.00
70.4687	10.00
70.4892	6.00
70.5096	7.00
70.5301	7.00
70.5506	6.00
70.571	6.00
70.5915	5.00
70.612	6.00
70.6324	8.00
70.6529	5.00
70.6734	8.00
70.6938	4.00
70.7143	7.00
70.7347	7.00
70.7552	7.00
70.7757	5.00
70.7961	6.00
70.8166	4.00
70.8371	7.00
70.8575	7.00
70.878	3.00
70.8984	8.00
70.9189	8.00
70.9394	7.00
70.9598	7.00
70.9803	6.00
71.0008	10.00
71.0212	8.00
71.0417	4.00
71.0622	8.00
71.0826	5.00
71.1031	2.00
71.1235	6.00
71.144	9.00
71.1645	4.00
71.1849	6.00
71.2054	15.00
71.2259	13.00
71.2463	8.00
71.2668	5.00
71.2872	6.00
71.3077	9.00
71.3282	11.00
71.3486	19.00
71.3691	18.00
71.3896	23.00
71.41	21.00
71.4305	37.00
71.451	30.00
71.4714	33.00
71.4919	29.00
71.5123	22.00
71.5328	21.00
71.5533	22.00
71.5737	19.00
71.5942	23.00
71.6147	26.00
71.6351	18.00
71.6556	19.00
71.676	17.00
71.6965	16.00
71.717	18.00
71.7374	18.00
71.7579	14.00
71.7784	13.00
71.7988	12.00
71.8193	11.00
71.8398	10.00
71.8602	6.00
71.8807	13.00
71.9011	15.00
71.9216	9.00
71.9421	14.00
71.9625	14.00
71.983	9.00
72.0035	12.00
72.0239	5.00
72.0444	3.00
72.0648	9.00
72.0853	10.00
72.1058	6.00
72.1262	9.00
72.1467	10.00
72.1672	11.00
72.1876	5.00
72.2081	11.00
72.2285	5.00
72.249	3.00
72.2695	12.00
72.2899	7.00
72.3104	8.00
72.3309	9.00
72.3513	10.00
72.3718	7.00
72.3923	13.00
72.4127	6.00
72.4332	5.00
72.4536	8.00
72.4741	11.00
72.4946	5.00
72.515	3.00
72.5355	8.00
72.556	7.00
72.5764	11.00
72.5969	14.00
72.6173	9.00
72.6378	12.00
72.6583	6.00
72.6787	8.00
72.6992	8.00
72.7197	6.00
72.7401	6.00
72.7606	8.00
72.7811	10.00
72.8015	10.00
72.822	11.00
72.8424	8.00
72.8629	13.00
72.8834	10.00
72.9038	13.00
72.9243	10.00
72.9448	10.00
72.9652	9.00
72.9857	11.00
73.0061	6.00
73.0266	9.00
73.0471	13.00
73.0675	7.00
73.088	9.00
73.1085	7.00
73.1289	11.00
73.1494	6.00
73.1699	6.00
73.1903	5.00
73.2108	8.00
73.2312	3.00
73.2517	14.00
73.2722	12.00
73.2926	10.00
73.3131	7.00
73.3336	12.00
73.354	14.00
73.3745	9.00
73.3949	8.00
73.4154	9.00
73.4359	12.00
73.4563	6.00
73.4768	7.00
73.4973	8.00
73.5177	10.00
73.5382	10.00
73.5587	10.00
73.5791	11.00
73.5996	7.00
73.62	12.00
73.6405	13.00
73.661	10.00
73.6814	12.00
73.7019	12.00
73.7224	12.00
73.7428	6.00
73.7633	11.00
73.7837	10.00
73.8042	12.00
73.8247	11.00
73.8451	12.00
73.8656	4.00
73.8861	15.00
73.9065	7.00
73.927	18.00
73.9475	6.00
73.9679	9.00
73.9884	9.00
74.0088	10.00
74.0293	10.00
74.0498	5.00
74.0702	7.00
74.0907	11.00
74.1112	12.00
74.1316	8.00
74.1521	7.00
74.1725	10.00
74.193	11.00
74.2135	15.00
74.2339	11.00
74.2544	18.00
74.2749	17.00
74.2953	16.00
74.3158	18.00
74.3363	23.00
74.3567	20.00
74.3772	30.00
74.3976	35.00
74.4181	46.00
74.4386	45.00
74.459	46.00
74.4795	60.00
74.5	56.00
74.5204	55.00
74.5409	47.00
74.5613	42.00
74.5818	44.00
74.6023	33.00
74.6227	34.00
74.6432	45.00
74.6637	29.00
74.6841	38.00
74.7046	40.00
74.7251	28.00
74.7455	49.00
74.766	36.00
74.7864	28.00
74.8069	30.00
74.8274	21.00
74.8478	21.00
74.8683	20.00
74.8888	21.00
74.9092	17.00
74.9297	19.00
74.9501	13.00
74.9706	12.00
74.9911	17.00
75.0115	13.00
75.032	10.00
75.0525	17.00
75.0729	12.00
75.0934	11.00
75.1139	13.00
75.1343	15.00
75.1548	13.00
75.1752	9.00
75.1957	7.00
75.2162	15.00
75.2366	8.00
75.2571	9.00
75.2776	13.00
75.298	8.00
75.3185	12.00
75.3389	12.00
75.3594	16.00
75.3799	13.00
75.4003	18.00
75.4208	24.00
75.4413	22.00
75.4617	20.00
75.4822	33.00
75.5027	23.00
75.5231	23.00
75.5436	18.00
75.564	25.00
75.5845	17.00
75.605	13.00
75.6254	19.00
75.6459	25.00
75.6664	23.00
75.6868	30.00
75.7073	18.00
75.7277	26.00
75.7482	21.00
75.7687	16.00
75.7891	11.00
75.8096	10.00
75.8301	12.00
75.8505	10.00
75.871	6.00
75.8915	15.00
75.9119	15.00
75.9324	14.00
75.9528	8.00
75.9733	11.00
75.9938	8.00
76.0142	9.00
76.0347	12.00
76.0552	5.00
76.0756	5.00
76.0961	14.00
76.1165	8.00
76.137	9.00
76.1575	8.00
76.1779	7.00
76.1984	7.00
76.2189	9.00
76.2393	8.00
76.2598	7.00
76.2803	9.00
76.3007	5.00
76.3212	7.00
76.3416	15.00
76.3621	4.00
76.3826	4.00
76.403	7.00
76.4235	7.00
76.444	9.00
76.4644	10.00
76.4849	8.00
76.5053	7.00
76.5258	10.00
76.5463	7.00
76.5667	5.00
76.5872	5.00
76.6077	7.00
76.6281	5.00
76.6486	13.00
76.6691	4.00
76.6895	6.00
76.71	2.00
76.7304	2.00
76.7509	14.00
76.7714	7.00
76.7918	10.00
76.8123	12.00
76.8328	4.00
76.8532	7.00
76.8737	6.00
76.8941	7.00
76.9146	6.00
76.9351	7.00
76.9555	7.00
76.976	10.00
76.9965	10.00
77.0169	8.00
77.0374	3.00
77.0579	6.00
77.0783	5.00
77.0988	9.00
77.1192	8.00
77.1397	6.00
77.1602	5.00
77.1806	7.00
77.2011	6.00
77.2216	7.00
77.242	2.00
77.2625	5.00
77.2829	8.00
77.3034	9.00
77.3239	5.00
77.3443	7.00
77.3648	2.00
77.3853	8.00
77.4057	5.00
77.4262	10.00
77.4467	5.00
77.4671	3.00
77.4876	9.00
77.508	12.00
77.5285	2.00
77.549	9.00
77.5694	9.00
77.5899	6.00
77.6104	9.00
77.6308	6.00
77.6513	3.00
77.6717	7.00
77.6922	13.00
77.7127	4.00
77.7331	4.00
77.7536	6.00
77.7741	2.00
77.7945	6.00
77.815	4.00
77.8355	5.00
77.8559	7.00
77.8764	7.00
77.8968	6.00
77.9173	4.00
77.9378	4.00
77.9582	4.00
77.9787	6.00
77.9992	9.00
78.0196	5.00
78.0401	5.00
78.0605	7.00
78.081	6.00
78.1015	6.00
78.1219	5.00
78.1424	7.00
78.1629	5.00
78.1833	7.00
78.2038	7.00
78.2243	8.00
78.2447	6.00
78.2652	4.00
78.2856	7.00
78.3061	5.00
78.3266	4.00
78.347	4.00
78.3675	2.00
78.388	8.00
78.4084	9.00
78.4289	9.00
78.4493	7.00
78.4698	1.00
78.4903	7.00
78.5107	8.00
78.5312	5.00
78.5517	6.00
78.5721	8.00
78.5926	4.00
78.6131	6.00
78.6335	12.00
78.654	4.00
78.6744	4.00
78.6949	4.00
78.7154	4.00
78.7358	3.00
78.7563	4.00
78.7768	7.00
78.7972	5.00
78.8177	3.00
78.8381	4.00
78.8586	7.00
78.8791	8.00
78.8995	6.00
78.92	6.00
78.9405	10.00
78.9609	3.00
78.9814	3.00
79.0019	5.00
79.0223	4.00
79.0428	6.00
79.0632	2.00
79.0837	5.00
79.1042	5.00
79.1246	8.00
79.1451	8.00
79.1656	6.00
79.186	7.00
79.2065	9.00
79.2269	11.00
79.2474	9.00
79.2679	8.00
79.2883	7.00
79.3088	12.00
79.3293	9.00
79.3497	7.00
79.3702	13.00
79.3907	20.00
79.4111	22.00
79.4316	18.00
79.452	20.00
79.4725	13.00
79.493	23.00
79.5134	20.00
79.5339	13.00
79.5544	16.00
79.5748	16.00
79.5953	13.00
79.6157	13.00
79.6362	13.00
79.6567	8.00
79.6771	12.00
79.6976	10.00
79.7181	6.00
79.7385	12.00
79.759	13.00
79.7795	14.00
79.7999	13.00
79.8204	15.00
79.8408	5.00
79.8613	10.00
79.8818	8.00
79.9022	12.00
79.9227	6.00
79.9432	4.00
79.9636	6.00
79.9841	3.00
80.0045	10.00
