COMMANDER Sample ID
Wavelength = 1.54059
10.0001	434.00
10.0206	438.00
10.041	390.00
10.0615	409.00
10.082	388.00
10.1024	413.00
10.1229	392.00
10.1433	398.00
10.1638	386.00
10.1843	390.00
10.2047	345.00
10.2252	359.00
10.2457	397.00
10.2661	392.00
10.2866	402.00
10.3071	380.00
10.3275	387.00
10.348	365.00
10.3684	432.00
10.3889	405.00
10.4094	377.00
10.4298	388.00
10.4503	367.00
10.4708	369.00
10.4912	391.00
10.5117	370.00
10.5321	329.00
10.5526	366.00
10.5731	375.00
10.5935	375.00
10.614	390.00
10.6345	346.00
10.6549	411.00
10.6754	341.00
10.6959	365.00
10.7163	364.00
10.7368	354.00
10.7572	356.00
10.7777	379.00
10.7982	345.00
10.8186	353.00
10.8391	339.00
10.8596	326.00
10.88	346.00
10.9005	344.00
10.9209	357.00
10.9414	326.00
10.9619	365.00
10.9823	370.00
11.0028	316.00
11.0233	346.00
11.0437	314.00
11.0642	333.00
11.0847	346.00
11.1051	361.00
11.1256	344.00
11.146	327.00
11.1665	322.00
11.187	343.00
11.2074	339.00
11.2279	325.00
11.2484	360.00
11.2688	332.00
11.2893	305.00
11.3097	330.00
11.3302	304.00
11.3507	345.00
11.3711	315.00
11.3916	324.00
11.4121	318.00
11.4325	339.00
11.453	310.00
11.4735	321.00
11.4939	290.00
11.5144	324.00
11.5348	323.00
11.5553	299.00
11.5758	333.00
11.5962	321.00
11.6167	325.00
11.6372	318.00
11.6576	308.00
11.6781	308.00
11.6985	331.00
11.719	303.00
11.7395	323.00
11.7599	331.00
11.7804	297.00
11.8009	292.00
11.8213	302.00
11.8418	306.00
11.8623	290.00
11.8827	322.00
11.9032	308.00
11.9236	301.00
11.9441	314.00
11.9646	291.00
11.985	323.00
12.0055	339.00
12.026	254.00
12.0464	318.00
12.0669	270.00
12.0873	283.00
12.1078	294.00
12.1283	307.00
12.1487	281.00
12.1692	297.00
12.1897	290.00
12.2101	275.00
12.2306	290.00
12.2511	283.00
12.2715	296.00
12.292	278.00
12.3124	301.00
12.3329	285.00
12.3534	285.00
12.3738	289.00
12.3943	297.00
12.4148	263.00
12.4352	293.00
12.4557	281.00
12.4761	280.00
12.4966	287.00
12.5171	281.00
12.5375	291.00
12.558	296.00
12.5785	317.00
12.5989	265.00
12.6194	258.00
12.6399	283.00
12.6603	298.00
12.6808	286.00
12.7012	294.00
12.7217	264.00
12.7422	247.00
12.7626	285.00
12.7831	289.00
12.8036	286.00
12.824	230.00
12.8445	267.00
12.8649	267.00
12.8854	250.00
12.9059	260.00
12.9263	290.00
12.9468	252.00
12.9673	266.00
12.9877	300.00
13.0082	251.00
13.0287	263.00
13.0491	291.00
13.0696	282.00
13.09	284.00
13.1105	264.00
13.131	269.00
13.1514	253.00
13.1719	272.00
13.1924	260.00
13.2128	284.00
13.2333	239.00
13.2537	256.00
13.2742	271.00
13.2947	264.00
13.3151	279.00
13.3356	270.00
13.3561	290.00
13.3765	275.00
13.397	225.00
13.4175	260.00
13.4379	266.00
13.4584	275.00
13.4788	247.00
13.4993	257.00
13.5198	277.00
13.5402	255.00
13.5607	265.00
13.5812	258.00
13.6016	271.00
13.6221	265.00
13.6425	255.00
13.663	272.00
13.6835	263.00
13.7039	279.00
13.7244	255.00
13.7449	276.00
13.7653	279.00
13.7858	248.00
13.8063	244.00
13.8267	265.00
13.8472	254.00
13.8676	248.00
13.8881	256.00
13.9086	267.00
13.929	227.00
13.9495	274.00
13.97	244.00
13.9904	271.00
14.0109	250.00
14.0313	272.00
14.0518	239.00
14.0723	246.00
14.0927	251.00
14.1132	212.00
14.1337	242.00
14.1541	235.00
14.1746	256.00
14.1951	271.00
14.2155	239.00
14.236	240.00
14.2564	222.00
14.2769	242.00
14.2974	250.00
14.3178	236.00
14.3383	215.00
14.3588	231.00
14.3792	240.00
14.3997	224.00
14.4201	239.00
14.4406	243.00
14.4611	218.00
14.4815	206.00
14.502	219.00
14.5225	246.00
14.5429	222.00
14.5634	218.00
14.5839	221.00
14.6043	215.00
14.6248	244.00
14.6452	226.00
14.6657	231.00
14.6862	212.00
14.7066	220.00
14.7271	182.00
14.7476	213.00
14.768	204.00
14.7885	203.00
14.8089	213.00
14.8294	202.00
14.8499	202.00
14.8703	202.00
14.8908	207.00
14.9113	212.00
14.9317	192.00
14.9522	209.00
14.9727	193.00
14.9931	197.00
15.0136	195.00
15.034	202.00
15.0545	204.00
15.075	193.00
15.0954	197.00
15.1159	215.00
15.1364	178.00
15.1568	187.00
15.1773	190.00
15.1977	188.00
15.2182	183.00
15.2387	196.00
15.2591	203.00
15.2796	198.00
15.3001	175.00
15.3205	179.00
15.341	194.00
15.3615	203.00
15.3819	182.00
15.4024	193.00
15.4228	161.00
15.4433	199.00
15.4638	171.00
15.4842	196.00
15.5047	210.00
15.5252	205.00
15.5456	195.00
15.5661	186.00
15.5865	204.00
15.607	181.00
15.6275	177.00
15.6479	190.00
15.6684	186.00
15.6889	190.00
15.7093	186.00
15.7298	189.00
15.7503	162.00
15.7707	170.00
15.7912	166.00
15.8116	177.00
15.8321	171.00
15.8526	170.00
15.873	186.00
15.8935	166.00
15.914	183.00
15.9344	145.00
15.9549	168.00
15.9753	176.00
15.9958	181.00
16.0163	156.00
16.0367	183.00
16.0572	171.00
16.0777	164.00
16.0981	157.00
16.1186	172.00
16.1391	155.00
16.1595	171.00
16.18	164.00
16.2004	153.00
16.2209	188.00
16.2414	168.00
16.2618	164.00
16.2823	189.00
16.3028	175.00
16.3232	177.00
16.3437	153.00
16.3641	167.00
16.3846	164.00
16.4051	181.00
16.4255	167.00
16.446	189.00
16.4665	161.00
16.4869	165.00
16.5074	167.00
16.5279	166.00
16.5483	153.00
16.5688	149.00
16.5892	179.00
16.6097	151.00
16.6302	147.00
16.6506	163.00
16.6711	170.00
16.6916	169.00
16.712	165.00
16.7325	163.00
16.7529	159.00
16.7734	158.00
16.7939	141.00
16.8143	156.00
16.8348	201.00
16.8553	166.00
16.8757	168.00
16.8962	152.00
16.9167	166.00
16.9371	147.00
16.9576	162.00
16.978	138.00
16.9985	183.00
17.019	144.00
17.0394	158.00
17.0599	169.00
17.0804	192.00
17.1008	170.00
17.1213	161.00
17.1417	178.00
17.1622	183.00
17.1827	140.00
17.2031	179.00
17.2236	192.00
17.2441	156.00
17.2645	177.00
17.285	157.00
17.3055	167.00
17.3259	156.00
17.3464	161.00
17.3668	146.00
17.3873	146.00
17.4078	162.00
17.4282	147.00
17.4487	142.00
17.4692	153.00
17.4896	136.00
17.5101	152.00
17.5305	144.00
17.551	167.00
17.5715	128.00
17.5919	147.00
17.6124	165.00
17.6329	169.00
17.6533	159.00
17.6738	154.00
17.6943	153.00
17.7147	157.00
17.7352	153.00
17.7556	154.00
17.7761	159.00
17.7966	152.00
17.817	158.00
17.8375	164.00
17.858	150.00
17.8784	179.00
17.8989	155.00
17.9193	146.00
17.9398	161.00
17.9603	170.00
17.9807	148.00
18.0012	168.00
18.0217	152.00
18.0421	157.00
18.0626	149.00
18.0831	173.00
18.1035	174.00
18.124	162.00
18.1444	166.00
18.1649	151.00
18.1854	185.00
18.2058	169.00
18.2263	177.00
18.2468	135.00
18.2672	159.00
18.2877	129.00
18.3081	172.00
18.3286	147.00
18.3491	153.00
18.3695	170.00
18.39	145.00
18.4105	162.00
18.4309	145.00
18.4514	180.00
18.4719	194.00
18.4923	180.00
18.5128	193.00
18.5332	230.00
18.5537	255.00
18.5742	239.00
18.5946	229.00
18.6151	169.00
18.6356	189.00
18.656	191.00
18.6765	171.00
18.6969	159.00
18.7174	162.00
18.7379	157.00
18.7583	161.00
18.7788	140.00
18.7993	143.00
18.8197	138.00
18.8402	163.00
18.8606	163.00
18.8811	141.00
18.9016	145.00
18.922	141.00
18.9425	118.00
18.963	153.00
18.9834	160.00
19.0039	130.00
19.0244	137.00
19.0448	167.00
19.0653	119.00
19.0857	137.00
19.1062	131.00
19.1267	135.00
19.1471	136.00
19.1676	137.00
19.1881	125.00
19.2085	133.00
19.229	138.00
19.2494	125.00
19.2699	121.00
19.2904	132.00
19.3108	123.00
19.3313	123.00
19.3518	125.00
19.3722	130.00
19.3927	141.00
19.4132	145.00
19.4336	144.00
19.4541	133.00
19.4745	123.00
19.495	122.00
19.5155	138.00
19.5359	117.00
19.5564	122.00
19.5769	130.00
19.5973	123.00
19.6178	100.00
19.6382	133.00
19.6587	123.00
19.6792	118.00
19.6996	128.00
19.7201	130.00
19.7406	135.00
19.761	129.00
19.7815	104.00
19.802	113.00
19.8224	126.00
19.8429	122.00
19.8633	106.00
19.8838	119.00
19.9043	125.00
19.9247	139.00
19.9452	94.00
19.9657	127.00
19.9861	120.00
20.0066	126.00
20.027	141.00
20.0475	133.00
20.068	126.00
20.0884	130.00
20.1089	147.00
20.1294	142.00
20.1498	112.00
20.1703	104.00
20.1908	118.00
20.2112	113.00
20.2317	135.00
20.2521	131.00
20.2726	123.00
20.2931	102.00
20.3135	133.00
20.334	123.00
20.3545	122.00
20.3749	113.00
20.3954	131.00
20.4158	139.00
20.4363	114.00
20.4568	99.00
20.4772	112.00
20.4977	120.00
20.5182	112.00
20.5386	109.00
20.5591	119.00
20.5796	101.00
20.6	116.00
20.6205	139.00
20.6409	111.00
20.6614	124.00
20.6819	96.00
20.7023	95.00
20.7228	104.00
20.7433	120.00
20.7637	117.00
20.7842	128.00
20.8046	116.00
20.8251	116.00
20.8456	108.00
20.866	105.00
20.8865	95.00
20.907	114.00
20.9274	112.00
20.9479	98.00
20.9684	115.00
20.9888	105.00
21.0093	105.00
21.0297	100.00
21.0502	109.00
21.0707	106.00
21.0911	124.00
21.1116	133.00
21.1321	102.00
21.1525	103.00
21.173	117.00
21.1934	108.00
21.2139	112.00
21.2344	104.00
21.2548	100.00
21.2753	108.00
21.2958	92.00
21.3162	100.00
21.3367	125.00
21.3572	121.00
21.3776	109.00
21.3981	104.00
21.4185	143.00
21.439	127.00
21.4595	102.00
21.4799	104.00
21.5004	138.00
21.5209	110.00
21.5413	117.00
21.5618	91.00
21.5822	115.00
21.6027	88.00
21.6232	99.00
21.6436	93.00
21.6641	117.00
21.6846	91.00
21.705	123.00
21.7255	111.00
21.746	89.00
21.7664	103.00
21.7869	98.00
21.8073	100.00
21.8278	104.00
21.8483	102.00
21.8687	100.00
21.8892	109.00
21.9097	100.00
21.9301	102.00
21.9506	96.00
21.971	105.00
21.9915	81.00
22.012	100.00
22.0324	85.00
22.0529	99.00
22.0734	77.00
22.0938	100.00
22.1143	96.00
22.1348	83.00
22.1552	99.00
22.1757	88.00
22.1961	100.00
22.2166	96.00
22.2371	93.00
22.2575	103.00
22.278	106.00
22.2985	113.00
22.3189	82.00
22.3394	98.00
22.3598	78.00
22.3803	84.00
22.4008	83.00
22.4212	86.00
22.4417	88.00
22.4622	115.00
22.4826	90.00
22.5031	92.00
22.5236	109.00
22.544	103.00
22.5645	96.00
22.5849	83.00
22.6054	83.00
22.6259	88.00
22.6463	93.00
22.6668	91.00
22.6873	93.00
22.7077	90.00
22.7282	86.00
22.7486	87.00
22.7691	88.00
22.7896	87.00
22.81	93.00
22.8305	80.00
22.851	87.00
22.8714	86.00
22.8919	102.00
22.9124	77.00
22.9328	86.00
22.9533	79.00
22.9737	90.00
22.9942	89.00
23.0147	88.00
23.0351	79.00
23.0556	85.00
23.0761	97.00
23.0965	97.00
23.117	90.00
23.1374	90.00
23.1579	87.00
23.1784	83.00
23.1988	81.00
23.2193	64.00
23.2398	76.00
23.2602	84.00
23.2807	95.00
23.3012	84.00
23.3216	89.00
23.3421	74.00
23.3625	80.00
23.383	88.00
23.4035	95.00
23.4239	99.00
23.4444	80.00
23.4649	104.00
23.4853	67.00
23.5058	77.00
23.5262	80.00
23.5467	89.00
23.5672	82.00
23.5876	76.00
23.6081	89.00
23.6286	85.00
23.649	72.00
23.6695	100.00
23.69	72.00
23.7104	87.00
23.7309	95.00
23.7513	90.00
23.7718	86.00
23.7923	81.00
23.8127	88.00
23.8332	77.00
23.8537	81.00
23.8741	81.00
23.8946	81.00
23.915	91.00
23.9355	86.00
23.956	84.00
23.9764	83.00
23.9969	76.00
24.0174	77.00
24.0378	85.00
24.0583	86.00
24.0788	82.00
24.0992	88.00
24.1197	83.00
24.1401	74.00
24.1606	71.00
24.1811	68.00
24.2015	70.00
24.222	79.00
24.2425	71.00
24.2629	72.00
24.2834	88.00
24.3038	76.00
24.3243	71.00
24.3448	88.00
24.3652	65.00
24.3857	104.00
24.4062	65.00
24.4266	87.00
24.4471	83.00
24.4676	84.00
24.488	87.00
24.5085	77.00
24.5289	66.00
24.5494	96.00
24.5699	73.00
24.5903	72.00
24.6108	82.00
24.6313	76.00
24.6517	76.00
24.6722	82.00
24.6926	70.00
24.7131	69.00
24.7336	73.00
24.754	76.00
24.7745	70.00
24.795	64.00
24.8154	68.00
24.8359	60.00
24.8564	82.00
24.8768	65.00
24.8973	67.00
24.9177	56.00
24.9382	64.00
24.9587	77.00
24.9791	56.00
24.9996	82.00
25.0201	59.00
25.0405	76.00
25.061	66.00
25.0814	85.00
25.1019	70.00
25.1224	74.00
25.1428	66.00
25.1633	65.00
25.1838	77.00
25.2042	59.00
25.2247	60.00
25.2452	84.00
25.2656	78.00
25.2861	75.00
25.3065	70.00
25.327	79.00
25.3475	70.00
25.3679	68.00
25.3884	62.00
25.4089	79.00
25.4293	72.00
25.4498	77.00
25.4702	86.00
25.4907	68.00
25.5112	58.00
25.5316	62.00
25.5521	66.00
25.5726	70.00
25.593	73.00
25.6135	83.00
25.634	66.00
25.6544	76.00
25.6749	69.00
25.6953	80.00
25.7158	81.00
25.7363	68.00
25.7567	57.00
25.7772	64.00
25.7977	74.00
25.8181	48.00
25.8386	64.00
25.859	65.00
25.8795	64.00
25.9	64.00
25.9204	58.00
25.9409	79.00
25.9614	57.00
25.9818	66.00
26.0023	57.00
26.0228	63.00
26.0432	70.00
26.0637	75.00
26.0841	67.00
26.1046	57.00
26.1251	73.00
26.1455	58.00
26.166	70.00
26.1865	51.00
26.2069	44.00
26.2274	52.00
26.2478	54.00
26.2683	49.00
26.2888	59.00
26.3092	62.00
26.3297	52.00
26.3502	50.00
26.3706	60.00
26.3911	79.00
26.4116	61.00
26.432	63.00
26.4525	63.00
26.4729	64.00
26.4934	70.00
26.5139	63.00
26.5343	79.00
26.5548	65.00
26.5753	61.00
26.5957	60.00
26.6162	57.00
26.6366	54.00
26.6571	65.00
26.6776	69.00
26.698	54.00
26.7185	54.00
26.739	70.00
26.7594	67.00
26.7799	59.00
26.8004	63.00
26.8208	71.00
26.8413	72.00
26.8617	56.00
26.8822	62.00
26.9027	43.00
26.9231	60.00
26.9436	64.00
26.9641	71.00
26.9845	46.00
27.005	43.00
27.0254	65.00
27.0459	48.00
27.0664	69.00
27.0868	58.00
27.1073	50.00
27.1278	49.00
27.1482	54.00
27.1687	59.00
27.1892	47.00
27.2096	61.00
27.2301	65.00
27.2505	50.00
27.271	50.00
27.2915	52.00
27.3119	65.00
27.3324	49.00
27.3529	47.00
27.3733	50.00
27.3938	33.00
27.4142	59.00
27.4347	51.00
27.4552	44.00
27.4756	44.00
27.4961	71.00
27.5166	60.00
27.537	46.00
27.5575	61.00
27.578	61.00
27.5984	52.00
27.6189	46.00
27.6393	60.00
27.6598	57.00
27.6803	55.00
27.7007	42.00
27.7212	39.00
27.7417	45.00
27.7621	54.00
27.7826	45.00
27.803	37.00
27.8235	49.00
27.844	54.00
27.8644	49.00
27.8849	46.00
27.9054	53.00
27.9258	55.00
27.9463	59.00
27.9668	48.00
27.9872	52.00
28.0077	37.00
28.0281	52.00
28.0486	46.00
28.0691	40.00
28.0895	38.00
28.11	68.00
28.1305	53.00
28.1509	48.00
28.1714	49.00
28.1918	48.00
28.2123	41.00
28.2328	49.00
28.2532	48.00
28.2737	46.00
28.2942	48.00
28.3146	50.00
28.3351	44.00
28.3556	45.00
28.376	48.00
28.3965	51.00
28.4169	40.00
28.4374	50.00
28.4579	47.00
28.4783	46.00
28.4988	60.00
28.5193	45.00
28.5397	53.00
28.5602	48.00
28.5806	39.00
28.6011	41.00
28.6216	44.00
28.642	39.00
28.6625	43.00
28.683	41.00
28.7034	27.00
28.7239	41.00
28.7444	41.00
28.7648	62.00
28.7853	38.00
28.8057	46.00
28.8262	31.00
28.8467	34.00
28.8671	36.00
28.8876	46.00
28.9081	32.00
28.9285	50.00
28.949	38.00
28.9694	43.00
28.9899	39.00
29.0104	46.00
29.0308	42.00
29.0513	43.00
29.0718	32.00
29.0922	34.00
29.1127	43.00
29.1332	29.00
29.1536	37.00
29.1741	37.00
29.1945	35.00
29.215	33.00
29.2355	40.00
29.2559	40.00
29.2764	30.00
29.2969	36.00
29.3173	43.00
29.3378	43.00
29.3582	44.00
29.3787	32.00
29.3992	39.00
29.4196	38.00
29.4401	45.00
29.4606	41.00
29.481	44.00
29.5015	34.00
29.522	35.00
29.5424	36.00
29.5629	46.00
29.5833	35.00
29.6038	47.00
29.6243	48.00
29.6447	46.00
29.6652	39.00
29.6857	40.00
29.7061	43.00
29.7266	30.00
29.747	33.00
29.7675	36.00
29.788	45.00
29.8084	46.00
29.8289	41.00
29.8494	36.00
29.8698	53.00
29.8903	40.00
29.9108	38.00
29.9312	34.00
29.9517	53.00
29.9721	43.00
29.9926	42.00
30.0131	47.00
30.0335	46.00
30.054	43.00
30.0745	51.00
30.0949	38.00
30.1154	60.00
30.1358	55.00
30.1563	67.00
30.1768	51.00
30.1972	55.00
30.2177	80.00
30.2382	106.00
30.2586	138.00
30.2791	170.00
30.2996	203.00
30.32	296.00
30.3405	402.00
30.3609	373.00
30.3814	370.00
30.4019	313.00
30.4223	305.00
30.4428	258.00
30.4633	219.00
30.4837	185.00
30.5042	158.00
30.5246	131.00
30.5451	105.00
30.5656	97.00
30.586	73.00
30.6065	83.00
30.627	81.00
30.6474	77.00
30.6679	75.00
30.6884	51.00
30.7088	56.00
30.7293	55.00
30.7497	40.00
30.7702	51.00
30.7907	41.00
30.8111	40.00
30.8316	34.00
30.8521	41.00
30.8725	38.00
30.893	27.00
30.9134	44.00
30.9339	53.00
30.9544	30.00
30.9748	38.00
30.9953	29.00
31.0158	42.00
31.0362	31.00
31.0567	36.00
31.0772	33.00
31.0976	40.00
31.1181	42.00
31.1385	42.00
31.159	30.00
31.1795	33.00
31.1999	43.00
31.2204	35.00
31.2409	38.00
31.2613	35.00
31.2818	44.00
31.3022	36.00
31.3227	39.00
31.3432	33.00
31.3636	43.00
31.3841	40.00
31.4046	42.00
31.425	30.00
31.4455	37.00
31.466	33.00
31.4864	30.00
31.5069	30.00
31.5273	32.00
31.5478	39.00
31.5683	40.00
31.5887	29.00
31.6092	28.00
31.6297	33.00
31.6501	24.00
31.6706	23.00
31.691	44.00
31.7115	49.00
31.732	32.00
31.7524	27.00
31.7729	39.00
31.7934	31.00
31.8138	31.00
31.8343	36.00
31.8548	33.00
31.8752	27.00
31.8957	43.00
31.9161	37.00
31.9366	25.00
31.9571	29.00
31.9775	24.00
31.998	39.00
32.0185	36.00
32.0389	26.00
32.0594	36.00
32.0798	32.00
32.1003	37.00
32.1208	39.00
32.1412	39.00
32.1617	35.00
32.1822	30.00
32.2026	44.00
32.2231	32.00
32.2436	37.00
32.264	32.00
32.2845	25.00
32.3049	32.00
32.3254	34.00
32.3459	27.00
32.3663	36.00
32.3868	37.00
32.4073	32.00
32.4277	38.00
32.4482	38.00
32.4686	39.00
32.4891	43.00
32.5096	35.00
32.53	26.00
32.5505	28.00
32.571	38.00
32.5914	38.00
32.6119	30.00
32.6324	33.00
32.6528	26.00
32.6733	29.00
32.6937	24.00
32.7142	33.00
32.7347	28.00
32.7551	34.00
32.7756	26.00
32.7961	31.00
32.8165	33.00
32.837	33.00
32.8574	28.00
32.8779	25.00
32.8984	33.00
32.9188	25.00
32.9393	25.00
32.9598	36.00
32.9802	30.00
33.0007	39.00
33.0212	30.00
33.0416	35.00
33.0621	38.00
33.0825	23.00
33.103	32.00
33.1235	44.00
33.1439	33.00
33.1644	30.00
33.1849	48.00
33.2053	25.00
33.2258	33.00
33.2462	43.00
33.2667	35.00
33.2872	37.00
33.3076	39.00
33.3281	45.00
33.3486	46.00
33.369	59.00
33.3895	58.00
33.41	47.00
33.4304	52.00
33.4509	67.00
33.4713	62.00
33.4918	39.00
33.5123	50.00
33.5327	44.00
33.5532	41.00
33.5737	48.00
33.5941	30.00
33.6146	37.00
33.635	39.00
33.6555	34.00
33.676	38.00
33.6964	34.00
33.7169	33.00
33.7374	18.00
33.7578	41.00
33.7783	33.00
33.7988	32.00
33.8192	24.00
33.8397	43.00
33.8601	37.00
33.8806	14.00
33.9011	33.00
33.9215	36.00
33.942	35.00
33.9625	45.00
33.9829	38.00
34.0034	29.00
34.0238	27.00
34.0443	27.00
34.0648	27.00
34.0852	33.00
34.1057	31.00
34.1262	31.00
34.1466	37.00
34.1671	31.00
34.1876	44.00
34.208	25.00
34.2285	39.00
34.2489	30.00
34.2694	37.00
34.2899	41.00
34.3103	27.00
34.3308	24.00
34.3513	25.00
34.3717	47.00
34.3922	48.00
34.4126	39.00
34.4331	28.00
34.4536	25.00
34.474	23.00
34.4945	27.00
34.515	28.00
34.5354	36.00
34.5559	32.00
34.5764	35.00
34.5968	27.00
34.6173	23.00
34.6377	32.00
34.6582	38.00
34.6787	43.00
34.6991	42.00
34.7196	27.00
34.7401	26.00
34.7605	37.00
34.781	43.00
34.8014	40.00
34.8219	38.00
34.8424	41.00
34.8628	33.00
34.8833	34.00
34.9038	34.00
34.9242	38.00
34.9447	33.00
34.9652	36.00
34.9856	49.00
35.0061	44.00
35.0265	45.00
35.047	34.00
35.0675	42.00
35.0879	38.00
35.1084	33.00
35.1289	47.00
35.1493	36.00
35.1698	40.00
35.1902	47.00
35.2107	52.00
35.2312	43.00
35.2516	32.00
35.2721	42.00
35.2926	46.00
35.313	54.00
35.3335	61.00
35.354	45.00
35.3744	59.00
35.3949	55.00
35.4153	75.00
35.4358	60.00
35.4563	84.00
35.4767	85.00
35.4972	102.00
35.5177	93.00
35.5381	99.00
35.5586	146.00
35.579	198.00
35.5995	246.00
35.62	346.00
35.6404	496.00
35.6609	683.00
35.6814	921.00
35.7018	1074.00
35.7223	1084.00
35.7428	971.00
35.7632	925.00
35.7837	834.00
35.8041	820.00
35.8246	760.00
35.8451	572.00
35.8655	434.00
35.886	359.00
35.9065	281.00
35.9269	259.00
35.9474	184.00
35.9678	194.00
35.9883	180.00
36.0088	134.00
36.0292	130.00
36.0497	114.00
36.0702	115.00
36.0906	93.00
36.1111	87.00
36.1316	93.00
36.152	89.00
36.1725	81.00
36.1929	76.00
36.2134	70.00
36.2339	69.00
36.2543	51.00
36.2748	66.00
36.2953	54.00
36.3157	59.00
36.3362	70.00
36.3566	68.00
36.3771	65.00
36.3976	57.00
36.418	58.00
36.4385	62.00
36.459	63.00
36.4794	46.00
36.4999	50.00
36.5203	55.00
36.5408	44.00
36.5613	55.00
36.5817	54.00
36.6022	43.00
36.6227	44.00
36.6431	49.00
36.6636	39.00
36.6841	45.00
36.7045	44.00
36.725	31.00
36.7454	43.00
36.7659	36.00
36.7864	41.00
36.8068	32.00
36.8273	49.00
36.8478	38.00
36.8682	48.00
36.8887	42.00
36.9091	38.00
36.9296	38.00
36.9501	43.00
36.9705	34.00
36.991	36.00
37.0115	42.00
37.0319	37.00
37.0524	32.00
37.0729	36.00
37.0933	34.00
37.1138	33.00
37.1342	36.00
37.1547	43.00
37.1752	43.00
37.1956	33.00
37.2161	51.00
37.2366	35.00
37.257	38.00
37.2775	66.00
37.2979	71.00
37.3184	77.00
37.3389	91.00
37.3593	76.00
37.3798	74.00
37.4003	54.00
37.4207	49.00
37.4412	63.00
37.4617	59.00
37.4821	53.00
37.5026	53.00
37.523	51.00
37.5435	34.00
37.564	32.00
37.5844	36.00
37.6049	30.00
37.6254	29.00
37.6458	24.00
37.6663	23.00
37.6867	24.00
37.7072	22.00
37.7277	22.00
37.7481	31.00
37.7686	26.00
37.7891	26.00
37.8095	21.00
37.83	30.00
37.8505	25.00
37.8709	34.00
37.8914	17.00
37.9118	18.00
37.9323	19.00
37.9528	22.00
37.9732	18.00
37.9937	15.00
38.0142	16.00
38.0346	15.00
38.0551	26.00
38.0755	34.00
38.096	20.00
38.1165	25.00
38.1369	29.00
38.1574	28.00
38.1779	24.00
38.1983	18.00
38.2188	17.00
38.2393	35.00
38.2597	23.00
38.2802	15.00
38.3006	26.00
38.3211	19.00
38.3416	23.00
38.362	21.00
38.3825	18.00
38.403	26.00
38.4234	19.00
38.4439	19.00
38.4643	25.00
38.4848	25.00
38.5053	14.00
38.5257	19.00
38.5462	17.00
38.5667	16.00
38.5871	17.00
38.6076	24.00
38.6281	20.00
38.6485	13.00
38.669	23.00
38.6894	13.00
38.7099	21.00
38.7304	21.00
38.7508	17.00
38.7713	12.00
38.7918	17.00
38.8122	17.00
38.8327	14.00
38.8531	12.00
38.8736	18.00
38.8941	17.00
38.9145	15.00
38.935	15.00
38.9555	23.00
38.9759	24.00
38.9964	20.00
39.0169	19.00
39.0373	17.00
39.0578	12.00
39.0782	11.00
39.0987	12.00
39.1192	15.00
39.1396	18.00
39.1601	17.00
39.1806	23.00
39.201	25.00
39.2215	22.00
39.2419	17.00
39.2624	27.00
39.2829	25.00
39.3033	29.00
39.3238	15.00
39.3443	27.00
39.3647	17.00
39.3852	17.00
39.4057	13.00
39.4261	16.00
39.4466	18.00
39.467	22.00
39.4875	11.00
39.508	21.00
39.5284	16.00
39.5489	18.00
39.5694	19.00
39.5898	18.00
39.6103	12.00
39.6307	16.00
39.6512	19.00
39.6717	13.00
39.6921	19.00
39.7126	20.00
39.7331	12.00
39.7535	18.00
39.774	14.00
39.7945	17.00
39.8149	21.00
39.8354	22.00
39.8558	16.00
39.8763	14.00
39.8968	21.00
39.9172	11.00
39.9377	23.00
39.9582	17.00
39.9786	18.00
39.9991	12.00
40.0195	18.00
40.04	19.00
40.0605	20.00
40.0809	20.00
40.1014	20.00
40.1219	18.00
40.1423	16.00
40.1628	16.00
40.1833	20.00
40.2037	18.00
40.2242	26.00
40.2446	11.00
40.2651	15.00
40.2856	22.00
40.306	18.00
40.3265	16.00
40.347	24.00
40.3674	21.00
40.3879	17.00
40.4083	15.00
40.4288	15.00
40.4493	17.00
40.4697	18.00
40.4902	20.00
40.5107	11.00
40.5311	18.00
40.5516	16.00
40.5721	23.00
40.5925	22.00
40.613	14.00
40.6334	22.00
40.6539	13.00
40.6744	23.00
40.6948	20.00
40.7153	18.00
40.7358	25.00
40.7562	15.00
40.7767	16.00
40.7971	20.00
40.8176	19.00
40.8381	19.00
40.8585	19.00
40.879	13.00
40.8995	25.00
40.9199	18.00
40.9404	21.00
40.9609	19.00
40.9813	19.00
41.0018	18.00
41.0222	19.00
41.0427	18.00
41.0632	32.00
41.0836	28.00
41.1041	25.00
41.1246	20.00
41.145	23.00
41.1655	22.00
41.1859	18.00
41.2064	23.00
41.2269	25.00
41.2473	21.00
41.2678	22.00
41.2883	22.00
41.3087	24.00
41.3292	13.00
41.3497	16.00
41.3701	16.00
41.3906	27.00
41.411	19.00
41.4315	22.00
41.452	12.00
41.4724	24.00
41.4929	26.00
41.5134	21.00
41.5338	25.00
41.5543	23.00
41.5747	22.00
41.5952	26.00
41.6157	24.00
41.6361	26.00
41.6566	22.00
41.6771	30.00
41.6975	27.00
41.718	29.00
41.7385	25.00
41.7589	32.00
41.7794	35.00
41.7998	38.00
41.8203	31.00
41.8408	36.00
41.8612	35.00
41.8817	39.00
41.9022	48.00
41.9226	31.00
41.9431	45.00
41.9635	52.00
41.984	50.00
42.0045	54.00
42.0249	65.00
42.0454	60.00
42.0659	46.00
42.0863	40.00
42.1068	55.00
42.1273	40.00
42.1477	59.00
42.1682	51.00
42.1886	54.00
42.2091	55.00
42.2296	56.00
42.25	65.00
42.2705	52.00
42.291	54.00
42.3114	54.00
42.3319	49.00
42.3523	61.00
42.3728	40.00
42.3933	49.00
42.4137	42.00
42.4342	49.00
42.4547	37.00
42.4751	37.00
42.4956	38.00
42.5161	34.00
42.5365	29.00
42.557	37.00
42.5774	25.00
42.5979	24.00
42.6184	32.00
42.6388	20.00
42.6593	35.00
42.6798	19.00
42.7002	27.00
42.7207	20.00
42.7411	21.00
42.7616	17.00
42.7821	25.00
42.8025	26.00
42.823	19.00
42.8435	22.00
42.8639	21.00
42.8844	10.00
42.9049	19.00
42.9253	32.00
42.9458	11.00
42.9662	19.00
42.9867	37.00
43.0072	25.00
43.0276	22.00
43.0481	26.00
43.0686	30.00
43.089	27.00
43.1095	31.00
43.1299	24.00
43.1504	38.00
43.1709	32.00
43.1913	44.00
43.2118	53.00
43.2323	56.00
43.2527	82.00
43.2732	123.00
43.2937	161.00
43.3141	197.00
43.3346	209.00
43.355	207.00
43.3755	207.00
43.396	181.00
43.4164	175.00
43.4369	182.00
43.4574	154.00
43.4778	137.00
43.4983	131.00
43.5187	82.00
43.5392	90.00
43.5597	74.00
43.5801	59.00
43.6006	39.00
43.6211	49.00
43.6415	38.00
43.662	47.00
43.6825	34.00
43.7029	32.00
43.7234	20.00
43.7438	24.00
43.7643	26.00
43.7848	18.00
43.8052	23.00
43.8257	16.00
43.8462	22.00
43.8666	11.00
43.8871	21.00
43.9075	16.00
43.928	18.00
43.9485	20.00
43.9689	21.00
43.9894	22.00
44.0099	17.00
44.0303	19.00
44.0508	21.00
44.0713	23.00
44.0917	14.00
44.1122	12.00
44.1326	18.00
44.1531	15.00
44.1736	11.00
44.194	8.00
44.2145	17.00
44.235	14.00
44.2554	17.00
44.2759	14.00
44.2963	18.00
44.3168	20.00
44.3373	12.00
44.3577	10.00
44.3782	19.00
44.3987	16.00
44.4191	14.00
44.4396	15.00
44.4601	15.00
44.4805	9.00
44.501	16.00
44.5214	16.00
44.5419	16.00
44.5624	18.00
44.5828	11.00
44.6033	20.00
44.6238	10.00
44.6442	12.00
44.6647	12.00
44.6851	13.00
44.7056	16.00
44.7261	19.00
44.7465	23.00
44.767	15.00
44.7875	12.00
44.8079	14.00
44.8284	10.00
44.8489	12.00
44.8693	19.00
44.8898	16.00
44.9102	13.00
44.9307	12.00
44.9512	9.00
44.9716	9.00
44.9921	18.00
45.0126	16.00
45.033	14.00
45.0535	14.00
45.0739	18.00
45.0944	13.00
45.1149	19.00
45.1353	15.00
45.1558	16.00
45.1763	14.00
45.1967	15.00
45.2172	14.00
45.2377	18.00
45.2581	11.00
45.2786	9.00
45.299	18.00
45.3195	19.00
45.34	20.00
45.3604	12.00
45.3809	18.00
45.4014	12.00
45.4218	14.00
45.4423	7.00
45.4627	9.00
45.4832	10.00
45.5037	6.00
45.5241	11.00
45.5446	12.00
45.5651	8.00
45.5855	13.00
45.606	16.00
45.6265	16.00
45.6469	9.00
45.6674	8.00
45.6878	15.00
45.7083	8.00
45.7288	11.00
45.7492	13.00
45.7697	8.00
45.7902	12.00
45.8106	11.00
45.8311	13.00
45.8515	11.00
45.872	16.00
45.8925	8.00
45.9129	13.00
45.9334	19.00
45.9539	8.00
45.9743	7.00
45.9948	10.00
46.0153	9.00
46.0357	6.00
46.0562	12.00
46.0766	13.00
46.0971	8.00
46.1176	14.00
46.138	15.00
46.1585	11.00
46.179	12.00
46.1994	12.00
46.2199	16.00
46.2403	13.00
46.2608	7.00
46.2813	11.00
46.3017	18.00
46.3222	12.00
46.3427	14.00
46.3631	17.00
46.3836	6.00
46.4041	15.00
46.4245	7.00
46.445	10.00
46.4654	17.00
46.4859	12.00
46.5064	11.00
46.5268	9.00
46.5473	12.00
46.5678	13.00
46.5882	11.00
46.6087	16.00
46.6291	12.00
46.6496	7.00
46.6701	10.00
46.6905	13.00
46.711	6.00
46.7315	9.00
46.7519	7.00
46.7724	9.00
46.7929	7.00
46.8133	10.00
46.8338	10.00
46.8542	15.00
46.8747	10.00
46.8952	10.00
46.9156	13.00
46.9361	13.00
46.9566	11.00
46.977	14.00
46.9975	14.00
47.0179	15.00
47.0384	12.00
47.0589	14.00
47.0793	22.00
47.0998	14.00
47.1203	11.00
47.1407	8.00
47.1612	9.00
47.1817	4.00
47.2021	8.00
47.2226	8.00
47.243	15.00
47.2635	13.00
47.284	16.00
47.3044	7.00
47.3249	13.00
47.3454	14.00
47.3658	21.00
47.3863	13.00
47.4067	15.00
47.4272	13.00
47.4477	13.00
47.4681	14.00
47.4886	16.00
47.5091	22.00
47.5295	10.00
47.55	14.00
47.5705	16.00
47.5909	18.00
47.6114	10.00
47.6318	15.00
47.6523	16.00
47.6728	9.00
47.6932	17.00
47.7137	16.00
47.7342	10.00
47.7546	9.00
47.7751	11.00
47.7955	17.00
47.816	16.00
47.8365	14.00
47.8569	19.00
47.8774	11.00
47.8979	5.00
47.9183	15.00
47.9388	10.00
47.9593	13.00
47.9797	8.00
48.0002	15.00
48.0206	15.00
48.0411	10.00
48.0616	14.00
48.082	13.00
48.1025	16.00
48.123	12.00
48.1434	9.00
48.1639	13.00
48.1843	13.00
48.2048	8.00
48.2253	12.00
48.2457	7.00
48.2662	11.00
48.2867	9.00
48.3071	12.00
48.3276	9.00
48.3481	10.00
48.3685	13.00
48.389	10.00
48.4094	11.00
48.4299	5.00
48.4504	15.00
48.4708	7.00
48.4913	9.00
48.5118	10.00
48.5322	4.00
48.5527	8.00
48.5731	12.00
48.5936	15.00
48.6141	9.00
48.6345	7.00
48.655	10.00
48.6755	16.00
48.6959	12.00
48.7164	11.00
48.7369	12.00
48.7573	11.00
48.7778	11.00
48.7982	8.00
48.8187	13.00
48.8392	9.00
48.8596	10.00
48.8801	8.00
48.9006	7.00
48.921	15.00
48.9415	8.00
48.9619	10.00
48.9824	9.00
49.0029	4.00
49.0233	9.00
49.0438	14.00
49.0643	6.00
49.0847	7.00
49.1052	9.00
49.1257	12.00
49.1461	12.00
49.1666	9.00
49.187	5.00
49.2075	10.00
49.228	12.00
49.2484	9.00
49.2689	9.00
49.2894	12.00
49.3098	12.00
49.3303	10.00
49.3507	12.00
49.3712	6.00
49.3917	11.00
49.4121	8.00
49.4326	9.00
49.4531	9.00
49.4735	11.00
49.494	9.00
49.5145	12.00
49.5349	12.00
49.5554	8.00
49.5758	8.00
49.5963	13.00
49.6168	20.00
49.6372	15.00
49.6577	9.00
49.6782	17.00
49.6986	16.00
49.7191	14.00
49.7395	20.00
49.76	17.00
49.7805	22.00
49.8009	19.00
49.8214	17.00
49.8419	17.00
49.8623	13.00
49.8828	10.00
49.9033	8.00
49.9237	8.00
49.9442	13.00
49.9646	10.00
49.9851	13.00
50.0056	9.00
50.026	9.00
50.0465	4.00
50.067	19.00
50.0874	7.00
50.1079	10.00
50.1283	12.00
50.1488	7.00
50.1693	7.00
50.1897	5.00
50.2102	7.00
50.2307	7.00
50.2511	9.00
50.2716	13.00
50.2921	11.00
50.3125	12.00
50.333	8.00
50.3534	7.00
50.3739	9.00
50.3944	10.00
50.4148	9.00
50.4353	9.00
50.4558	9.00
50.4762	7.00
50.4967	6.00
50.5171	10.00
50.5376	11.00
50.5581	9.00
50.5785	9.00
50.599	12.00
50.6195	9.00
50.6399	8.00
50.6604	14.00
50.6809	4.00
50.7013	10.00
50.7218	15.00
50.7422	13.00
50.7627	15.00
50.7832	4.00
50.8036	14.00
50.8241	7.00
50.8446	8.00
50.865	18.00
50.8855	7.00
50.9059	14.00
50.9264	8.00
50.9469	13.00
50.9673	12.00
50.9878	10.00
51.0083	12.00
51.0287	7.00
51.0492	11.00
51.0697	10.00
51.0901	8.00
51.1106	10.00
51.131	13.00
51.1515	9.00
51.172	16.00
51.1924	7.00
51.2129	8.00
51.2334	11.00
51.2538	7.00
51.2743	19.00
51.2947	11.00
51.3152	14.00
51.3357	16.00
51.3561	17.00
51.3766	7.00
51.3971	12.00
51.4175	12.00
51.438	12.00
51.4585	3.00
51.4789	11.00
51.4994	12.00
51.5198	15.00
51.5403	14.00
51.5608	6.00
51.5812	15.00
51.6017	6.00
51.6222	12.00
51.6426	7.00
51.6631	18.00
51.6835	18.00
51.704	16.00
51.7245	6.00
51.7449	11.00
51.7654	11.00
51.7859	9.00
51.8063	10.00
51.8268	9.00
51.8473	8.00
51.8677	9.00
51.8882	6.00
51.9086	10.00
51.9291	12.00
51.9496	5.00
51.97	7.00
51.9905	7.00
52.011	10.00
52.0314	9.00
52.0519	10.00
52.0723	11.00
52.0928	12.00
52.1133	7.00
52.1337	10.00
52.1542	9.00
52.1747	10.00
52.1951	6.00
52.2156	4.00
52.2361	13.00
52.2565	7.00
52.277	10.00
52.2974	6.00
52.3179	10.00
52.3384	8.00
52.3588	10.00
52.3793	7.00
52.3998	13.00
52.4202	7.00
52.4407	8.00
52.4611	13.00
52.4816	5.00
52.5021	5.00
52.5225	10.00
52.543	5.00
52.5635	16.00
52.5839	8.00
52.6044	13.00
52.6249	8.00
52.6453	11.00
52.6658	12.00
52.6862	11.00
52.7067	6.00
52.7272	8.00
52.7476	12.00
52.7681	8.00
52.7886	8.00
52.809	9.00
52.8295	15.00
52.8499	8.00
52.8704	6.00
52.8909	16.00
52.9113	10.00
52.9318	12.00
52.9523	14.00
52.9727	11.00
52.9932	15.00
53.0137	8.00
53.0341	5.00
53.0546	17.00
53.075	12.00
53.0955	13.00
53.116	4.00
53.1364	9.00
53.1569	15.00
53.1774	9.00
53.1978	22.00
53.2183	6.00
53.2387	14.00
53.2592	11.00
53.2797	18.00
53.3001	13.00
53.3206	13.00
53.3411	13.00
53.3615	17.00
53.382	12.00
53.4025	12.00
53.4229	21.00
53.4434	18.00
53.4638	14.00
53.4843	20.00
53.5048	22.00
53.5252	23.00
53.5457	29.00
53.5662	23.00
53.5866	47.00
53.6071	44.00
53.6275	46.00
53.648	69.00
53.6685	76.00
53.6889	92.00
53.7094	92.00
53.7299	75.00
53.7503	77.00
53.7708	71.00
53.7913	69.00
53.8117	63.00
53.8322	65.00
53.8526	72.00
53.8731	66.00
53.8936	42.00
53.914	49.00
53.9345	47.00
53.955	33.00
53.9754	31.00
53.9959	35.00
54.0163	30.00
54.0368	20.00
54.0573	32.00
54.0777	25.00
54.0982	21.00
54.1187	20.00
54.1391	25.00
54.1596	19.00
54.18	18.00
54.2005	27.00
54.221	23.00
54.2414	32.00
54.2619	17.00
54.2824	28.00
54.3028	20.00
54.3233	22.00
54.3438	23.00
54.3642	17.00
54.3847	14.00
54.4051	18.00
54.4256	15.00
54.4461	14.00
54.4665	18.00
54.487	18.00
54.5075	15.00
54.5279	17.00
54.5484	16.00
54.5688	13.00
54.5893	19.00
54.6098	12.00
54.6302	12.00
54.6507	11.00
54.6712	17.00
54.6916	12.00
54.7121	14.00
54.7326	12.00
54.753	15.00
54.7735	12.00
54.7939	10.00
54.8144	11.00
54.8349	13.00
54.8553	15.00
54.8758	10.00
54.8963	9.00
54.9167	9.00
54.9372	14.00
54.9576	12.00
54.9781	5.00
54.9986	13.00
55.019	20.00
55.0395	15.00
55.06	9.00
55.0804	12.00
55.1009	10.00
55.1214	12.00
55.1418	10.00
55.1623	10.00
55.1827	16.00
55.2032	15.00
55.2237	9.00
55.2441	9.00
55.2646	14.00
55.2851	16.00
55.3055	12.00
55.326	12.00
55.3464	15.00
55.3669	10.00
55.3874	6.00
55.4078	11.00
55.4283	13.00
55.4488	11.00
55.4692	8.00
55.4897	9.00
55.5102	9.00
55.5306	9.00
55.5511	9.00
55.5715	8.00
55.592	17.00
55.6125	8.00
55.6329	9.00
55.6534	13.00
55.6739	4.00
55.6943	10.00
55.7148	13.00
55.7352	9.00
55.7557	8.00
55.7762	10.00
55.7966	14.00
55.8171	13.00
55.8376	8.00
55.858	10.00
55.8785	16.00
55.899	13.00
55.9194	8.00
55.9399	13.00
55.9603	9.00
55.9808	7.00
56.0013	11.00
56.0217	10.00
56.0422	9.00
56.0627	10.00
56.0831	9.00
56.1036	10.00
56.124	8.00
56.1445	13.00
56.165	15.00
56.1854	15.00
56.2059	11.00
56.2264	8.00
56.2468	14.00
56.2673	15.00
56.2878	13.00
56.3082	15.00
56.3287	15.00
56.3491	9.00
56.3696	19.00
56.3901	5.00
56.4105	12.00
56.431	13.00
56.4515	13.00
56.4719	16.00
56.4924	12.00
56.5128	12.00
56.5333	10.00
56.5538	16.00
56.5742	13.00
56.5947	10.00
56.6152	8.00
56.6356	15.00
56.6561	16.00
56.6766	20.00
56.697	18.00
56.7175	14.00
56.7379	19.00
56.7584	17.00
56.7789	14.00
56.7993	13.00
56.8198	18.00
56.8403	16.00
56.8607	14.00
56.8812	23.00
56.9016	28.00
56.9221	29.00
56.9426	32.00
56.963	24.00
56.9835	24.00
57.004	28.00
57.0244	37.00
57.0449	47.00
57.0654	47.00
57.0858	57.00
57.1063	69.00
57.1267	98.00
57.1472	117.00
57.1677	157.00
57.1881	229.00
57.2086	257.00
57.2291	229.00
57.2495	233.00
57.27	218.00
57.2904	199.00
57.3109	187.00
57.3314	179.00
57.3518	190.00
57.3723	209.00
57.3928	168.00
57.4132	159.00
57.4337	154.00
57.4542	102.00
57.4746	117.00
57.4951	74.00
57.5155	79.00
57.536	73.00
57.5565	69.00
57.5769	67.00
57.5974	44.00
57.6179	50.00
57.6383	59.00
57.6588	43.00
57.6792	28.00
57.6997	30.00
57.7202	20.00
57.7406	28.00
57.7611	32.00
57.7816	28.00
57.802	19.00
57.8225	22.00
57.843	25.00
57.8634	24.00
57.8839	25.00
57.9043	22.00
57.9248	26.00
57.9453	25.00
57.9657	21.00
57.9862	15.00
58.0067	14.00
58.0271	20.00
58.0476	14.00
58.068	20.00
58.0885	10.00
58.109	15.00
58.1294	14.00
58.1499	16.00
58.1704	12.00
58.1908	8.00
58.2113	15.00
58.2318	11.00
58.2522	10.00
58.2727	8.00
58.2931	13.00
58.3136	11.00
58.3341	11.00
58.3545	15.00
58.375	8.00
58.3955	15.00
58.4159	16.00
58.4364	9.00
58.4568	9.00
58.4773	11.00
58.4978	11.00
58.5182	16.00
58.5387	10.00
58.5592	11.00
58.5796	8.00
58.6001	10.00
58.6206	9.00
58.641	15.00
58.6615	14.00
58.6819	12.00
58.7024	11.00
58.7229	12.00
58.7433	10.00
58.7638	10.00
58.7843	9.00
58.8047	14.00
58.8252	10.00
58.8456	15.00
58.8661	16.00
58.8866	8.00
58.907	7.00
58.9275	17.00
58.948	12.00
58.9684	13.00
58.9889	10.00
59.0094	16.00
59.0298	11.00
59.0503	11.00
59.0707	12.00
59.0912	11.00
59.1117	8.00
59.1321	12.00
59.1526	11.00
59.1731	12.00
59.1935	7.00
59.214	15.00
59.2344	21.00
59.2549	15.00
59.2754	17.00
59.2958	15.00
59.3163	13.00
59.3368	10.00
59.3572	11.00
59.3777	15.00
59.3982	9.00
59.4186	9.00
59.4391	10.00
59.4595	12.00
59.48	10.00
59.5005	4.00
59.5209	13.00
59.5414	8.00
59.5619	16.00
59.5823	19.00
59.6028	13.00
59.6232	14.00
59.6437	15.00
59.6642	10.00
59.6846	10.00
59.7051	12.00
59.7256	9.00
59.746	4.00
59.7665	6.00
59.787	9.00
59.8074	19.00
59.8279	18.00
59.8483	14.00
59.8688	10.00
59.8893	11.00
59.9097	8.00
59.9302	9.00
59.9507	8.00
59.9711	12.00
59.9916	10.00
60.012	16.00
60.0325	11.00
60.053	10.00
60.0734	5.00
60.0939	11.00
60.1144	12.00
60.1348	12.00
60.1553	20.00
60.1758	10.00
60.1962	7.00
60.2167	11.00
60.2371	9.00
60.2576	10.00
60.2781	7.00
60.2985	6.00
60.319	10.00
60.3395	13.00
60.3599	10.00
60.3804	18.00
60.4008	15.00
60.4213	13.00
60.4418	11.00
60.4622	16.00
60.4827	19.00
60.5032	23.00
60.5236	10.00
60.5441	17.00
60.5646	14.00
60.585	21.00
60.6055	15.00
60.6259	14.00
60.6464	16.00
60.6669	24.00
60.6873	16.00
60.7078	22.00
60.7283	26.00
60.7487	29.00
60.7692	21.00
60.7896	21.00
60.8101	18.00
60.8306	14.00
60.851	23.00
60.8715	17.00
60.892	24.00
60.9124	25.00
60.9329	27.00
60.9534	18.00
60.9738	22.00
60.9943	17.00
61.0147	28.00
61.0352	24.00
61.0557	34.00
61.0761	16.00
61.0966	30.00
61.1171	27.00
61.1375	17.00
61.158	12.00
61.1784	32.00
61.1989	23.00
61.2194	20.00
61.2398	21.00
61.2603	23.00
61.2808	17.00
61.3012	15.00
61.3217	18.00
61.3422	17.00
61.3626	28.00
61.3831	25.00
61.4035	18.00
61.424	19.00
61.4445	23.00
61.4649	23.00
61.4854	15.00
61.5059	20.00
61.5263	27.00
61.5468	16.00
61.5672	18.00
61.5877	12.00
61.6082	23.00
61.6286	13.00
61.6491	14.00
61.6696	23.00
61.69	17.00
61.7105	17.00
61.731	25.00
61.7514	16.00
61.7719	13.00
61.7923	10.00
61.8128	10.00
61.8333	17.00
61.8537	13.00
61.8742	13.00
61.8947	12.00
61.9151	17.00
61.9356	11.00
61.956	5.00
61.9765	14.00
61.997	10.00
62.0174	17.00
62.0379	21.00
62.0584	17.00
62.0788	13.00
62.0993	15.00
62.1198	11.00
62.1402	18.00
62.1607	15.00
62.1811	16.00
62.2016	17.00
62.2221	15.00
62.2425	10.00
62.263	21.00
62.2835	11.00
62.3039	22.00
62.3244	19.00
62.3448	22.00
62.3653	24.00
62.3858	21.00
62.4062	35.00
62.4267	29.00
62.4472	20.00
62.4676	26.00
62.4881	29.00
62.5086	38.00
62.529	40.00
62.5495	40.00
62.5699	43.00
62.5904	54.00
62.6109	54.00
62.6313	58.00
62.6518	76.00
62.6723	107.00
62.6927	109.00
62.7132	157.00
62.7336	158.00
62.7541	207.00
62.7746	272.00
62.795	293.00
62.8155	309.00
62.836	279.00
62.8564	287.00
62.8769	211.00
62.8974	228.00
62.9178	229.00
62.9383	234.00
62.9587	235.00
62.9792	262.00
62.9997	211.00
63.0201	199.00
63.0406	195.00
63.0611	187.00
63.0815	123.00
63.102	108.00
63.1224	107.00
63.1429	87.00
63.1634	91.00
63.1838	73.00
63.2043	72.00
63.2248	74.00
63.2452	60.00
63.2657	55.00
63.2862	40.00
63.3066	34.00
63.3271	36.00
63.3475	32.00
63.368	37.00
63.3885	23.00
63.4089	32.00
63.4294	30.00
63.4499	25.00
63.4703	39.00
63.4908	24.00
63.5112	18.00
63.5317	33.00
63.5522	22.00
63.5726	15.00
63.5931	24.00
63.6136	18.00
63.634	19.00
63.6545	22.00
63.675	14.00
63.6954	19.00
63.7159	15.00
63.7363	12.00
63.7568	11.00
63.7773	13.00
63.7977	15.00
63.8182	6.00
63.8387	10.00
63.8591	12.00
63.8796	10.00
63.9	10.00
63.9205	12.00
63.941	9.00
63.9614	14.00
63.9819	10.00
64.0024	13.00
64.0228	9.00
64.0433	8.00
64.0638	15.00
64.0842	18.00
64.1047	12.00
64.1251	7.00
64.1456	15.00
64.1661	13.00
64.1865	14.00
64.207	18.00
64.2275	21.00
64.2479	15.00
64.2684	12.00
64.2888	16.00
64.3093	10.00
64.3298	20.00
64.3502	14.00
64.3707	14.00
64.3912	15.00
64.4116	13.00
64.4321	18.00
64.4526	13.00
64.473	10.00
64.4935	11.00
64.5139	9.00
64.5344	10.00
64.5549	6.00
64.5753	14.00
64.5958	10.00
64.6163	11.00
64.6367	7.00
64.6572	12.00
64.6776	9.00
64.6981	12.00
64.7186	14.00
64.739	14.00
64.7595	15.00
64.78	8.00
64.8004	13.00
64.8209	8.00
64.8414	12.00
64.8618	11.00
64.8823	19.00
64.9027	7.00
64.9232	10.00
64.9437	6.00
64.9641	6.00
64.9846	4.00
65.0051	6.00
65.0255	11.00
65.046	6.00
65.0664	9.00
65.0869	15.00
65.1074	8.00
65.1278	15.00
65.1483	5.00
65.1688	14.00
65.1892	13.00
65.2097	7.00
65.2302	11.00
65.2506	20.00
65.2711	12.00
65.2915	4.00
65.312	13.00
65.3325	5.00
65.3529	10.00
65.3734	7.00
65.3939	7.00
65.4143	8.00
65.4348	7.00
65.4552	4.00
65.4757	13.00
65.4962	10.00
65.5166	12.00
65.5371	7.00
65.5576	13.00
65.578	7.00
65.5985	6.00
65.619	5.00
65.6394	8.00
65.6599	11.00
65.6803	9.00
65.7008	10.00
65.7213	8.00
65.7417	2.00
65.7622	4.00
65.7827	14.00
65.8031	11.00
65.8236	12.00
65.844	6.00
65.8645	12.00
65.885	12.00
65.9054	9.00
65.9259	11.00
65.9464	13.00
65.9668	9.00
65.9873	25.00
66.0078	16.00
66.0282	13.00
66.0487	10.00
66.0691	18.00
66.0896	11.00
66.1101	18.00
66.1305	7.00
66.151	9.00
66.1715	13.00
66.1919	8.00
66.2124	10.00
66.2328	13.00
66.2533	11.00
66.2738	5.00
66.2942	10.00
66.3147	10.00
66.3352	8.00
66.3556	9.00
66.3761	15.00
66.3966	6.00
66.417	11.00
66.4375	9.00
66.4579	8.00
66.4784	10.00
66.4989	5.00
66.5193	6.00
66.5398	6.00
66.5603	7.00
66.5807	13.00
66.6012	5.00
66.6216	2.00
66.6421	10.00
66.6626	3.00
66.683	10.00
66.7035	6.00
66.724	7.00
66.7444	7.00
66.7649	7.00
66.7854	6.00
66.8058	4.00
66.8263	5.00
66.8467	8.00
66.8672	11.00
66.8877	9.00
66.9081	7.00
66.9286	5.00
66.9491	4.00
66.9695	8.00
66.99	8.00
67.0104	14.00
67.0309	3.00
67.0514	8.00
67.0718	9.00
67.0923	7.00
67.1128	4.00
67.1332	10.00
67.1537	5.00
67.1742	7.00
67.1946	7.00
67.2151	10.00
67.2355	5.00
67.256	6.00
67.2765	7.00
67.2969	12.00
67.3174	7.00
67.3379	4.00
67.3583	5.00
67.3788	6.00
67.3992	9.00
67.4197	9.00
67.4402	8.00
67.4606	8.00
67.4811	5.00
67.5016	5.00
67.522	11.00
67.5425	8.00
67.563	9.00
67.5834	6.00
67.6039	6.00
67.6243	9.00
67.6448	4.00
67.6653	6.00
67.6857	5.00
67.7062	4.00
67.7267	6.00
67.7471	6.00
67.7676	5.00
67.788	6.00
67.8085	7.00
67.829	5.00
67.8494	7.00
67.8699	5.00
67.8904	4.00
67.9108	3.00
67.9313	9.00
67.9518	8.00
67.9722	6.00
67.9927	3.00
68.0131	5.00
68.0336	10.00
68.0541	7.00
68.0745	8.00
68.095	10.00
68.1155	11.00
68.1359	7.00
68.1564	7.00
68.1768	9.00
68.1973	1.00
68.2178	9.00
68.2382	3.00
68.2587	2.00
68.2792	4.00
68.2996	9.00
68.3201	7.00
68.3406	5.00
68.361	6.00
68.3815	6.00
68.4019	7.00
68.4224	5.00
68.4429	7.00
68.4633	7.00
68.4838	8.00
68.5043	11.00
68.5247	7.00
68.5452	4.00
68.5656	5.00
68.5861	6.00
68.6066	8.00
68.627	7.00
68.6475	8.00
68.668	5.00
68.6884	11.00
68.7089	6.00
68.7294	7.00
68.7498	7.00
68.7703	6.00
68.7907	5.00
68.8112	7.00
68.8317	7.00
68.8521	5.00
68.8726	9.00
68.8931	10.00
68.9135	10.00
68.934	8.00
68.9544	2.00
68.9749	6.00
68.9954	10.00
69.0158	10.00
69.0363	8.00
69.0568	8.00
69.0772	9.00
69.0977	5.00
69.1182	6.00
69.1386	11.00
69.1591	7.00
69.1795	14.00
69.2	2.00
69.2205	6.00
69.2409	5.00
69.2614	6.00
69.2819	6.00
69.3023	6.00
69.3228	12.00
69.3432	5.00
69.3637	9.00
69.3842	9.00
69.4046	8.00
69.4251	12.00
69.4456	9.00
69.466	7.00
69.4865	8.00
69.507	4.00
69.5274	5.00
69.5479	8.00
69.5683	6.00
69.5888	9.00
69.6093	12.00
69.6297	13.00
69.6502	10.00
69.6707	3.00
69.6911	14.00
69.7116	4.00
69.732	5.00
69.7525	11.00
69.773	8.00
69.7934	4.00
69.8139	7.00
69.8344	8.00
69.8548	12.00
69.8753	10.00
69.8958	10.00
69.9162	8.00
69.9367	10.00
69.9571	6.00
69.9776	8.00
69.9981	8.00
70.0185	7.00
70.039	7.00
70.0595	3.00
70.0799	3.00
70.1004	7.00
70.1208	3.00
70.1413	6.00
70.1618	5.00
70.1822	5.00
70.2027	5.00
70.2232	11.00
70.2436	7.00
70.2641	4.00
70.2846	7.00
70.305	6.00
70.3255	9.00
70.3459	7.00
70.3664	6.00
70.3869	7.00
70.4073	7.00
70.4278	9.00
70.4483	2.00
70.4687	9.00
70.4892	7.00
70.5096	10.00
70.5301	10.00
70.5506	9.00
70.571	4.00
70.5915	2.00
70.612	4.00
70.6324	4.00
70.6529	4.00
70.6734	7.00
70.6938	9.00
70.7143	9.00
70.7347	7.00
70.7552	8.00
70.7757	10.00
70.7961	7.00
70.8166	6.00
70.8371	3.00
70.8575	3.00
70.878	6.00
70.8984	8.00
70.9189	11.00
70.9394	13.00
70.9598	10.00
70.9803	10.00
71.0008	3.00
71.0212	15.00
71.0417	5.00
71.0622	10.00
71.0826	13.00
71.1031	14.00
71.1235	13.00
71.144	22.00
71.1645	21.00
71.1849	20.00
71.2054	32.00
71.2259	35.00
71.2463	27.00
71.2668	16.00
71.2872	23.00
71.3077	25.00
71.3282	23.00
71.3486	22.00
71.3691	26.00
71.3896	19.00
71.41	26.00
71.4305	25.00
71.451	18.00
71.4714	21.00
71.4919	22.00
71.5123	17.00
71.5328	11.00
71.5533	10.00
71.5737	18.00
71.5942	10.00
71.6147	8.00
71.6351	12.00
71.6556	13.00
71.676	11.00
71.6965	12.00
71.717	12.00
71.7374	9.00
71.7579	10.00
71.7784	11.00
71.7988	6.00
71.8193	6.00
71.8398	12.00
71.8602	4.00
71.8807	6.00
71.9011	6.00
71.9216	6.00
71.9421	9.00
71.9625	9.00
71.983	14.00
72.0035	12.00
72.0239	12.00
72.0444	10.00
72.0648	14.00
72.0853	15.00
72.1058	12.00
72.1262	11.00
72.1467	6.00
72.1672	11.00
72.1876	5.00
72.2081	8.00
72.2285	6.00
72.249	6.00
72.2695	9.00
72.2899	5.00
72.3104	7.00
72.3309	9.00
72.3513	9.00
72.3718	7.00
72.3923	6.00
72.4127	10.00
72.4332	12.00
72.4536	8.00
72.4741	12.00
72.4946	12.00
72.515	4.00
72.5355	11.00
72.556	8.00
72.5764	16.00
72.5969	12.00
72.6173	15.00
72.6378	15.00
72.6583	7.00
72.6787	9.00
72.6992	10.00
72.7197	7.00
72.7401	9.00
72.7606	10.00
72.7811	4.00
72.8015	10.00
72.822	9.00
72.8424	4.00
72.8629	10.00
72.8834	11.00
72.9038	13.00
72.9243	7.00
72.9448	13.00
72.9652	4.00
72.9857	5.00
73.0061	12.00
73.0266	8.00
73.0471	7.00
73.0675	12.00
73.088	10.00
73.1085	15.00
73.1289	12.00
73.1494	14.00
73.1699	12.00
73.1903	10.00
73.2108	12.00
73.2312	16.00
73.2517	7.00
73.2722	10.00
73.2926	4.00
73.3131	8.00
73.3336	17.00
73.354	8.00
73.3745	10.00
73.3949	6.00
73.4154	14.00
73.4359	10.00
73.4563	8.00
73.4768	12.00
73.4973	15.00
73.5177	13.00
73.5382	9.00
73.5587	10.00
73.5791	7.00
73.5996	6.00
73.62	12.00
73.6405	9.00
73.661	6.00
73.6814	7.00
73.7019	8.00
73.7224	10.00
73.7428	8.00
73.7633	8.00
73.7837	10.00
73.8042	11.00
73.8247	13.00
73.8451	11.00
73.8656	10.00
73.8861	12.00
73.9065	13.00
73.927	8.00
73.9475	15.00
73.9679	7.00
73.9884	16.00
74.0088	12.00
74.0293	15.00
74.0498	20.00
74.0702	19.00
74.0907	18.00
74.1112	19.00
74.1316	28.00
74.1521	39.00
74.1725	37.00
74.193	49.00
74.2135	51.00
74.2339	58.00
74.2544	72.00
74.2749	59.00
74.2953	64.00
74.3158	53.00
74.3363	40.00
74.3567	48.00
74.3772	57.00
74.3976	40.00
74.4181	43.00
74.4386	49.00
74.459	40.00
74.4795	40.00
74.5	39.00
74.5204	25.00
74.5409	22.00
74.5613	36.00
74.5818	22.00
74.6023	27.00
74.6227	21.00
74.6432	21.00
74.6637	14.00
74.6841	24.00
74.7046	22.00
74.7251	16.00
74.7455	15.00
74.766	13.00
74.7864	15.00
74.8069	19.00
74.8274	15.00
74.8478	10.00
74.8683	5.00
74.8888	9.00
74.9092	15.00
74.9297	13.00
74.9501	15.00
74.9706	15.00
74.9911	13.00
75.0115	17.00
75.032	14.00
75.0525	12.00
75.0729	9.00
75.0934	11.00
75.1139	16.00
75.1343	14.00
75.1548	22.00
75.1752	16.00
75.1957	19.00
75.2162	31.00
75.2366	21.00
75.2571	22.00
75.2776	28.00
75.298	16.00
75.3185	28.00
75.3389	26.00
75.3594	15.00
75.3799	29.00
75.4003	14.00
75.4208	27.00
75.4413	17.00
75.4617	24.00
75.4822	17.00
75.5027	27.00
75.5231	12.00
75.5436	15.00
75.564	9.00
75.5845	18.00
75.605	13.00
75.6254	14.00
75.6459	13.00
75.6664	6.00
75.6868	13.00
75.7073	10.00
75.7277	5.00
75.7482	6.00
75.7687	9.00
75.7891	10.00
75.8096	15.00
75.8301	8.00
75.8505	8.00
75.871	14.00
75.8915	10.00
75.9119	14.00
75.9324	8.00
75.9528	6.00
75.9733	8.00
75.9938	7.00
76.0142	11.00
76.0347	10.00
76.0552	3.00
76.0756	9.00
76.0961	3.00
76.1165	4.00
76.137	9.00
76.1575	12.00
76.1779	4.00
76.1984	6.00
76.2189	4.00
76.2393	12.00
76.2598	8.00
76.2803	7.00
76.3007	10.00
76.3212	14.00
76.3416	14.00
76.3621	11.00
76.3826	8.00
76.403	4.00
76.4235	3.00
76.444	4.00
76.4644	4.00
76.4849	9.00
76.5053	7.00
76.5258	5.00
76.5463	4.00
76.5667	5.00
76.5872	16.00
76.6077	8.00
76.6281	3.00
76.6486	5.00
76.6691	10.00
76.6895	6.00
76.71	7.00
76.7304	6.00
76.7509	5.00
76.7714	3.00
76.7918	3.00
76.8123	5.00
76.8328	3.00
76.8532	14.00
76.8737	4.00
76.8941	10.00
76.9146	11.00
76.9351	8.00
76.9555	5.00
76.976	10.00
76.9965	6.00
77.0169	8.00
77.0374	9.00
77.0579	8.00
77.0783	13.00
77.0988	8.00
77.1192	3.00
77.1397	8.00
77.1602	8.00
77.1806	9.00
77.2011	7.00
77.2216	9.00
77.242	3.00
77.2625	6.00
77.2829	3.00
77.3034	7.00
77.3239	6.00
77.3443	3.00
77.3648	7.00
77.3853	8.00
77.4057	8.00
77.4262	10.00
77.4467	7.00
77.4671	10.00
77.4876	10.00
77.508	4.00
77.5285	9.00
77.549	4.00
77.5694	7.00
77.5899	11.00
77.6104	8.00
77.6308	9.00
77.6513	5.00
77.6717	8.00
77.6922	11.00
77.7127	6.00
77.7331	6.00
77.7536	5.00
77.7741	6.00
77.7945	5.00
77.815	5.00
77.8355	10.00
77.8559	8.00
77.8764	7.00
77.8968	7.00
77.9173	7.00
77.9378	8.00
77.9582	6.00
77.9787	1.00
77.9992	3.00
78.0196	14.00
78.0401	7.00
78.0605	7.00
78.081	8.00
78.1015	4.00
78.1219	6.00
78.1424	6.00
78.1629	5.00
78.1833	5.00
78.2038	8.00
78.2243	5.00
78.2447	3.00
78.2652	7.00
78.2856	6.00
78.3061	6.00
78.3266	8.00
78.347	6.00
78.3675	5.00
78.388	6.00
78.4084	4.00
78.4289	4.00
78.4493	8.00
78.4698	5.00
78.4903	6.00
78.5107	4.00
78.5312	7.00
78.5517	5.00
78.5721	9.00
78.5926	5.00
78.6131	6.00
78.6335	4.00
78.654	6.00
78.6744	6.00
78.6949	6.00
78.7154	6.00
78.7358	4.00
78.7563	6.00
78.7768	8.00
78.7972	3.00
78.8177	10.00
78.8381	6.00
78.8586	8.00
78.8791	8.00
78.8995	6.00
78.92	9.00
78.9405	8.00
78.9609	10.00
78.9814	4.00
79.0019	9.00
79.0223	7.00
79.0428	10.00
79.0632	6.00
79.0837	10.00
79.1042	17.00
79.1246	7.00
79.1451	15.00
79.1656	20.00
79.186	23.00
79.2065	14.00
79.2269	15.00
79.2474	16.00
79.2679	19.00
79.2883	18.00
79.3088	13.00
79.3293	17.00
79.3497	8.00
79.3702	13.00
79.3907	11.00
79.4111	20.00
79.4316	17.00
79.452	15.00
79.4725	12.00
79.493	11.00
79.5134	13.00
79.5339	19.00
79.5544	7.00
79.5748	7.00
79.5953	9.00
79.6157	5.00
79.6362	6.00
79.6567	11.00
79.6771	10.00
79.6976	8.00
79.7181	8.00
79.7385	11.00
79.759	9.00
79.7795	6.00
79.7999	6.00
79.8204	4.00
79.8408	6.00
79.8613	3.00
79.8818	3.00
79.9022	6.00
79.9227	4.00
79.9432	7.00
79.9636	4.00
79.9841	5.00
80.0045	9.00
