COMMANDER Sample ID
Wavelength = 1.54059
10.0001	435.00
10.0206	454.00
10.041	378.00
10.0615	426.00
10.082	363.00
10.1024	396.00
10.1229	396.00
10.1433	395.00
10.1638	419.00
10.1843	365.00
10.2047	398.00
10.2252	407.00
10.2457	372.00
10.2661	362.00
10.2866	399.00
10.3071	417.00
10.3275	397.00
10.348	387.00
10.3684	396.00
10.3889	371.00
10.4094	403.00
10.4298	373.00
10.4503	414.00
10.4708	431.00
10.4912	373.00
10.5117	388.00
10.5321	380.00
10.5526	334.00
10.5731	379.00
10.5935	377.00
10.614	369.00
10.6345	367.00
10.6549	391.00
10.6754	382.00
10.6959	397.00
10.7163	353.00
10.7368	356.00
10.7572	346.00
10.7777	323.00
10.7982	382.00
10.8186	398.00
10.8391	338.00
10.8596	381.00
10.88	340.00
10.9005	344.00
10.9209	339.00
10.9414	377.00
10.9619	356.00
10.9823	370.00
11.0028	369.00
11.0233	312.00
11.0437	360.00
11.0642	332.00
11.0847	358.00
11.1051	327.00
11.1256	339.00
11.146	343.00
11.1665	327.00
11.187	335.00
11.2074	366.00
11.2279	334.00
11.2484	345.00
11.2688	359.00
11.2893	325.00
11.3097	396.00
11.3302	342.00
11.3507	313.00
11.3711	363.00
11.3916	335.00
11.4121	332.00
11.4325	318.00
11.453	324.00
11.4735	335.00
11.4939	333.00
11.5144	323.00
11.5348	332.00
11.5553	340.00
11.5758	334.00
11.5962	341.00
11.6167	321.00
11.6372	320.00
11.6576	318.00
11.6781	295.00
11.6985	308.00
11.719	339.00
11.7395	371.00
11.7599	329.00
11.7804	343.00
11.8009	347.00
11.8213	316.00
11.8418	315.00
11.8623	305.00
11.8827	308.00
11.9032	332.00
11.9236	337.00
11.9441	308.00
11.9646	306.00
11.985	310.00
12.0055	351.00
12.026	320.00
12.0464	320.00
12.0669	301.00
12.0873	304.00
12.1078	331.00
12.1283	274.00
12.1487	273.00
12.1692	304.00
12.1897	290.00
12.2101	296.00
12.2306	275.00
12.2511	305.00
12.2715	310.00
12.292	286.00
12.3124	286.00
12.3329	301.00
12.3534	311.00
12.3738	294.00
12.3943	286.00
12.4148	300.00
12.4352	302.00
12.4557	298.00
12.4761	299.00
12.4966	282.00
12.5171	300.00
12.5375	277.00
12.558	281.00
12.5785	274.00
12.5989	276.00
12.6194	290.00
12.6399	272.00
12.6603	297.00
12.6808	317.00
12.7012	280.00
12.7217	333.00
12.7422	291.00
12.7626	260.00
12.7831	260.00
12.8036	291.00
12.824	277.00
12.8445	272.00
12.8649	277.00
12.8854	255.00
12.9059	302.00
12.9263	292.00
12.9468	308.00
12.9673	294.00
12.9877	309.00
13.0082	288.00
13.0287	266.00
13.0491	270.00
13.0696	302.00
13.09	303.00
13.1105	270.00
13.131	288.00
13.1514	280.00
13.1719	265.00
13.1924	263.00
13.2128	259.00
13.2333	248.00
13.2537	268.00
13.2742	299.00
13.2947	278.00
13.3151	279.00
13.3356	261.00
13.3561	287.00
13.3765	281.00
13.397	266.00
13.4175	272.00
13.4379	241.00
13.4584	274.00
13.4788	306.00
13.4993	269.00
13.5198	276.00
13.5402	289.00
13.5607	274.00
13.5812	268.00
13.6016	262.00
13.6221	270.00
13.6425	296.00
13.663	265.00
13.6835	244.00
13.7039	270.00
13.7244	284.00
13.7449	241.00
13.7653	290.00
13.7858	268.00
13.8063	263.00
13.8267	277.00
13.8472	281.00
13.8676	287.00
13.8881	236.00
13.9086	272.00
13.929	243.00
13.9495	257.00
13.97	269.00
13.9904	268.00
14.0109	269.00
14.0313	272.00
14.0518	233.00
14.0723	240.00
14.0927	256.00
14.1132	251.00
14.1337	244.00
14.1541	224.00
14.1746	261.00
14.1951	257.00
14.2155	252.00
14.236	260.00
14.2564	234.00
14.2769	217.00
14.2974	240.00
14.3178	258.00
14.3383	244.00
14.3588	223.00
14.3792	230.00
14.3997	258.00
14.4201	202.00
14.4406	226.00
14.4611	231.00
14.4815	226.00
14.502	231.00
14.5225	228.00
14.5429	208.00
14.5634	214.00
14.5839	199.00
14.6043	215.00
14.6248	256.00
14.6452	190.00
14.6657	230.00
14.6862	198.00
14.7066	198.00
14.7271	209.00
14.7476	216.00
14.768	204.00
14.7885	211.00
14.8089	223.00
14.8294	204.00
14.8499	211.00
14.8703	223.00
14.8908	206.00
14.9113	215.00
14.9317	192.00
14.9522	203.00
14.9727	205.00
14.9931	206.00
15.0136	197.00
15.034	209.00
15.0545	197.00
15.075	184.00
15.0954	200.00
15.1159	200.00
15.1364	202.00
15.1568	217.00
15.1773	215.00
15.1977	207.00
15.2182	181.00
15.2387	187.00
15.2591	190.00
15.2796	187.00
15.3001	195.00
15.3205	189.00
15.341	194.00
15.3615	203.00
15.3819	187.00
15.4024	208.00
15.4228	194.00
15.4433	184.00
15.4638	184.00
15.4842	203.00
15.5047	185.00
15.5252	192.00
15.5456	223.00
15.5661	191.00
15.5865	210.00
15.607	168.00
15.6275	198.00
15.6479	195.00
15.6684	157.00
15.6889	205.00
15.7093	194.00
15.7298	170.00
15.7503	193.00
15.7707	200.00
15.7912	209.00
15.8116	164.00
15.8321	199.00
15.8526	177.00
15.873	181.00
15.8935	173.00
15.914	170.00
15.9344	193.00
15.9549	173.00
15.9753	167.00
15.9958	190.00
16.0163	161.00
16.0367	180.00
16.0572	187.00
16.0777	162.00
16.0981	208.00
16.1186	150.00
16.1391	174.00
16.1595	188.00
16.18	203.00
16.2004	173.00
16.2209	174.00
16.2414	172.00
16.2618	162.00
16.2823	181.00
16.3028	168.00
16.3232	171.00
16.3437	175.00
16.3641	160.00
16.3846	163.00
16.4051	160.00
16.4255	161.00
16.446	178.00
16.4665	188.00
16.4869	154.00
16.5074	199.00
16.5279	172.00
16.5483	204.00
16.5688	174.00
16.5892	165.00
16.6097	154.00
16.6302	181.00
16.6506	180.00
16.6711	136.00
16.6916	183.00
16.712	168.00
16.7325	163.00
16.7529	165.00
16.7734	161.00
16.7939	164.00
16.8143	173.00
16.8348	168.00
16.8553	168.00
16.8757	146.00
16.8962	172.00
16.9167	182.00
16.9371	185.00
16.9576	168.00
16.978	159.00
16.9985	175.00
17.019	153.00
17.0394	156.00
17.0599	182.00
17.0804	163.00
17.1008	181.00
17.1213	162.00
17.1417	176.00
17.1622	174.00
17.1827	172.00
17.2031	158.00
17.2236	182.00
17.2441	182.00
17.2645	193.00
17.285	143.00
17.3055	178.00
17.3259	172.00
17.3464	167.00
17.3668	167.00
17.3873	175.00
17.4078	165.00
17.4282	169.00
17.4487	158.00
17.4692	139.00
17.4896	153.00
17.5101	158.00
17.5305	170.00
17.551	186.00
17.5715	165.00
17.5919	166.00
17.6124	152.00
17.6329	153.00
17.6533	174.00
17.6738	177.00
17.6943	144.00
17.7147	152.00
17.7352	171.00
17.7556	167.00
17.7761	144.00
17.7966	167.00
17.817	156.00
17.8375	184.00
17.858	143.00
17.8784	171.00
17.8989	151.00
17.9193	161.00
17.9398	141.00
17.9603	155.00
17.9807	174.00
18.0012	150.00
18.0217	160.00
18.0421	164.00
18.0626	164.00
18.0831	152.00
18.1035	164.00
18.124	171.00
18.1444	147.00
18.1649	175.00
18.1854	158.00
18.2058	160.00
18.2263	161.00
18.2468	162.00
18.2672	174.00
18.2877	161.00
18.3081	161.00
18.3286	175.00
18.3491	173.00
18.3695	179.00
18.39	155.00
18.4105	213.00
18.4309	236.00
18.4514	255.00
18.4719	249.00
18.4923	247.00
18.5128	251.00
18.5332	209.00
18.5537	181.00
18.5742	145.00
18.5946	166.00
18.6151	164.00
18.6356	150.00
18.656	148.00
18.6765	150.00
18.6969	173.00
18.7174	135.00
18.7379	167.00
18.7583	168.00
18.7788	133.00
18.7993	142.00
18.8197	146.00
18.8402	165.00
18.8606	157.00
18.8811	131.00
18.9016	158.00
18.922	150.00
18.9425	154.00
18.963	164.00
18.9834	139.00
19.0039	123.00
19.0244	135.00
19.0448	156.00
19.0653	135.00
19.0857	125.00
19.1062	122.00
19.1267	145.00
19.1471	135.00
19.1676	134.00
19.1881	148.00
19.2085	158.00
19.229	137.00
19.2494	127.00
19.2699	145.00
19.2904	114.00
19.3108	130.00
19.3313	116.00
19.3518	124.00
19.3722	127.00
19.3927	124.00
19.4132	153.00
19.4336	133.00
19.4541	163.00
19.4745	137.00
19.495	131.00
19.5155	159.00
19.5359	126.00
19.5564	132.00
19.5769	137.00
19.5973	117.00
19.6178	142.00
19.6382	134.00
19.6587	128.00
19.6792	122.00
19.6996	132.00
19.7201	132.00
19.7406	131.00
19.761	130.00
19.7815	131.00
19.802	133.00
19.8224	123.00
19.8429	115.00
19.8633	117.00
19.8838	140.00
19.9043	114.00
19.9247	111.00
19.9452	118.00
19.9657	110.00
19.9861	143.00
20.0066	127.00
20.027	127.00
20.0475	127.00
20.068	124.00
20.0884	121.00
20.1089	137.00
20.1294	134.00
20.1498	132.00
20.1703	117.00
20.1908	133.00
20.2112	122.00
20.2317	113.00
20.2521	120.00
20.2726	120.00
20.2931	111.00
20.3135	110.00
20.334	112.00
20.3545	117.00
20.3749	114.00
20.3954	110.00
20.4158	118.00
20.4363	138.00
20.4568	131.00
20.4772	116.00
20.4977	118.00
20.5182	113.00
20.5386	115.00
20.5591	128.00
20.5796	124.00
20.6	113.00
20.6205	128.00
20.6409	113.00
20.6614	130.00
20.6819	118.00
20.7023	122.00
20.7228	110.00
20.7433	124.00
20.7637	107.00
20.7842	118.00
20.8046	103.00
20.8251	110.00
20.8456	118.00
20.866	123.00
20.8865	103.00
20.907	106.00
20.9274	106.00
20.9479	117.00
20.9684	107.00
20.9888	106.00
21.0093	120.00
21.0297	124.00
21.0502	124.00
21.0707	121.00
21.0911	127.00
21.1116	112.00
21.1321	129.00
21.1525	113.00
21.173	102.00
21.1934	101.00
21.2139	127.00
21.2344	108.00
21.2548	125.00
21.2753	131.00
21.2958	109.00
21.3162	138.00
21.3367	144.00
21.3572	150.00
21.3776	126.00
21.3981	121.00
21.4185	140.00
21.439	124.00
21.4595	120.00
21.4799	120.00
21.5004	128.00
21.5209	142.00
21.5413	91.00
21.5618	101.00
21.5822	126.00
21.6027	103.00
21.6232	99.00
21.6436	117.00
21.6641	108.00
21.6846	113.00
21.705	88.00
21.7255	92.00
21.746	99.00
21.7664	95.00
21.7869	115.00
21.8073	88.00
21.8278	113.00
21.8483	95.00
21.8687	100.00
21.8892	108.00
21.9097	94.00
21.9301	92.00
21.9506	92.00
21.971	103.00
21.9915	109.00
22.012	103.00
22.0324	98.00
22.0529	117.00
22.0734	111.00
22.0938	97.00
22.1143	105.00
22.1348	107.00
22.1552	117.00
22.1757	102.00
22.1961	109.00
22.2166	68.00
22.2371	99.00
22.2575	99.00
22.278	85.00
22.2985	75.00
22.3189	84.00
22.3394	78.00
22.3598	113.00
22.3803	81.00
22.4008	97.00
22.4212	99.00
22.4417	104.00
22.4622	95.00
22.4826	94.00
22.5031	106.00
22.5236	83.00
22.544	96.00
22.5645	85.00
22.5849	90.00
22.6054	95.00
22.6259	96.00
22.6463	100.00
22.6668	96.00
22.6873	84.00
22.7077	102.00
22.7282	85.00
22.7486	105.00
22.7691	95.00
22.7896	93.00
22.81	86.00
22.8305	94.00
22.851	101.00
22.8714	94.00
22.8919	88.00
22.9124	94.00
22.9328	80.00
22.9533	94.00
22.9737	91.00
22.9942	91.00
23.0147	90.00
23.0351	77.00
23.0556	88.00
23.0761	90.00
23.0965	78.00
23.117	89.00
23.1374	97.00
23.1579	84.00
23.1784	86.00
23.1988	81.00
23.2193	85.00
23.2398	80.00
23.2602	95.00
23.2807	95.00
23.3012	82.00
23.3216	89.00
23.3421	95.00
23.3625	89.00
23.383	98.00
23.4035	100.00
23.4239	96.00
23.4444	87.00
23.4649	85.00
23.4853	95.00
23.5058	92.00
23.5262	94.00
23.5467	84.00
23.5672	80.00
23.5876	83.00
23.6081	92.00
23.6286	90.00
23.649	104.00
23.6695	78.00
23.69	87.00
23.7104	84.00
23.7309	90.00
23.7513	100.00
23.7718	90.00
23.7923	93.00
23.8127	98.00
23.8332	88.00
23.8537	85.00
23.8741	89.00
23.8946	96.00
23.915	81.00
23.9355	60.00
23.956	96.00
23.9764	95.00
23.9969	83.00
24.0174	87.00
24.0378	79.00
24.0583	89.00
24.0788	76.00
24.0992	84.00
24.1197	84.00
24.1401	80.00
24.1606	87.00
24.1811	80.00
24.2015	79.00
24.222	85.00
24.2425	73.00
24.2629	90.00
24.2834	84.00
24.3038	85.00
24.3243	73.00
24.3448	92.00
24.3652	84.00
24.3857	91.00
24.4062	77.00
24.4266	58.00
24.4471	74.00
24.4676	79.00
24.488	77.00
24.5085	72.00
24.5289	75.00
24.5494	69.00
24.5699	83.00
24.5903	64.00
24.6108	83.00
24.6313	69.00
24.6517	80.00
24.6722	82.00
24.6926	85.00
24.7131	74.00
24.7336	80.00
24.754	83.00
24.7745	69.00
24.795	74.00
24.8154	58.00
24.8359	65.00
24.8564	91.00
24.8768	61.00
24.8973	60.00
24.9177	69.00
24.9382	68.00
24.9587	67.00
24.9791	77.00
24.9996	83.00
25.0201	77.00
25.0405	67.00
25.061	79.00
25.0814	71.00
25.1019	72.00
25.1224	72.00
25.1428	75.00
25.1633	75.00
25.1838	66.00
25.2042	73.00
25.2247	79.00
25.2452	78.00
25.2656	66.00
25.2861	68.00
25.3065	73.00
25.327	69.00
25.3475	86.00
25.3679	80.00
25.3884	75.00
25.4089	76.00
25.4293	70.00
25.4498	72.00
25.4702	71.00
25.4907	64.00
25.5112	77.00
25.5316	73.00
25.5521	69.00
25.5726	93.00
25.593	71.00
25.6135	55.00
25.634	70.00
25.6544	66.00
25.6749	64.00
25.6953	72.00
25.7158	59.00
25.7363	71.00
25.7567	79.00
25.7772	75.00
25.7977	65.00
25.8181	60.00
25.8386	69.00
25.859	69.00
25.8795	68.00
25.9	62.00
25.9204	53.00
25.9409	60.00
25.9614	59.00
25.9818	65.00
26.0023	69.00
26.0228	68.00
26.0432	69.00
26.0637	88.00
26.0841	66.00
26.1046	65.00
26.1251	70.00
26.1455	55.00
26.166	74.00
26.1865	71.00
26.2069	61.00
26.2274	52.00
26.2478	62.00
26.2683	78.00
26.2888	54.00
26.3092	65.00
26.3297	66.00
26.3502	51.00
26.3706	64.00
26.3911	66.00
26.4116	62.00
26.432	64.00
26.4525	68.00
26.4729	59.00
26.4934	73.00
26.5139	58.00
26.5343	68.00
26.5548	69.00
26.5753	60.00
26.5957	76.00
26.6162	70.00
26.6366	80.00
26.6571	55.00
26.6776	63.00
26.698	77.00
26.7185	77.00
26.739	56.00
26.7594	68.00
26.7799	80.00
26.8004	54.00
26.8208	66.00
26.8413	69.00
26.8617	57.00
26.8822	63.00
26.9027	59.00
26.9231	56.00
26.9436	57.00
26.9641	65.00
26.9845	61.00
27.005	66.00
27.0254	57.00
27.0459	43.00
27.0664	68.00
27.0868	49.00
27.1073	48.00
27.1278	74.00
27.1482	66.00
27.1687	47.00
27.1892	63.00
27.2096	49.00
27.2301	59.00
27.2505	48.00
27.271	76.00
27.2915	61.00
27.3119	56.00
27.3324	65.00
27.3529	52.00
27.3733	55.00
27.3938	52.00
27.4142	55.00
27.4347	58.00
27.4552	51.00
27.4756	59.00
27.4961	49.00
27.5166	49.00
27.537	67.00
27.5575	49.00
27.578	40.00
27.5984	59.00
27.6189	52.00
27.6393	51.00
27.6598	52.00
27.6803	48.00
27.7007	43.00
27.7212	43.00
27.7417	45.00
27.7621	48.00
27.7826	50.00
27.803	46.00
27.8235	46.00
27.844	57.00
27.8644	50.00
27.8849	40.00
27.9054	46.00
27.9258	58.00
27.9463	42.00
27.9668	56.00
27.9872	49.00
28.0077	41.00
28.0281	53.00
28.0486	55.00
28.0691	35.00
28.0895	42.00
28.11	58.00
28.1305	51.00
28.1509	49.00
28.1714	52.00
28.1918	65.00
28.2123	39.00
28.2328	46.00
28.2532	46.00
28.2737	31.00
28.2942	42.00
28.3146	42.00
28.3351	42.00
28.3556	47.00
28.376	31.00
28.3965	42.00
28.4169	41.00
28.4374	55.00
28.4579	38.00
28.4783	49.00
28.4988	47.00
28.5193	46.00
28.5397	47.00
28.5602	46.00
28.5806	41.00
28.6011	47.00
28.6216	35.00
28.642	46.00
28.6625	42.00
28.683	50.00
28.7034	58.00
28.7239	52.00
28.7444	42.00
28.7648	55.00
28.7853	42.00
28.8057	39.00
28.8262	46.00
28.8467	44.00
28.8671	47.00
28.8876	32.00
28.9081	35.00
28.9285	42.00
28.949	50.00
28.9694	31.00
28.9899	50.00
29.0104	39.00
29.0308	35.00
29.0513	35.00
29.0718	45.00
29.0922	36.00
29.1127	41.00
29.1332	51.00
29.1536	37.00
29.1741	40.00
29.1945	31.00
29.215	50.00
29.2355	42.00
29.2559	42.00
29.2764	39.00
29.2969	42.00
29.3173	41.00
29.3378	41.00
29.3582	38.00
29.3787	45.00
29.3992	40.00
29.4196	40.00
29.4401	35.00
29.4606	37.00
29.481	47.00
29.5015	39.00
29.522	43.00
29.5424	44.00
29.5629	40.00
29.5833	52.00
29.6038	47.00
29.6243	38.00
29.6447	47.00
29.6652	48.00
29.6857	37.00
29.7061	42.00
29.7266	48.00
29.747	51.00
29.7675	52.00
29.788	47.00
29.8084	42.00
29.8289	33.00
29.8494	51.00
29.8698	48.00
29.8903	52.00
29.9108	51.00
29.9312	51.00
29.9517	54.00
29.9721	46.00
29.9926	48.00
30.0131	54.00
30.0335	41.00
30.054	56.00
30.0745	80.00
30.0949	62.00
30.1154	83.00
30.1358	79.00
30.1563	112.00
30.1768	125.00
30.1972	185.00
30.2177	280.00
30.2382	343.00
30.2586	395.00
30.2791	394.00
30.2996	363.00
30.32	354.00
30.3405	315.00
30.3609	262.00
30.3814	241.00
30.4019	170.00
30.4223	142.00
30.4428	121.00
30.4633	114.00
30.4837	110.00
30.5042	89.00
30.5246	72.00
30.5451	72.00
30.5656	55.00
30.586	62.00
30.6065	46.00
30.627	48.00
30.6474	64.00
30.6679	50.00
30.6884	51.00
30.7088	61.00
30.7293	39.00
30.7497	47.00
30.7702	36.00
30.7907	40.00
30.8111	44.00
30.8316	51.00
30.8521	45.00
30.8725	55.00
30.893	30.00
30.9134	51.00
30.9339	41.00
30.9544	51.00
30.9748	29.00
30.9953	48.00
31.0158	48.00
31.0362	45.00
31.0567	38.00
31.0772	48.00
31.0976	66.00
31.1181	79.00
31.1385	75.00
31.159	52.00
31.1795	54.00
31.1999	62.00
31.2204	59.00
31.2409	40.00
31.2613	33.00
31.2818	38.00
31.3022	36.00
31.3227	49.00
31.3432	39.00
31.3636	38.00
31.3841	38.00
31.4046	38.00
31.425	39.00
31.4455	35.00
31.466	39.00
31.4864	35.00
31.5069	31.00
31.5273	32.00
31.5478	26.00
31.5683	33.00
31.5887	43.00
31.6092	27.00
31.6297	32.00
31.6501	38.00
31.6706	41.00
31.691	37.00
31.7115	47.00
31.732	33.00
31.7524	35.00
31.7729	29.00
31.7934	37.00
31.8138	33.00
31.8343	25.00
31.8548	36.00
31.8752	29.00
31.8957	29.00
31.9161	28.00
31.9366	39.00
31.9571	30.00
31.9775	32.00
31.998	26.00
32.0185	35.00
32.0389	32.00
32.0594	35.00
32.0798	32.00
32.1003	35.00
32.1208	35.00
32.1412	44.00
32.1617	32.00
32.1822	34.00
32.2026	30.00
32.2231	33.00
32.2436	34.00
32.264	38.00
32.2845	24.00
32.3049	38.00
32.3254	38.00
32.3459	27.00
32.3663	31.00
32.3868	38.00
32.4073	32.00
32.4277	22.00
32.4482	38.00
32.4686	32.00
32.4891	29.00
32.5096	29.00
32.53	34.00
32.5505	30.00
32.571	28.00
32.5914	34.00
32.6119	29.00
32.6324	40.00
32.6528	28.00
32.6733	29.00
32.6937	36.00
32.7142	29.00
32.7347	35.00
32.7551	29.00
32.7756	47.00
32.7961	46.00
32.8165	43.00
32.837	28.00
32.8574	30.00
32.8779	31.00
32.8984	23.00
32.9188	34.00
32.9393	38.00
32.9598	36.00
32.9802	40.00
33.0007	22.00
33.0212	35.00
33.0416	33.00
33.0621	37.00
33.0825	34.00
33.103	31.00
33.1235	45.00
33.1439	37.00
33.1644	36.00
33.1849	41.00
33.2053	32.00
33.2258	39.00
33.2462	55.00
33.2667	64.00
33.2872	54.00
33.3076	63.00
33.3281	59.00
33.3486	40.00
33.369	53.00
33.3895	65.00
33.41	51.00
33.4304	57.00
33.4509	35.00
33.4713	46.00
33.4918	51.00
33.5123	47.00
33.5327	43.00
33.5532	36.00
33.5737	38.00
33.5941	35.00
33.6146	33.00
33.635	35.00
33.6555	30.00
33.676	35.00
33.6964	34.00
33.7169	31.00
33.7374	26.00
33.7578	28.00
33.7783	36.00
33.7988	33.00
33.8192	30.00
33.8397	26.00
33.8601	28.00
33.8806	44.00
33.9011	39.00
33.9215	28.00
33.942	39.00
33.9625	30.00
33.9829	30.00
34.0034	37.00
34.0238	35.00
34.0443	41.00
34.0648	48.00
34.0852	33.00
34.1057	36.00
34.1262	41.00
34.1466	35.00
34.1671	36.00
34.1876	32.00
34.208	45.00
34.2285	31.00
34.2489	29.00
34.2694	36.00
34.2899	30.00
34.3103	40.00
34.3308	32.00
34.3513	29.00
34.3717	42.00
34.3922	25.00
34.4126	26.00
34.4331	39.00
34.4536	27.00
34.474	34.00
34.4945	33.00
34.515	24.00
34.5354	34.00
34.5559	26.00
34.5764	33.00
34.5968	25.00
34.6173	27.00
34.6377	25.00
34.6582	37.00
34.6787	45.00
34.6991	54.00
34.7196	43.00
34.7401	40.00
34.7605	42.00
34.781	40.00
34.8014	43.00
34.8219	28.00
34.8424	35.00
34.8628	40.00
34.8833	42.00
34.9038	41.00
34.9242	45.00
34.9447	34.00
34.9652	30.00
34.9856	45.00
35.0061	31.00
35.0265	44.00
35.047	50.00
35.0675	44.00
35.0879	37.00
35.1084	37.00
35.1289	38.00
35.1493	55.00
35.1698	40.00
35.1902	58.00
35.2107	47.00
35.2312	53.00
35.2516	60.00
35.2721	56.00
35.2926	65.00
35.313	68.00
35.3335	74.00
35.354	90.00
35.3744	90.00
35.3949	96.00
35.4153	115.00
35.4358	123.00
35.4563	141.00
35.4767	163.00
35.4972	227.00
35.5177	299.00
35.5381	412.00
35.5586	601.00
35.579	942.00
35.5995	1097.00
35.62	1149.00
35.6404	1100.00
35.6609	955.00
35.6814	1056.00
35.7018	986.00
35.7223	787.00
35.7428	704.00
35.7632	530.00
35.7837	434.00
35.8041	355.00
35.8246	279.00
35.8451	236.00
35.8655	185.00
35.886	172.00
35.9065	141.00
35.9269	129.00
35.9474	109.00
35.9678	102.00
35.9883	110.00
36.0088	89.00
36.0292	89.00
36.0497	91.00
36.0702	82.00
36.0906	88.00
36.1111	67.00
36.1316	68.00
36.152	80.00
36.1725	73.00
36.1929	61.00
36.2134	54.00
36.2339	72.00
36.2543	79.00
36.2748	82.00
36.2953	55.00
36.3157	61.00
36.3362	65.00
36.3566	66.00
36.3771	51.00
36.3976	61.00
36.418	45.00
36.4385	55.00
36.459	37.00
36.4794	37.00
36.4999	60.00
36.5203	45.00
36.5408	34.00
36.5613	42.00
36.5817	39.00
36.6022	48.00
36.6227	48.00
36.6431	48.00
36.6636	52.00
36.6841	49.00
36.7045	34.00
36.725	48.00
36.7454	51.00
36.7659	42.00
36.7864	47.00
36.8068	47.00
36.8273	40.00
36.8478	44.00
36.8682	42.00
36.8887	36.00
36.9091	27.00
36.9296	29.00
36.9501	33.00
36.9705	39.00
36.991	42.00
37.0115	25.00
37.0319	29.00
37.0524	34.00
37.0729	36.00
37.0933	50.00
37.1138	39.00
37.1342	37.00
37.1547	34.00
37.1752	53.00
37.1956	66.00
37.2161	84.00
37.2366	98.00
37.257	99.00
37.2775	89.00
37.2979	80.00
37.3184	75.00
37.3389	78.00
37.3593	67.00
37.3798	68.00
37.4003	37.00
37.4207	39.00
37.4412	38.00
37.4617	30.00
37.4821	36.00
37.5026	46.00
37.523	34.00
37.5435	33.00
37.564	29.00
37.5844	33.00
37.6049	27.00
37.6254	25.00
37.6458	32.00
37.6663	28.00
37.6867	29.00
37.7072	26.00
37.7277	27.00
37.7481	20.00
37.7686	33.00
37.7891	35.00
37.8095	21.00
37.83	28.00
37.8505	23.00
37.8709	21.00
37.8914	34.00
37.9118	19.00
37.9323	16.00
37.9528	35.00
37.9732	27.00
37.9937	24.00
38.0142	31.00
38.0346	20.00
38.0551	24.00
38.0755	17.00
38.096	24.00
38.1165	19.00
38.1369	16.00
38.1574	27.00
38.1779	25.00
38.1983	20.00
38.2188	18.00
38.2393	17.00
38.2597	28.00
38.2802	13.00
38.3006	25.00
38.3211	15.00
38.3416	16.00
38.362	25.00
38.3825	22.00
38.403	17.00
38.4234	24.00
38.4439	26.00
38.4643	18.00
38.4848	29.00
38.5053	24.00
38.5257	20.00
38.5462	27.00
38.5667	23.00
38.5871	18.00
38.6076	16.00
38.6281	23.00
38.6485	20.00
38.669	19.00
38.6894	15.00
38.7099	20.00
38.7304	17.00
38.7508	17.00
38.7713	23.00
38.7918	21.00
38.8122	27.00
38.8327	21.00
38.8531	13.00
38.8736	21.00
38.8941	15.00
38.9145	24.00
38.935	21.00
38.9555	15.00
38.9759	17.00
38.9964	23.00
39.0169	16.00
39.0373	15.00
39.0578	20.00
39.0782	11.00
39.0987	21.00
39.1192	12.00
39.1396	22.00
39.1601	19.00
39.1806	10.00
39.201	21.00
39.2215	10.00
39.2419	18.00
39.2624	23.00
39.2829	22.00
39.3033	32.00
39.3238	16.00
39.3443	11.00
39.3647	16.00
39.3852	16.00
39.4057	20.00
39.4261	18.00
39.4466	21.00
39.467	22.00
39.4875	19.00
39.508	19.00
39.5284	17.00
39.5489	15.00
39.5694	16.00
39.5898	13.00
39.6103	15.00
39.6307	25.00
39.6512	22.00
39.6717	22.00
39.6921	16.00
39.7126	15.00
39.7331	28.00
39.7535	17.00
39.774	14.00
39.7945	15.00
39.8149	16.00
39.8354	19.00
39.8558	18.00
39.8763	13.00
39.8968	18.00
39.9172	22.00
39.9377	14.00
39.9582	19.00
39.9786	18.00
39.9991	21.00
40.0195	15.00
40.04	17.00
40.0605	25.00
40.0809	20.00
40.1014	12.00
40.1219	23.00
40.1423	20.00
40.1628	16.00
40.1833	17.00
40.2037	17.00
40.2242	14.00
40.2446	18.00
40.2651	22.00
40.2856	21.00
40.306	23.00
40.3265	20.00
40.347	20.00
40.3674	18.00
40.3879	20.00
40.4083	15.00
40.4288	16.00
40.4493	20.00
40.4697	18.00
40.4902	27.00
40.5107	22.00
40.5311	22.00
40.5516	9.00
40.5721	9.00
40.5925	17.00
40.613	20.00
40.6334	23.00
40.6539	17.00
40.6744	15.00
40.6948	18.00
40.7153	19.00
40.7358	20.00
40.7562	19.00
40.7767	18.00
40.7971	15.00
40.8176	16.00
40.8381	20.00
40.8585	17.00
40.879	19.00
40.8995	23.00
40.9199	13.00
40.9404	18.00
40.9609	22.00
40.9813	11.00
41.0018	22.00
41.0222	27.00
41.0427	19.00
41.0632	19.00
41.0836	25.00
41.1041	23.00
41.1246	21.00
41.145	12.00
41.1655	16.00
41.1859	14.00
41.2064	27.00
41.2269	29.00
41.2473	21.00
41.2678	18.00
41.2883	28.00
41.3087	17.00
41.3292	26.00
41.3497	20.00
41.3701	29.00
41.3906	20.00
41.411	25.00
41.4315	20.00
41.452	30.00
41.4724	19.00
41.4929	23.00
41.5134	23.00
41.5338	33.00
41.5543	18.00
41.5747	22.00
41.5952	24.00
41.6157	27.00
41.6361	30.00
41.6566	18.00
41.6771	30.00
41.6975	35.00
41.718	31.00
41.7385	55.00
41.7589	41.00
41.7794	40.00
41.7998	40.00
41.8203	45.00
41.8408	39.00
41.8612	56.00
41.8817	61.00
41.9022	49.00
41.9226	51.00
41.9431	44.00
41.9635	51.00
41.984	61.00
42.0045	50.00
42.0249	53.00
42.0454	58.00
42.0659	55.00
42.0863	69.00
42.1068	62.00
42.1273	69.00
42.1477	62.00
42.1682	70.00
42.1886	68.00
42.2091	57.00
42.2296	69.00
42.25	58.00
42.2705	43.00
42.291	54.00
42.3114	68.00
42.3319	47.00
42.3523	47.00
42.3728	49.00
42.3933	32.00
42.4137	51.00
42.4342	36.00
42.4547	28.00
42.4751	38.00
42.4956	29.00
42.5161	29.00
42.5365	30.00
42.557	24.00
42.5774	31.00
42.5979	23.00
42.6184	21.00
42.6388	22.00
42.6593	24.00
42.6798	24.00
42.7002	21.00
42.7207	20.00
42.7411	17.00
42.7616	22.00
42.7821	24.00
42.8025	26.00
42.823	29.00
42.8435	30.00
42.8639	24.00
42.8844	26.00
42.9049	22.00
42.9253	40.00
42.9458	25.00
42.9662	37.00
42.9867	30.00
43.0072	37.00
43.0276	28.00
43.0481	45.00
43.0686	37.00
43.089	34.00
43.1095	48.00
43.1299	66.00
43.1504	78.00
43.1709	115.00
43.1913	135.00
43.2118	215.00
43.2323	216.00
43.2527	235.00
43.2732	223.00
43.2937	209.00
43.3141	218.00
43.3346	194.00
43.355	192.00
43.3755	174.00
43.396	137.00
43.4164	114.00
43.4369	79.00
43.4574	79.00
43.4778	66.00
43.4983	50.00
43.5187	47.00
43.5392	44.00
43.5597	52.00
43.5801	50.00
43.6006	36.00
43.6211	24.00
43.6415	27.00
43.662	37.00
43.6825	28.00
43.7029	27.00
43.7234	27.00
43.7438	26.00
43.7643	27.00
43.7848	18.00
43.8052	25.00
43.8257	23.00
43.8462	18.00
43.8666	18.00
43.8871	16.00
43.9075	24.00
43.928	20.00
43.9485	21.00
43.9689	10.00
43.9894	19.00
44.0099	14.00
44.0303	25.00
44.0508	23.00
44.0713	11.00
44.0917	10.00
44.1122	19.00
44.1326	14.00
44.1531	20.00
44.1736	15.00
44.194	11.00
44.2145	16.00
44.235	17.00
44.2554	12.00
44.2759	16.00
44.2963	21.00
44.3168	12.00
44.3373	20.00
44.3577	14.00
44.3782	15.00
44.3987	18.00
44.4191	11.00
44.4396	18.00
44.4601	17.00
44.4805	15.00
44.501	15.00
44.5214	13.00
44.5419	8.00
44.5624	10.00
44.5828	14.00
44.6033	10.00
44.6238	18.00
44.6442	12.00
44.6647	10.00
44.6851	15.00
44.7056	6.00
44.7261	11.00
44.7465	10.00
44.767	16.00
44.7875	17.00
44.8079	13.00
44.8284	12.00
44.8489	13.00
44.8693	18.00
44.8898	14.00
44.9102	17.00
44.9307	13.00
44.9512	11.00
44.9716	15.00
44.9921	13.00
45.0126	12.00
45.033	11.00
45.0535	17.00
45.0739	15.00
45.0944	12.00
45.1149	14.00
45.1353	15.00
45.1558	11.00
45.1763	13.00
45.1967	13.00
45.2172	12.00
45.2377	14.00
45.2581	10.00
45.2786	15.00
45.299	8.00
45.3195	11.00
45.34	15.00
45.3604	12.00
45.3809	10.00
45.4014	8.00
45.4218	10.00
45.4423	11.00
45.4627	10.00
45.4832	17.00
45.5037	9.00
45.5241	14.00
45.5446	11.00
45.5651	9.00
45.5855	18.00
45.606	12.00
45.6265	21.00
45.6469	10.00
45.6674	13.00
45.6878	13.00
45.7083	17.00
45.7288	18.00
45.7492	16.00
45.7697	13.00
45.7902	3.00
45.8106	13.00
45.8311	10.00
45.8515	12.00
45.872	11.00
45.8925	17.00
45.9129	11.00
45.9334	14.00
45.9539	13.00
45.9743	7.00
45.9948	15.00
46.0153	14.00
46.0357	11.00
46.0562	8.00
46.0766	8.00
46.0971	9.00
46.1176	13.00
46.138	21.00
46.1585	10.00
46.179	12.00
46.1994	11.00
46.2199	13.00
46.2403	10.00
46.2608	18.00
46.2813	11.00
46.3017	12.00
46.3222	11.00
46.3427	12.00
46.3631	10.00
46.3836	13.00
46.4041	15.00
46.4245	10.00
46.445	8.00
46.4654	17.00
46.4859	7.00
46.5064	10.00
46.5268	14.00
46.5473	17.00
46.5678	17.00
46.5882	13.00
46.6087	14.00
46.6291	8.00
46.6496	16.00
46.6701	14.00
46.6905	15.00
46.711	11.00
46.7315	21.00
46.7519	9.00
46.7724	18.00
46.7929	10.00
46.8133	12.00
46.8338	11.00
46.8542	12.00
46.8747	14.00
46.8952	11.00
46.9156	15.00
46.9361	14.00
46.9566	11.00
46.977	12.00
46.9975	10.00
47.0179	11.00
47.0384	8.00
47.0589	11.00
47.0793	7.00
47.0998	8.00
47.1203	6.00
47.1407	8.00
47.1612	16.00
47.1817	11.00
47.2021	15.00
47.2226	13.00
47.243	16.00
47.2635	14.00
47.284	18.00
47.3044	16.00
47.3249	17.00
47.3454	15.00
47.3658	13.00
47.3863	14.00
47.4067	22.00
47.4272	11.00
47.4477	20.00
47.4681	12.00
47.4886	22.00
47.5091	9.00
47.5295	19.00
47.55	12.00
47.5705	13.00
47.5909	19.00
47.6114	6.00
47.6318	20.00
47.6523	7.00
47.6728	12.00
47.6932	10.00
47.7137	17.00
47.7342	13.00
47.7546	12.00
47.7751	14.00
47.7955	10.00
47.816	16.00
47.8365	8.00
47.8569	16.00
47.8774	16.00
47.8979	8.00
47.9183	4.00
47.9388	9.00
47.9593	10.00
47.9797	11.00
48.0002	9.00
48.0206	11.00
48.0411	10.00
48.0616	12.00
48.082	11.00
48.1025	6.00
48.123	8.00
48.1434	4.00
48.1639	11.00
48.1843	13.00
48.2048	12.00
48.2253	16.00
48.2457	10.00
48.2662	7.00
48.2867	14.00
48.3071	7.00
48.3276	15.00
48.3481	13.00
48.3685	16.00
48.389	11.00
48.4094	14.00
48.4299	8.00
48.4504	9.00
48.4708	10.00
48.4913	13.00
48.5118	11.00
48.5322	9.00
48.5527	18.00
48.5731	11.00
48.5936	15.00
48.6141	10.00
48.6345	10.00
48.655	11.00
48.6755	7.00
48.6959	9.00
48.7164	7.00
48.7369	5.00
48.7573	11.00
48.7778	9.00
48.7982	7.00
48.8187	8.00
48.8392	12.00
48.8596	8.00
48.8801	14.00
48.9006	11.00
48.921	10.00
48.9415	8.00
48.9619	4.00
48.9824	7.00
49.0029	18.00
49.0233	7.00
49.0438	10.00
49.0643	17.00
49.0847	17.00
49.1052	13.00
49.1257	11.00
49.1461	3.00
49.1666	10.00
49.187	15.00
49.2075	8.00
49.228	12.00
49.2484	11.00
49.2689	14.00
49.2894	7.00
49.3098	16.00
49.3303	11.00
49.3507	10.00
49.3712	16.00
49.3917	10.00
49.4121	8.00
49.4326	8.00
49.4531	10.00
49.4735	13.00
49.494	12.00
49.5145	13.00
49.5349	17.00
49.5554	28.00
49.5758	17.00
49.5963	20.00
49.6168	12.00
49.6372	17.00
49.6577	13.00
49.6782	18.00
49.6986	9.00
49.7191	14.00
49.7395	15.00
49.76	15.00
49.7805	9.00
49.8009	9.00
49.8214	12.00
49.8419	19.00
49.8623	17.00
49.8828	11.00
49.9033	8.00
49.9237	12.00
49.9442	10.00
49.9646	8.00
49.9851	9.00
50.0056	9.00
50.026	6.00
50.0465	16.00
50.067	8.00
50.0874	7.00
50.1079	8.00
50.1283	9.00
50.1488	6.00
50.1693	15.00
50.1897	16.00
50.2102	8.00
50.2307	13.00
50.2511	13.00
50.2716	9.00
50.2921	10.00
50.3125	10.00
50.333	12.00
50.3534	11.00
50.3739	8.00
50.3944	10.00
50.4148	10.00
50.4353	10.00
50.4558	16.00
50.4762	14.00
50.4967	12.00
50.5171	14.00
50.5376	18.00
50.5581	13.00
50.5785	19.00
50.599	11.00
50.6195	10.00
50.6399	12.00
50.6604	10.00
50.6809	4.00
50.7013	12.00
50.7218	13.00
50.7422	12.00
50.7627	12.00
50.7832	19.00
50.8036	16.00
50.8241	15.00
50.8446	12.00
50.865	9.00
50.8855	14.00
50.9059	6.00
50.9264	9.00
50.9469	14.00
50.9673	13.00
50.9878	8.00
51.0083	12.00
51.0287	8.00
51.0492	13.00
51.0697	15.00
51.0901	13.00
51.1106	17.00
51.131	12.00
51.1515	12.00
51.172	14.00
51.1924	9.00
51.2129	8.00
51.2334	2.00
51.2538	12.00
51.2743	14.00
51.2947	7.00
51.3152	11.00
51.3357	9.00
51.3561	13.00
51.3766	13.00
51.3971	12.00
51.4175	8.00
51.438	12.00
51.4585	6.00
51.4789	9.00
51.4994	12.00
51.5198	7.00
51.5403	12.00
51.5608	10.00
51.5812	7.00
51.6017	12.00
51.6222	10.00
51.6426	14.00
51.6631	8.00
51.6835	7.00
51.704	7.00
51.7245	11.00
51.7449	12.00
51.7654	12.00
51.7859	9.00
51.8063	17.00
51.8268	3.00
51.8473	15.00
51.8677	12.00
51.8882	12.00
51.9086	14.00
51.9291	5.00
51.9496	13.00
51.97	12.00
51.9905	12.00
52.011	7.00
52.0314	9.00
52.0519	7.00
52.0723	8.00
52.0928	11.00
52.1133	11.00
52.1337	11.00
52.1542	10.00
52.1747	12.00
52.1951	9.00
52.2156	16.00
52.2361	7.00
52.2565	11.00
52.277	12.00
52.2974	12.00
52.3179	5.00
52.3384	8.00
52.3588	11.00
52.3793	12.00
52.3998	5.00
52.4202	9.00
52.4407	11.00
52.4611	20.00
52.4816	14.00
52.5021	11.00
52.5225	4.00
52.543	12.00
52.5635	10.00
52.5839	8.00
52.6044	14.00
52.6249	6.00
52.6453	13.00
52.6658	11.00
52.6862	5.00
52.7067	12.00
52.7272	18.00
52.7476	14.00
52.7681	16.00
52.7886	15.00
52.809	13.00
52.8295	15.00
52.8499	10.00
52.8704	14.00
52.8909	15.00
52.9113	9.00
52.9318	9.00
52.9523	16.00
52.9727	11.00
52.9932	10.00
53.0137	15.00
53.0341	9.00
53.0546	9.00
53.075	4.00
53.0955	13.00
53.116	14.00
53.1364	14.00
53.1569	14.00
53.1774	16.00
53.1978	19.00
53.2183	19.00
53.2387	17.00
53.2592	16.00
53.2797	17.00
53.3001	17.00
53.3206	18.00
53.3411	26.00
53.3615	13.00
53.382	26.00
53.4025	22.00
53.4229	22.00
53.4434	21.00
53.4638	31.00
53.4843	25.00
53.5048	40.00
53.5252	52.00
53.5457	72.00
53.5662	73.00
53.5866	86.00
53.6071	109.00
53.6275	98.00
53.648	89.00
53.6685	74.00
53.6889	76.00
53.7094	69.00
53.7299	74.00
53.7503	68.00
53.7708	57.00
53.7913	65.00
53.8117	62.00
53.8322	40.00
53.8526	34.00
53.8731	43.00
53.8936	30.00
53.914	20.00
53.9345	26.00
53.955	31.00
53.9754	24.00
53.9959	21.00
54.0163	19.00
54.0368	20.00
54.0573	31.00
54.0777	14.00
54.0982	16.00
54.1187	32.00
54.1391	23.00
54.1596	25.00
54.18	30.00
54.2005	23.00
54.221	22.00
54.2414	19.00
54.2619	15.00
54.2824	22.00
54.3028	19.00
54.3233	28.00
54.3438	16.00
54.3642	13.00
54.3847	16.00
54.4051	20.00
54.4256	12.00
54.4461	21.00
54.4665	11.00
54.487	23.00
54.5075	13.00
54.5279	14.00
54.5484	13.00
54.5688	19.00
54.5893	15.00
54.6098	16.00
54.6302	7.00
54.6507	16.00
54.6712	10.00
54.6916	16.00
54.7121	12.00
54.7326	16.00
54.753	11.00
54.7735	5.00
54.7939	17.00
54.8144	12.00
54.8349	14.00
54.8553	10.00
54.8758	17.00
54.8963	15.00
54.9167	10.00
54.9372	10.00
54.9576	12.00
54.9781	13.00
54.9986	7.00
55.019	16.00
55.0395	8.00
55.06	12.00
55.0804	11.00
55.1009	7.00
55.1214	14.00
55.1418	13.00
55.1623	9.00
55.1827	8.00
55.2032	9.00
55.2237	15.00
55.2441	17.00
55.2646	4.00
55.2851	7.00
55.3055	16.00
55.326	23.00
55.3464	12.00
55.3669	8.00
55.3874	16.00
55.4078	8.00
55.4283	6.00
55.4488	22.00
55.4692	15.00
55.4897	14.00
55.5102	5.00
55.5306	7.00
55.5511	7.00
55.5715	14.00
55.592	11.00
55.6125	8.00
55.6329	14.00
55.6534	10.00
55.6739	14.00
55.6943	9.00
55.7148	9.00
55.7352	9.00
55.7557	8.00
55.7762	15.00
55.7966	12.00
55.8171	11.00
55.8376	9.00
55.858	9.00
55.8785	9.00
55.899	13.00
55.9194	19.00
55.9399	7.00
55.9603	9.00
55.9808	18.00
56.0013	10.00
56.0217	9.00
56.0422	6.00
56.0627	17.00
56.0831	15.00
56.1036	7.00
56.124	12.00
56.1445	5.00
56.165	13.00
56.1854	5.00
56.2059	12.00
56.2264	19.00
56.2468	13.00
56.2673	7.00
56.2878	15.00
56.3082	9.00
56.3287	12.00
56.3491	7.00
56.3696	11.00
56.3901	19.00
56.4105	15.00
56.431	15.00
56.4515	14.00
56.4719	15.00
56.4924	19.00
56.5128	8.00
56.5333	21.00
56.5538	15.00
56.5742	13.00
56.5947	16.00
56.6152	10.00
56.6356	19.00
56.6561	9.00
56.6766	18.00
56.697	13.00
56.7175	21.00
56.7379	15.00
56.7584	21.00
56.7789	19.00
56.7993	19.00
56.8198	22.00
56.8403	28.00
56.8607	33.00
56.8812	37.00
56.9016	38.00
56.9221	30.00
56.9426	34.00
56.963	48.00
56.9835	51.00
57.004	94.00
57.0244	73.00
57.0449	116.00
57.0654	133.00
57.0858	159.00
57.1063	232.00
57.1267	272.00
57.1472	252.00
57.1677	245.00
57.1881	222.00
57.2086	193.00
57.2291	192.00
57.2495	203.00
57.27	227.00
57.2904	202.00
57.3109	168.00
57.3314	182.00
57.3518	120.00
57.3723	113.00
57.3928	114.00
57.4132	95.00
57.4337	90.00
57.4542	77.00
57.4746	56.00
57.4951	54.00
57.5155	50.00
57.536	39.00
57.5565	37.00
57.5769	37.00
57.5974	37.00
57.6179	32.00
57.6383	30.00
57.6588	27.00
57.6792	36.00
57.6997	24.00
57.7202	29.00
57.7406	22.00
57.7611	20.00
57.7816	28.00
57.802	13.00
57.8225	19.00
57.843	16.00
57.8634	22.00
57.8839	16.00
57.9043	19.00
57.9248	20.00
57.9453	14.00
57.9657	15.00
57.9862	12.00
58.0067	15.00
58.0271	13.00
58.0476	11.00
58.068	14.00
58.0885	12.00
58.109	12.00
58.1294	23.00
58.1499	13.00
58.1704	17.00
58.1908	15.00
58.2113	12.00
58.2318	8.00
58.2522	11.00
58.2727	12.00
58.2931	10.00
58.3136	8.00
58.3341	13.00
58.3545	8.00
58.375	13.00
58.3955	13.00
58.4159	7.00
58.4364	13.00
58.4568	19.00
58.4773	8.00
58.4978	12.00
58.5182	10.00
58.5387	12.00
58.5592	11.00
58.5796	6.00
58.6001	11.00
58.6206	8.00
58.641	6.00
58.6615	13.00
58.6819	10.00
58.7024	13.00
58.7229	8.00
58.7433	12.00
58.7638	12.00
58.7843	7.00
58.8047	13.00
58.8252	11.00
58.8456	15.00
58.8661	10.00
58.8866	7.00
58.907	5.00
58.9275	9.00
58.948	13.00
58.9684	13.00
58.9889	11.00
59.0094	14.00
59.0298	18.00
59.0503	13.00
59.0707	8.00
59.0912	15.00
59.1117	13.00
59.1321	17.00
59.1526	12.00
59.1731	17.00
59.1935	15.00
59.214	13.00
59.2344	14.00
59.2549	8.00
59.2754	19.00
59.2958	12.00
59.3163	6.00
59.3368	15.00
59.3572	11.00
59.3777	12.00
59.3982	12.00
59.4186	14.00
59.4391	5.00
59.4595	13.00
59.48	12.00
59.5005	12.00
59.5209	13.00
59.5414	13.00
59.5619	13.00
59.5823	9.00
59.6028	10.00
59.6232	7.00
59.6437	13.00
59.6642	9.00
59.6846	8.00
59.7051	17.00
59.7256	10.00
59.746	9.00
59.7665	13.00
59.787	11.00
59.8074	9.00
59.8279	5.00
59.8483	14.00
59.8688	7.00
59.8893	13.00
59.9097	13.00
59.9302	11.00
59.9507	10.00
59.9711	10.00
59.9916	10.00
60.012	17.00
60.0325	12.00
60.053	16.00
60.0734	8.00
60.0939	17.00
60.1144	11.00
60.1348	14.00
60.1553	13.00
60.1758	9.00
60.1962	11.00
60.2167	12.00
60.2371	5.00
60.2576	14.00
60.2781	15.00
60.2985	5.00
60.319	17.00
60.3395	14.00
60.3599	10.00
60.3804	7.00
60.4008	14.00
60.4213	12.00
60.4418	16.00
60.4622	19.00
60.4827	17.00
60.5032	13.00
60.5236	18.00
60.5441	28.00
60.5646	23.00
60.585	19.00
60.6055	14.00
60.6259	27.00
60.6464	11.00
60.6669	29.00
60.6873	20.00
60.7078	28.00
60.7283	18.00
60.7487	12.00
60.7692	21.00
60.7896	19.00
60.8101	27.00
60.8306	19.00
60.851	16.00
60.8715	20.00
60.892	16.00
60.9124	24.00
60.9329	23.00
60.9534	14.00
60.9738	25.00
60.9943	28.00
61.0147	26.00
61.0352	18.00
61.0557	21.00
61.0761	18.00
61.0966	25.00
61.1171	23.00
61.1375	20.00
61.158	28.00
61.1784	23.00
61.1989	23.00
61.2194	22.00
61.2398	15.00
61.2603	21.00
61.2808	26.00
61.3012	16.00
61.3217	20.00
61.3422	22.00
61.3626	22.00
61.3831	13.00
61.4035	23.00
61.424	17.00
61.4445	17.00
61.4649	21.00
61.4854	26.00
61.5059	17.00
61.5263	14.00
61.5468	17.00
61.5672	16.00
61.5877	11.00
61.6082	13.00
61.6286	11.00
61.6491	19.00
61.6696	16.00
61.69	15.00
61.7105	24.00
61.731	13.00
61.7514	17.00
61.7719	22.00
61.7923	11.00
61.8128	13.00
61.8333	15.00
61.8537	10.00
61.8742	19.00
61.8947	16.00
61.9151	17.00
61.9356	12.00
61.956	9.00
61.9765	16.00
61.997	20.00
62.0174	10.00
62.0379	24.00
62.0584	15.00
62.0788	20.00
62.0993	22.00
62.1198	18.00
62.1402	15.00
62.1607	23.00
62.1811	15.00
62.2016	15.00
62.2221	17.00
62.2425	17.00
62.263	19.00
62.2835	16.00
62.3039	31.00
62.3244	30.00
62.3448	34.00
62.3653	29.00
62.3858	28.00
62.4062	29.00
62.4267	35.00
62.4472	42.00
62.4676	38.00
62.4881	37.00
62.5086	49.00
62.529	54.00
62.5495	72.00
62.5699	82.00
62.5904	86.00
62.6109	116.00
62.6313	146.00
62.6518	181.00
62.6723	229.00
62.6927	304.00
62.7132	336.00
62.7336	318.00
62.7541	281.00
62.7746	260.00
62.795	263.00
62.8155	242.00
62.836	228.00
62.8564	255.00
62.8769	279.00
62.8974	258.00
62.9178	192.00
62.9383	178.00
62.9587	174.00
62.9792	142.00
62.9997	135.00
63.0201	89.00
63.0406	101.00
63.0611	77.00
63.0815	74.00
63.102	80.00
63.1224	70.00
63.1429	53.00
63.1634	52.00
63.1838	51.00
63.2043	42.00
63.2248	42.00
63.2452	41.00
63.2657	31.00
63.2862	36.00
63.3066	37.00
63.3271	22.00
63.3475	16.00
63.368	33.00
63.3885	25.00
63.4089	28.00
63.4294	21.00
63.4499	26.00
63.4703	24.00
63.4908	20.00
63.5112	15.00
63.5317	26.00
63.5522	11.00
63.5726	14.00
63.5931	21.00
63.6136	23.00
63.634	8.00
63.6545	13.00
63.675	13.00
63.6954	15.00
63.7159	14.00
63.7363	11.00
63.7568	19.00
63.7773	16.00
63.7977	11.00
63.8182	16.00
63.8387	19.00
63.8591	13.00
63.8796	13.00
63.9	16.00
63.9205	12.00
63.941	5.00
63.9614	18.00
63.9819	21.00
64.0024	10.00
64.0228	19.00
64.0433	12.00
64.0638	17.00
64.0842	17.00
64.1047	16.00
64.1251	19.00
64.1456	19.00
64.1661	11.00
64.1865	11.00
64.207	13.00
64.2275	8.00
64.2479	11.00
64.2684	10.00
64.2888	20.00
64.3093	15.00
64.3298	12.00
64.3502	16.00
64.3707	8.00
64.3912	9.00
64.4116	16.00
64.4321	13.00
64.4526	9.00
64.473	7.00
64.4935	12.00
64.5139	13.00
64.5344	12.00
64.5549	5.00
64.5753	6.00
64.5958	7.00
64.6163	10.00
64.6367	12.00
64.6572	7.00
64.6776	8.00
64.6981	11.00
64.7186	13.00
64.739	10.00
64.7595	10.00
64.78	4.00
64.8004	5.00
64.8209	6.00
64.8414	9.00
64.8618	7.00
64.8823	11.00
64.9027	6.00
64.9232	7.00
64.9437	8.00
64.9641	11.00
64.9846	7.00
65.0051	13.00
65.0255	13.00
65.046	7.00
65.0664	7.00
65.0869	12.00
65.1074	7.00
65.1278	7.00
65.1483	17.00
65.1688	10.00
65.1892	11.00
65.2097	15.00
65.2302	7.00
65.2506	10.00
65.2711	7.00
65.2915	10.00
65.312	16.00
65.3325	11.00
65.3529	12.00
65.3734	12.00
65.3939	8.00
65.4143	5.00
65.4348	12.00
65.4552	11.00
65.4757	11.00
65.4962	9.00
65.5166	11.00
65.5371	9.00
65.5576	7.00
65.578	12.00
65.5985	5.00
65.619	6.00
65.6394	7.00
65.6599	6.00
65.6803	10.00
65.7008	10.00
65.7213	8.00
65.7417	13.00
65.7622	12.00
65.7827	10.00
65.8031	8.00
65.8236	11.00
65.844	6.00
65.8645	13.00
65.885	13.00
65.9054	25.00
65.9259	19.00
65.9464	11.00
65.9668	13.00
65.9873	15.00
66.0078	16.00
66.0282	9.00
66.0487	9.00
66.0691	11.00
66.0896	10.00
66.1101	12.00
66.1305	15.00
66.151	13.00
66.1715	13.00
66.1919	10.00
66.2124	5.00
66.2328	12.00
66.2533	8.00
66.2738	6.00
66.2942	13.00
66.3147	7.00
66.3352	7.00
66.3556	11.00
66.3761	10.00
66.3966	8.00
66.417	13.00
66.4375	7.00
66.4579	13.00
66.4784	8.00
66.4989	6.00
66.5193	4.00
66.5398	10.00
66.5603	8.00
66.5807	9.00
66.6012	11.00
66.6216	7.00
66.6421	3.00
66.6626	5.00
66.683	9.00
66.7035	4.00
66.724	13.00
66.7444	5.00
66.7649	6.00
66.7854	6.00
66.8058	14.00
66.8263	6.00
66.8467	3.00
66.8672	8.00
66.8877	4.00
66.9081	7.00
66.9286	11.00
66.9491	13.00
66.9695	12.00
66.99	15.00
67.0104	11.00
67.0309	11.00
67.0514	6.00
67.0718	8.00
67.0923	4.00
67.1128	5.00
67.1332	9.00
67.1537	8.00
67.1742	9.00
67.1946	7.00
67.2151	10.00
67.2355	10.00
67.256	13.00
67.2765	15.00
67.2969	14.00
67.3174	8.00
67.3379	3.00
67.3583	8.00
67.3788	5.00
67.3992	12.00
67.4197	4.00
67.4402	7.00
67.4606	7.00
67.4811	7.00
67.5016	13.00
67.522	8.00
67.5425	10.00
67.563	6.00
67.5834	6.00
67.6039	9.00
67.6243	10.00
67.6448	10.00
67.6653	3.00
67.6857	7.00
67.7062	6.00
67.7267	7.00
67.7471	7.00
67.7676	11.00
67.788	4.00
67.8085	6.00
67.829	9.00
67.8494	10.00
67.8699	6.00
67.8904	5.00
67.9108	8.00
67.9313	7.00
67.9518	9.00
67.9722	9.00
67.9927	10.00
68.0131	10.00
68.0336	7.00
68.0541	10.00
68.0745	7.00
68.095	7.00
68.1155	6.00
68.1359	7.00
68.1564	6.00
68.1768	10.00
68.1973	6.00
68.2178	8.00
68.2382	6.00
68.2587	7.00
68.2792	7.00
68.2996	8.00
68.3201	5.00
68.3406	5.00
68.361	7.00
68.3815	5.00
68.4019	9.00
68.4224	5.00
68.4429	8.00
68.4633	8.00
68.4838	10.00
68.5043	6.00
68.5247	13.00
68.5452	11.00
68.5656	15.00
68.5861	8.00
68.6066	5.00
68.627	7.00
68.6475	4.00
68.668	8.00
68.6884	8.00
68.7089	7.00
68.7294	3.00
68.7498	6.00
68.7703	6.00
68.7907	13.00
68.8112	6.00
68.8317	12.00
68.8521	9.00
68.8726	7.00
68.8931	5.00
68.9135	5.00
68.934	8.00
68.9544	7.00
68.9749	5.00
68.9954	10.00
69.0158	6.00
69.0363	9.00
69.0568	7.00
69.0772	5.00
69.0977	11.00
69.1182	7.00
69.1386	8.00
69.1591	9.00
69.1795	8.00
69.2	9.00
69.2205	13.00
69.2409	8.00
69.2614	12.00
69.2819	12.00
69.3023	6.00
69.3228	8.00
69.3432	13.00
69.3637	15.00
69.3842	7.00
69.4046	14.00
69.4251	9.00
69.4456	6.00
69.466	5.00
69.4865	8.00
69.507	11.00
69.5274	7.00
69.5479	13.00
69.5683	3.00
69.5888	5.00
69.6093	14.00
69.6297	7.00
69.6502	9.00
69.6707	12.00
69.6911	8.00
69.7116	5.00
69.732	6.00
69.7525	10.00
69.773	10.00
69.7934	8.00
69.8139	7.00
69.8344	6.00
69.8548	4.00
69.8753	8.00
69.8958	12.00
69.9162	5.00
69.9367	6.00
69.9571	8.00
69.9776	7.00
69.9981	9.00
70.0185	9.00
70.039	10.00
70.0595	8.00
70.0799	10.00
70.1004	9.00
70.1208	8.00
70.1413	8.00
70.1618	8.00
70.1822	3.00
70.2027	6.00
70.2232	12.00
70.2436	7.00
70.2641	7.00
70.2846	12.00
70.305	7.00
70.3255	5.00
70.3459	6.00
70.3664	5.00
70.3869	1.00
70.4073	6.00
70.4278	4.00
70.4483	7.00
70.4687	12.00
70.4892	6.00
70.5096	3.00
70.5301	9.00
70.5506	10.00
70.571	10.00
70.5915	6.00
70.612	3.00
70.6324	6.00
70.6529	6.00
70.6734	10.00
70.6938	10.00
70.7143	4.00
70.7347	10.00
70.7552	8.00
70.7757	8.00
70.7961	7.00
70.8166	15.00
70.8371	11.00
70.8575	8.00
70.878	6.00
70.8984	16.00
70.9189	12.00
70.9394	14.00
70.9598	12.00
70.9803	10.00
71.0008	19.00
71.0212	15.00
71.0417	21.00
71.0622	34.00
71.0826	24.00
71.1031	32.00
71.1235	27.00
71.144	24.00
71.1645	39.00
71.1849	12.00
71.2054	29.00
71.2259	24.00
71.2463	24.00
71.2668	24.00
71.2872	21.00
71.3077	24.00
71.3282	30.00
71.3486	24.00
71.3691	20.00
71.3896	19.00
71.41	15.00
71.4305	22.00
71.451	12.00
71.4714	19.00
71.4919	13.00
71.5123	16.00
71.5328	18.00
71.5533	11.00
71.5737	10.00
71.5942	17.00
71.6147	9.00
71.6351	16.00
71.6556	7.00
71.676	12.00
71.6965	8.00
71.717	13.00
71.7374	8.00
71.7579	11.00
71.7784	10.00
71.7988	9.00
71.8193	10.00
71.8398	5.00
71.8602	14.00
71.8807	6.00
71.9011	9.00
71.9216	10.00
71.9421	14.00
71.9625	6.00
71.983	12.00
72.0035	15.00
72.0239	7.00
72.0444	8.00
72.0648	7.00
72.0853	8.00
72.1058	12.00
72.1262	12.00
72.1467	6.00
72.1672	8.00
72.1876	5.00
72.2081	12.00
72.2285	6.00
72.249	10.00
72.2695	9.00
72.2899	9.00
72.3104	11.00
72.3309	11.00
72.3513	12.00
72.3718	9.00
72.3923	12.00
72.4127	10.00
72.4332	9.00
72.4536	4.00
72.4741	8.00
72.4946	9.00
72.515	11.00
72.5355	10.00
72.556	5.00
72.5764	16.00
72.5969	8.00
72.6173	15.00
72.6378	20.00
72.6583	6.00
72.6787	12.00
72.6992	7.00
72.7197	11.00
72.7401	11.00
72.7606	8.00
72.7811	6.00
72.8015	10.00
72.822	10.00
72.8424	12.00
72.8629	20.00
72.8834	11.00
72.9038	7.00
72.9243	12.00
72.9448	5.00
72.9652	6.00
72.9857	13.00
73.0061	15.00
73.0266	13.00
73.0471	15.00
73.0675	5.00
73.088	7.00
73.1085	12.00
73.1289	4.00
73.1494	13.00
73.1699	8.00
73.1903	14.00
73.2108	13.00
73.2312	5.00
73.2517	13.00
73.2722	14.00
73.2926	8.00
73.3131	9.00
73.3336	8.00
73.354	11.00
73.3745	14.00
73.3949	15.00
73.4154	10.00
73.4359	13.00
73.4563	6.00
73.4768	11.00
73.4973	13.00
73.5177	6.00
73.5382	8.00
73.5587	13.00
73.5791	6.00
73.5996	10.00
73.62	13.00
73.6405	11.00
73.661	9.00
73.6814	7.00
73.7019	5.00
73.7224	11.00
73.7428	7.00
73.7633	19.00
73.7837	10.00
73.8042	16.00
73.8247	11.00
73.8451	10.00
73.8656	15.00
73.8861	10.00
73.9065	15.00
73.927	12.00
73.9475	16.00
73.9679	13.00
73.9884	24.00
74.0088	23.00
74.0293	21.00
74.0498	25.00
74.0702	34.00
74.0907	29.00
74.1112	54.00
74.1316	51.00
74.1521	65.00
74.1725	43.00
74.193	52.00
74.2135	51.00
74.2339	36.00
74.2544	52.00
74.2749	42.00
74.2953	45.00
74.3158	48.00
74.3363	54.00
74.3567	47.00
74.3772	35.00
74.3976	38.00
74.4181	46.00
74.4386	29.00
74.459	33.00
74.4795	30.00
74.5	26.00
74.5204	24.00
74.5409	26.00
74.5613	26.00
74.5818	27.00
74.6023	22.00
74.6227	17.00
74.6432	13.00
74.6637	13.00
74.6841	8.00
74.7046	11.00
74.7251	14.00
74.7455	11.00
74.766	13.00
74.7864	11.00
74.8069	7.00
74.8274	9.00
74.8478	14.00
74.8683	17.00
74.8888	14.00
74.9092	8.00
74.9297	13.00
74.9501	11.00
74.9706	13.00
74.9911	9.00
75.0115	20.00
75.032	12.00
75.0525	9.00
75.0729	15.00
75.0934	22.00
75.1139	26.00
75.1343	29.00
75.1548	23.00
75.1752	22.00
75.1957	25.00
75.2162	26.00
75.2366	15.00
75.2571	19.00
75.2776	9.00
75.298	22.00
75.3185	16.00
75.3389	22.00
75.3594	21.00
75.3799	24.00
75.4003	25.00
75.4208	20.00
75.4413	18.00
75.4617	22.00
75.4822	10.00
75.5027	12.00
75.5231	15.00
75.5436	12.00
75.564	11.00
75.5845	17.00
75.605	12.00
75.6254	11.00
75.6459	5.00
75.6664	14.00
75.6868	5.00
75.7073	16.00
75.7277	5.00
75.7482	5.00
75.7687	12.00
75.7891	9.00
75.8096	6.00
75.8301	6.00
75.8505	11.00
75.871	10.00
75.8915	4.00
75.9119	10.00
75.9324	8.00
75.9528	8.00
75.9733	11.00
75.9938	6.00
76.0142	7.00
76.0347	9.00
76.0552	10.00
76.0756	9.00
76.0961	6.00
76.1165	8.00
76.137	3.00
76.1575	10.00
76.1779	3.00
76.1984	8.00
76.2189	12.00
76.2393	9.00
76.2598	12.00
76.2803	4.00
76.3007	7.00
76.3212	8.00
76.3416	8.00
76.3621	11.00
76.3826	2.00
76.403	4.00
76.4235	9.00
76.444	10.00
76.4644	8.00
76.4849	5.00
76.5053	6.00
76.5258	8.00
76.5463	5.00
76.5667	7.00
76.5872	7.00
76.6077	8.00
76.6281	11.00
76.6486	12.00
76.6691	11.00
76.6895	7.00
76.71	7.00
76.7304	4.00
76.7509	5.00
76.7714	7.00
76.7918	6.00
76.8123	5.00
76.8328	10.00
76.8532	7.00
76.8737	7.00
76.8941	3.00
76.9146	7.00
76.9351	5.00
76.9555	5.00
76.976	9.00
76.9965	10.00
77.0169	8.00
77.0374	6.00
77.0579	6.00
77.0783	9.00
77.0988	9.00
77.1192	10.00
77.1397	8.00
77.1602	2.00
77.1806	10.00
77.2011	11.00
77.2216	8.00
77.242	6.00
77.2625	5.00
77.2829	5.00
77.3034	11.00
77.3239	6.00
77.3443	7.00
77.3648	9.00
77.3853	10.00
77.4057	6.00
77.4262	1.00
77.4467	5.00
77.4671	3.00
77.4876	8.00
77.508	9.00
77.5285	3.00
77.549	6.00
77.5694	6.00
77.5899	6.00
77.6104	7.00
77.6308	9.00
77.6513	6.00
77.6717	11.00
77.6922	8.00
77.7127	5.00
77.7331	12.00
77.7536	3.00
77.7741	8.00
77.7945	2.00
77.815	8.00
77.8355	7.00
77.8559	8.00
77.8764	11.00
77.8968	4.00
77.9173	6.00
77.9378	5.00
77.9582	9.00
77.9787	4.00
77.9992	4.00
78.0196	4.00
78.0401	8.00
78.0605	10.00
78.081	4.00
78.1015	9.00
78.1219	7.00
78.1424	10.00
78.1629	3.00
78.1833	7.00
78.2038	7.00
78.2243	6.00
78.2447	5.00
78.2652	5.00
78.2856	9.00
78.3061	5.00
78.3266	6.00
78.347	4.00
78.3675	4.00
78.388	3.00
78.4084	5.00
78.4289	5.00
78.4493	9.00
78.4698	8.00
78.4903	6.00
78.5107	3.00
78.5312	5.00
78.5517	4.00
78.5721	8.00
78.5926	7.00
78.6131	9.00
78.6335	7.00
78.654	9.00
78.6744	6.00
78.6949	6.00
78.7154	9.00
78.7358	5.00
78.7563	8.00
78.7768	10.00
78.7972	5.00
78.8177	10.00
78.8381	9.00
78.8586	7.00
78.8791	11.00
78.8995	7.00
78.92	9.00
78.9405	8.00
78.9609	13.00
78.9814	11.00
79.0019	7.00
79.0223	8.00
79.0428	16.00
79.0632	8.00
79.0837	29.00
79.1042	8.00
79.1246	13.00
79.1451	16.00
79.1656	26.00
79.186	27.00
79.2065	16.00
79.2269	22.00
79.2474	16.00
79.2679	21.00
79.2883	10.00
79.3088	11.00
79.3293	13.00
79.3497	19.00
79.3702	16.00
79.3907	14.00
79.4111	16.00
79.4316	9.00
79.452	6.00
79.4725	15.00
79.493	9.00
79.5134	15.00
79.5339	12.00
79.5544	9.00
79.5748	20.00
79.5953	14.00
79.6157	8.00
79.6362	5.00
79.6567	8.00
79.6771	5.00
79.6976	4.00
79.7181	4.00
79.7385	4.00
79.759	8.00
79.7795	7.00
79.7999	7.00
79.8204	10.00
79.8408	2.00
79.8613	4.00
79.8818	5.00
79.9022	10.00
79.9227	2.00
79.9432	10.00
79.9636	6.00
79.9841	9.00
80.0045	9.00
