COMMANDER Sample ID
Wavelength = 1.54059
10.0001	379.00
10.0206	419.00
10.041	399.00
10.0615	420.00
10.082	406.00
10.1024	422.00
10.1229	354.00
10.1433	385.00
10.1638	377.00
10.1843	357.00
10.2047	356.00
10.2252	393.00
10.2457	360.00
10.2661	345.00
10.2866	412.00
10.3071	370.00
10.3275	432.00
10.348	385.00
10.3684	393.00
10.3889	397.00
10.4094	373.00
10.4298	357.00
10.4503	387.00
10.4708	374.00
10.4912	344.00
10.5117	337.00
10.5321	377.00
10.5526	371.00
10.5731	328.00
10.5935	370.00
10.614	359.00
10.6345	367.00
10.6549	371.00
10.6754	364.00
10.6959	314.00
10.7163	359.00
10.7368	366.00
10.7572	361.00
10.7777	364.00
10.7982	330.00
10.8186	319.00
10.8391	345.00
10.8596	309.00
10.88	358.00
10.9005	376.00
10.9209	356.00
10.9414	348.00
10.9619	355.00
10.9823	313.00
11.0028	358.00
11.0233	337.00
11.0437	326.00
11.0642	346.00
11.0847	328.00
11.1051	308.00
11.1256	302.00
11.146	305.00
11.1665	279.00
11.187	325.00
11.2074	332.00
11.2279	330.00
11.2484	352.00
11.2688	324.00
11.2893	327.00
11.3097	307.00
11.3302	306.00
11.3507	298.00
11.3711	321.00
11.3916	317.00
11.4121	324.00
11.4325	331.00
11.453	323.00
11.4735	262.00
11.4939	307.00
11.5144	333.00
11.5348	297.00
11.5553	305.00
11.5758	330.00
11.5962	315.00
11.6167	293.00
11.6372	307.00
11.6576	323.00
11.6781	326.00
11.6985	326.00
11.719	284.00
11.7395	295.00
11.7599	310.00
11.7804	253.00
11.8009	282.00
11.8213	299.00
11.8418	300.00
11.8623	290.00
11.8827	310.00
11.9032	278.00
11.9236	309.00
11.9441	307.00
11.9646	284.00
11.985	276.00
12.0055	257.00
12.026	277.00
12.0464	271.00
12.0669	283.00
12.0873	286.00
12.1078	271.00
12.1283	292.00
12.1487	312.00
12.1692	308.00
12.1897	293.00
12.2101	325.00
12.2306	278.00
12.2511	290.00
12.2715	303.00
12.292	287.00
12.3124	269.00
12.3329	289.00
12.3534	295.00
12.3738	279.00
12.3943	269.00
12.4148	279.00
12.4352	268.00
12.4557	251.00
12.4761	286.00
12.4966	287.00
12.5171	283.00
12.5375	278.00
12.558	275.00
12.5785	315.00
12.5989	274.00
12.6194	264.00
12.6399	273.00
12.6603	274.00
12.6808	276.00
12.7012	275.00
12.7217	234.00
12.7422	257.00
12.7626	254.00
12.7831	242.00
12.8036	274.00
12.824	277.00
12.8445	276.00
12.8649	260.00
12.8854	285.00
12.9059	257.00
12.9263	281.00
12.9468	274.00
12.9673	278.00
12.9877	273.00
13.0082	257.00
13.0287	303.00
13.0491	260.00
13.0696	268.00
13.09	248.00
13.1105	270.00
13.131	264.00
13.1514	277.00
13.1719	272.00
13.1924	238.00
13.2128	258.00
13.2333	241.00
13.2537	273.00
13.2742	266.00
13.2947	250.00
13.3151	292.00
13.3356	250.00
13.3561	269.00
13.3765	264.00
13.397	285.00
13.4175	250.00
13.4379	248.00
13.4584	268.00
13.4788	250.00
13.4993	258.00
13.5198	296.00
13.5402	261.00
13.5607	257.00
13.5812	232.00
13.6016	240.00
13.6221	269.00
13.6425	254.00
13.663	266.00
13.6835	266.00
13.7039	265.00
13.7244	271.00
13.7449	257.00
13.7653	275.00
13.7858	248.00
13.8063	248.00
13.8267	268.00
13.8472	240.00
13.8676	270.00
13.8881	254.00
13.9086	240.00
13.929	264.00
13.9495	238.00
13.97	220.00
13.9904	236.00
14.0109	231.00
14.0313	227.00
14.0518	232.00
14.0723	237.00
14.0927	230.00
14.1132	240.00
14.1337	221.00
14.1541	243.00
14.1746	244.00
14.1951	225.00
14.2155	223.00
14.236	262.00
14.2564	238.00
14.2769	232.00
14.2974	218.00
14.3178	240.00
14.3383	221.00
14.3588	222.00
14.3792	223.00
14.3997	215.00
14.4201	198.00
14.4406	244.00
14.4611	212.00
14.4815	198.00
14.502	180.00
14.5225	219.00
14.5429	238.00
14.5634	209.00
14.5839	212.00
14.6043	195.00
14.6248	178.00
14.6452	231.00
14.6657	203.00
14.6862	209.00
14.7066	214.00
14.7271	198.00
14.7476	212.00
14.768	209.00
14.7885	208.00
14.8089	211.00
14.8294	202.00
14.8499	187.00
14.8703	191.00
14.8908	194.00
14.9113	185.00
14.9317	199.00
14.9522	183.00
14.9727	191.00
14.9931	204.00
15.0136	190.00
15.034	203.00
15.0545	167.00
15.075	187.00
15.0954	187.00
15.1159	218.00
15.1364	207.00
15.1568	181.00
15.1773	194.00
15.1977	215.00
15.2182	196.00
15.2387	173.00
15.2591	165.00
15.2796	177.00
15.3001	187.00
15.3205	202.00
15.341	206.00
15.3615	199.00
15.3819	197.00
15.4024	171.00
15.4228	190.00
15.4433	179.00
15.4638	168.00
15.4842	196.00
15.5047	166.00
15.5252	185.00
15.5456	220.00
15.5661	172.00
15.5865	184.00
15.607	164.00
15.6275	150.00
15.6479	194.00
15.6684	149.00
15.6889	188.00
15.7093	174.00
15.7298	201.00
15.7503	158.00
15.7707	199.00
15.7912	153.00
15.8116	159.00
15.8321	173.00
15.8526	157.00
15.873	167.00
15.8935	195.00
15.914	159.00
15.9344	170.00
15.9549	188.00
15.9753	158.00
15.9958	172.00
16.0163	174.00
16.0367	149.00
16.0572	166.00
16.0777	165.00
16.0981	174.00
16.1186	167.00
16.1391	165.00
16.1595	153.00
16.18	177.00
16.2004	150.00
16.2209	159.00
16.2414	186.00
16.2618	181.00
16.2823	184.00
16.3028	169.00
16.3232	145.00
16.3437	159.00
16.3641	149.00
16.3846	157.00
16.4051	172.00
16.4255	185.00
16.446	155.00
16.4665	159.00
16.4869	156.00
16.5074	170.00
16.5279	152.00
16.5483	184.00
16.5688	166.00
16.5892	161.00
16.6097	166.00
16.6302	165.00
16.6506	175.00
16.6711	152.00
16.6916	174.00
16.712	186.00
16.7325	180.00
16.7529	159.00
16.7734	160.00
16.7939	157.00
16.8143	150.00
16.8348	152.00
16.8553	163.00
16.8757	142.00
16.8962	171.00
16.9167	160.00
16.9371	161.00
16.9576	158.00
16.978	166.00
16.9985	148.00
17.019	155.00
17.0394	161.00
17.0599	156.00
17.0804	150.00
17.1008	189.00
17.1213	161.00
17.1417	155.00
17.1622	180.00
17.1827	153.00
17.2031	135.00
17.2236	173.00
17.2441	169.00
17.2645	171.00
17.285	164.00
17.3055	156.00
17.3259	142.00
17.3464	155.00
17.3668	165.00
17.3873	182.00
17.4078	154.00
17.4282	159.00
17.4487	146.00
17.4692	165.00
17.4896	164.00
17.5101	167.00
17.5305	167.00
17.551	153.00
17.5715	159.00
17.5919	145.00
17.6124	166.00
17.6329	158.00
17.6533	141.00
17.6738	172.00
17.6943	147.00
17.7147	142.00
17.7352	151.00
17.7556	176.00
17.7761	152.00
17.7966	168.00
17.817	153.00
17.8375	162.00
17.858	147.00
17.8784	139.00
17.8989	156.00
17.9193	159.00
17.9398	131.00
17.9603	157.00
17.9807	155.00
18.0012	170.00
18.0217	167.00
18.0421	166.00
18.0626	153.00
18.0831	146.00
18.1035	144.00
18.124	137.00
18.1444	147.00
18.1649	147.00
18.1854	149.00
18.2058	130.00
18.2263	154.00
18.2468	140.00
18.2672	142.00
18.2877	164.00
18.3081	141.00
18.3286	149.00
18.3491	172.00
18.3695	158.00
18.39	145.00
18.4105	155.00
18.4309	149.00
18.4514	167.00
18.4719	131.00
18.4923	136.00
18.5128	138.00
18.5332	124.00
18.5537	154.00
18.5742	166.00
18.5946	157.00
18.6151	146.00
18.6356	161.00
18.656	182.00
18.6765	192.00
18.6969	205.00
18.7174	202.00
18.7379	151.00
18.7583	196.00
18.7788	160.00
18.7993	149.00
18.8197	165.00
18.8402	150.00
18.8606	140.00
18.8811	123.00
18.9016	156.00
18.922	166.00
18.9425	155.00
18.963	137.00
18.9834	151.00
19.0039	115.00
19.0244	127.00
19.0448	114.00
19.0653	115.00
19.0857	117.00
19.1062	129.00
19.1267	145.00
19.1471	144.00
19.1676	131.00
19.1881	138.00
19.2085	113.00
19.229	122.00
19.2494	112.00
19.2699	140.00
19.2904	117.00
19.3108	137.00
19.3313	131.00
19.3518	121.00
19.3722	127.00
19.3927	118.00
19.4132	122.00
19.4336	143.00
19.4541	128.00
19.4745	135.00
19.495	106.00
19.5155	146.00
19.5359	117.00
19.5564	114.00
19.5769	114.00
19.5973	120.00
19.6178	114.00
19.6382	120.00
19.6587	130.00
19.6792	124.00
19.6996	97.00
19.7201	166.00
19.7406	125.00
19.761	149.00
19.7815	125.00
19.802	113.00
19.8224	122.00
19.8429	108.00
19.8633	137.00
19.8838	122.00
19.9043	122.00
19.9247	125.00
19.9452	123.00
19.9657	126.00
19.9861	135.00
20.0066	113.00
20.027	103.00
20.0475	114.00
20.068	115.00
20.0884	125.00
20.1089	128.00
20.1294	127.00
20.1498	125.00
20.1703	135.00
20.1908	111.00
20.2112	108.00
20.2317	120.00
20.2521	102.00
20.2726	117.00
20.2931	120.00
20.3135	115.00
20.334	129.00
20.3545	127.00
20.3749	105.00
20.3954	117.00
20.4158	138.00
20.4363	110.00
20.4568	125.00
20.4772	101.00
20.4977	100.00
20.5182	107.00
20.5386	113.00
20.5591	106.00
20.5796	109.00
20.6	113.00
20.6205	129.00
20.6409	102.00
20.6614	105.00
20.6819	118.00
20.7023	114.00
20.7228	113.00
20.7433	96.00
20.7637	98.00
20.7842	117.00
20.8046	90.00
20.8251	117.00
20.8456	106.00
20.866	111.00
20.8865	100.00
20.907	104.00
20.9274	113.00
20.9479	115.00
20.9684	106.00
20.9888	94.00
21.0093	94.00
21.0297	113.00
21.0502	116.00
21.0707	103.00
21.0911	93.00
21.1116	101.00
21.1321	93.00
21.1525	93.00
21.173	102.00
21.1934	90.00
21.2139	113.00
21.2344	102.00
21.2548	102.00
21.2753	109.00
21.2958	102.00
21.3162	96.00
21.3367	114.00
21.3572	104.00
21.3776	99.00
21.3981	93.00
21.4185	91.00
21.439	104.00
21.4595	107.00
21.4799	119.00
21.5004	96.00
21.5209	110.00
21.5413	109.00
21.5618	127.00
21.5822	88.00
21.6027	103.00
21.6232	100.00
21.6436	113.00
21.6641	108.00
21.6846	102.00
21.705	113.00
21.7255	105.00
21.746	114.00
21.7664	100.00
21.7869	74.00
21.8073	98.00
21.8278	91.00
21.8483	86.00
21.8687	112.00
21.8892	94.00
21.9097	115.00
21.9301	93.00
21.9506	99.00
21.971	84.00
21.9915	100.00
22.012	88.00
22.0324	84.00
22.0529	92.00
22.0734	86.00
22.0938	109.00
22.1143	101.00
22.1348	97.00
22.1552	100.00
22.1757	92.00
22.1961	89.00
22.2166	82.00
22.2371	92.00
22.2575	90.00
22.278	83.00
22.2985	101.00
22.3189	100.00
22.3394	87.00
22.3598	92.00
22.3803	111.00
22.4008	84.00
22.4212	104.00
22.4417	96.00
22.4622	75.00
22.4826	93.00
22.5031	79.00
22.5236	89.00
22.544	93.00
22.5645	89.00
22.5849	74.00
22.6054	96.00
22.6259	90.00
22.6463	93.00
22.6668	83.00
22.6873	100.00
22.7077	77.00
22.7282	100.00
22.7486	102.00
22.7691	76.00
22.7896	105.00
22.81	100.00
22.8305	93.00
22.851	81.00
22.8714	83.00
22.8919	83.00
22.9124	86.00
22.9328	105.00
22.9533	113.00
22.9737	91.00
22.9942	86.00
23.0147	95.00
23.0351	74.00
23.0556	82.00
23.0761	86.00
23.0965	93.00
23.117	86.00
23.1374	98.00
23.1579	97.00
23.1784	78.00
23.1988	92.00
23.2193	79.00
23.2398	97.00
23.2602	83.00
23.2807	95.00
23.3012	79.00
23.3216	78.00
23.3421	88.00
23.3625	76.00
23.383	91.00
23.4035	80.00
23.4239	93.00
23.4444	72.00
23.4649	62.00
23.4853	68.00
23.5058	90.00
23.5262	71.00
23.5467	86.00
23.5672	88.00
23.5876	76.00
23.6081	83.00
23.6286	85.00
23.649	81.00
23.6695	87.00
23.69	83.00
23.7104	76.00
23.7309	76.00
23.7513	85.00
23.7718	90.00
23.7923	63.00
23.8127	79.00
23.8332	82.00
23.8537	86.00
23.8741	74.00
23.8946	69.00
23.915	78.00
23.9355	89.00
23.956	85.00
23.9764	70.00
23.9969	79.00
24.0174	75.00
24.0378	82.00
24.0583	74.00
24.0788	74.00
24.0992	76.00
24.1197	77.00
24.1401	84.00
24.1606	86.00
24.1811	80.00
24.2015	65.00
24.222	69.00
24.2425	68.00
24.2629	80.00
24.2834	92.00
24.3038	72.00
24.3243	80.00
24.3448	71.00
24.3652	70.00
24.3857	74.00
24.4062	81.00
24.4266	68.00
24.4471	72.00
24.4676	67.00
24.488	60.00
24.5085	93.00
24.5289	74.00
24.5494	80.00
24.5699	72.00
24.5903	70.00
24.6108	77.00
24.6313	78.00
24.6517	70.00
24.6722	69.00
24.6926	68.00
24.7131	66.00
24.7336	66.00
24.754	63.00
24.7745	91.00
24.795	82.00
24.8154	79.00
24.8359	62.00
24.8564	75.00
24.8768	67.00
24.8973	70.00
24.9177	71.00
24.9382	69.00
24.9587	79.00
24.9791	73.00
24.9996	78.00
25.0201	71.00
25.0405	67.00
25.061	70.00
25.0814	80.00
25.1019	70.00
25.1224	67.00
25.1428	64.00
25.1633	69.00
25.1838	66.00
25.2042	66.00
25.2247	62.00
25.2452	74.00
25.2656	69.00
25.2861	75.00
25.3065	58.00
25.327	75.00
25.3475	65.00
25.3679	75.00
25.3884	70.00
25.4089	59.00
25.4293	80.00
25.4498	82.00
25.4702	49.00
25.4907	64.00
25.5112	66.00
25.5316	63.00
25.5521	67.00
25.5726	74.00
25.593	65.00
25.6135	58.00
25.634	66.00
25.6544	72.00
25.6749	60.00
25.6953	70.00
25.7158	60.00
25.7363	65.00
25.7567	63.00
25.7772	58.00
25.7977	66.00
25.8181	69.00
25.8386	71.00
25.859	62.00
25.8795	64.00
25.9	73.00
25.9204	65.00
25.9409	66.00
25.9614	66.00
25.9818	55.00
26.0023	55.00
26.0228	77.00
26.0432	62.00
26.0637	46.00
26.0841	60.00
26.1046	55.00
26.1251	62.00
26.1455	72.00
26.166	55.00
26.1865	64.00
26.2069	68.00
26.2274	43.00
26.2478	47.00
26.2683	70.00
26.2888	51.00
26.3092	56.00
26.3297	51.00
26.3502	70.00
26.3706	59.00
26.3911	61.00
26.4116	72.00
26.432	61.00
26.4525	66.00
26.4729	79.00
26.4934	65.00
26.5139	62.00
26.5343	54.00
26.5548	55.00
26.5753	59.00
26.5957	51.00
26.6162	65.00
26.6366	61.00
26.6571	42.00
26.6776	55.00
26.698	55.00
26.7185	69.00
26.739	57.00
26.7594	60.00
26.7799	63.00
26.8004	62.00
26.8208	60.00
26.8413	62.00
26.8617	64.00
26.8822	66.00
26.9027	71.00
26.9231	70.00
26.9436	62.00
26.9641	63.00
26.9845	61.00
27.005	53.00
27.0254	51.00
27.0459	44.00
27.0664	52.00
27.0868	63.00
27.1073	61.00
27.1278	47.00
27.1482	51.00
27.1687	44.00
27.1892	43.00
27.2096	58.00
27.2301	54.00
27.2505	47.00
27.271	44.00
27.2915	64.00
27.3119	54.00
27.3324	46.00
27.3529	60.00
27.3733	34.00
27.3938	41.00
27.4142	60.00
27.4347	47.00
27.4552	65.00
27.4756	51.00
27.4961	45.00
27.5166	49.00
27.537	49.00
27.5575	51.00
27.578	44.00
27.5984	55.00
27.6189	43.00
27.6393	56.00
27.6598	37.00
27.6803	42.00
27.7007	49.00
27.7212	49.00
27.7417	57.00
27.7621	50.00
27.7826	41.00
27.803	47.00
27.8235	60.00
27.844	44.00
27.8644	39.00
27.8849	53.00
27.9054	47.00
27.9258	48.00
27.9463	48.00
27.9668	47.00
27.9872	43.00
28.0077	40.00
28.0281	53.00
28.0486	42.00
28.0691	38.00
28.0895	37.00
28.11	34.00
28.1305	43.00
28.1509	42.00
28.1714	50.00
28.1918	59.00
28.2123	44.00
28.2328	46.00
28.2532	41.00
28.2737	37.00
28.2942	47.00
28.3146	43.00
28.3351	56.00
28.3556	37.00
28.376	37.00
28.3965	43.00
28.4169	46.00
28.4374	41.00
28.4579	38.00
28.4783	33.00
28.4988	49.00
28.5193	38.00
28.5397	43.00
28.5602	43.00
28.5806	43.00
28.6011	42.00
28.6216	39.00
28.642	37.00
28.6625	40.00
28.683	47.00
28.7034	35.00
28.7239	35.00
28.7444	44.00
28.7648	37.00
28.7853	34.00
28.8057	39.00
28.8262	49.00
28.8467	38.00
28.8671	36.00
28.8876	36.00
28.9081	62.00
28.9285	42.00
28.949	41.00
28.9694	50.00
28.9899	43.00
29.0104	31.00
29.0308	27.00
29.0513	41.00
29.0718	40.00
29.0922	31.00
29.1127	40.00
29.1332	40.00
29.1536	48.00
29.1741	40.00
29.1945	58.00
29.215	42.00
29.2355	30.00
29.2559	39.00
29.2764	25.00
29.2969	48.00
29.3173	46.00
29.3378	55.00
29.3582	30.00
29.3787	30.00
29.3992	40.00
29.4196	31.00
29.4401	35.00
29.4606	33.00
29.481	47.00
29.5015	25.00
29.522	27.00
29.5424	42.00
29.5629	44.00
29.5833	37.00
29.6038	43.00
29.6243	37.00
29.6447	35.00
29.6652	35.00
29.6857	47.00
29.7061	46.00
29.7266	43.00
29.747	38.00
29.7675	30.00
29.788	27.00
29.8084	30.00
29.8289	36.00
29.8494	34.00
29.8698	49.00
29.8903	39.00
29.9108	28.00
29.9312	36.00
29.9517	38.00
29.9721	34.00
29.9926	46.00
30.0131	44.00
30.0335	30.00
30.054	42.00
30.0745	43.00
30.0949	33.00
30.1154	46.00
30.1358	38.00
30.1563	41.00
30.1768	44.00
30.1972	51.00
30.2177	32.00
30.2382	45.00
30.2586	41.00
30.2791	28.00
30.2996	60.00
30.32	52.00
30.3405	49.00
30.3609	82.00
30.3814	73.00
30.4019	78.00
30.4223	105.00
30.4428	154.00
30.4633	191.00
30.4837	260.00
30.5042	351.00
30.5246	371.00
30.5451	326.00
30.5656	314.00
30.586	293.00
30.6065	236.00
30.627	198.00
30.6474	168.00
30.6679	146.00
30.6884	106.00
30.7088	102.00
30.7293	77.00
30.7497	78.00
30.7702	72.00
30.7907	70.00
30.8111	61.00
30.8316	55.00
30.8521	39.00
30.8725	37.00
30.893	46.00
30.9134	55.00
30.9339	52.00
30.9544	40.00
30.9748	50.00
30.9953	54.00
31.0158	50.00
31.0362	37.00
31.0567	40.00
31.0772	33.00
31.0976	45.00
31.1181	25.00
31.1385	37.00
31.159	49.00
31.1795	29.00
31.1999	43.00
31.2204	32.00
31.2409	41.00
31.2613	39.00
31.2818	30.00
31.3022	35.00
31.3227	25.00
31.3432	28.00
31.3636	30.00
31.3841	44.00
31.4046	34.00
31.425	40.00
31.4455	30.00
31.466	36.00
31.4864	48.00
31.5069	28.00
31.5273	33.00
31.5478	31.00
31.5683	30.00
31.5887	34.00
31.6092	38.00
31.6297	30.00
31.6501	30.00
31.6706	27.00
31.691	28.00
31.7115	37.00
31.732	38.00
31.7524	24.00
31.7729	25.00
31.7934	33.00
31.8138	35.00
31.8343	35.00
31.8548	36.00
31.8752	17.00
31.8957	27.00
31.9161	28.00
31.9366	46.00
31.9571	23.00
31.9775	32.00
31.998	36.00
32.0185	31.00
32.0389	27.00
32.0594	31.00
32.0798	22.00
32.1003	36.00
32.1208	28.00
32.1412	25.00
32.1617	33.00
32.1822	42.00
32.2026	50.00
32.2231	28.00
32.2436	30.00
32.264	33.00
32.2845	34.00
32.3049	32.00
32.3254	39.00
32.3459	29.00
32.3663	35.00
32.3868	33.00
32.4073	34.00
32.4277	23.00
32.4482	29.00
32.4686	31.00
32.4891	30.00
32.5096	35.00
32.53	36.00
32.5505	30.00
32.571	20.00
32.5914	36.00
32.6119	25.00
32.6324	34.00
32.6528	28.00
32.6733	22.00
32.6937	27.00
32.7142	38.00
32.7347	32.00
32.7551	26.00
32.7756	28.00
32.7961	25.00
32.8165	44.00
32.837	23.00
32.8574	35.00
32.8779	33.00
32.8984	42.00
32.9188	27.00
32.9393	23.00
32.9598	31.00
32.9802	37.00
33.0007	35.00
33.0212	33.00
33.0416	26.00
33.0621	21.00
33.0825	23.00
33.103	25.00
33.1235	30.00
33.1439	35.00
33.1644	29.00
33.1849	30.00
33.2053	35.00
33.2258	30.00
33.2462	27.00
33.2667	37.00
33.2872	27.00
33.3076	26.00
33.3281	34.00
33.3486	27.00
33.369	42.00
33.3895	32.00
33.41	34.00
33.4304	36.00
33.4509	44.00
33.4713	46.00
33.4918	39.00
33.5123	57.00
33.5327	44.00
33.5532	64.00
33.5737	49.00
33.5941	55.00
33.6146	55.00
33.635	38.00
33.6555	40.00
33.676	27.00
33.6964	39.00
33.7169	45.00
33.7374	33.00
33.7578	37.00
33.7783	34.00
33.7988	35.00
33.8192	29.00
33.8397	35.00
33.8601	40.00
33.8806	34.00
33.9011	36.00
33.9215	41.00
33.942	36.00
33.9625	26.00
33.9829	31.00
34.0034	30.00
34.0238	21.00
34.0443	20.00
34.0648	33.00
34.0852	29.00
34.1057	30.00
34.1262	29.00
34.1466	23.00
34.1671	26.00
34.1876	26.00
34.208	36.00
34.2285	28.00
34.2489	33.00
34.2694	25.00
34.2899	29.00
34.3103	25.00
34.3308	19.00
34.3513	37.00
34.3717	33.00
34.3922	27.00
34.4126	17.00
34.4331	28.00
34.4536	27.00
34.474	32.00
34.4945	32.00
34.515	38.00
34.5354	34.00
34.5559	29.00
34.5764	30.00
34.5968	37.00
34.6173	20.00
34.6377	39.00
34.6582	45.00
34.6787	30.00
34.6991	29.00
34.7196	24.00
34.7401	36.00
34.7605	40.00
34.781	25.00
34.8014	38.00
34.8219	21.00
34.8424	32.00
34.8628	25.00
34.8833	32.00
34.9038	33.00
34.9242	25.00
34.9447	29.00
34.9652	31.00
34.9856	40.00
35.0061	39.00
35.0265	39.00
35.047	25.00
35.0675	31.00
35.0879	46.00
35.1084	38.00
35.1289	34.00
35.1493	46.00
35.1698	27.00
35.1902	41.00
35.2107	39.00
35.2312	37.00
35.2516	44.00
35.2721	32.00
35.2926	42.00
35.313	48.00
35.3335	29.00
35.354	35.00
35.3744	45.00
35.3949	46.00
35.4153	40.00
35.4358	47.00
35.4563	43.00
35.4767	33.00
35.4972	50.00
35.5177	53.00
35.5381	51.00
35.5586	62.00
35.579	57.00
35.5995	76.00
35.62	64.00
35.6404	84.00
35.6609	91.00
35.6814	97.00
35.7018	123.00
35.7223	133.00
35.7428	166.00
35.7632	243.00
35.7837	308.00
35.8041	511.00
35.8246	684.00
35.8451	917.00
35.8655	1079.00
35.886	991.00
35.9065	922.00
35.9269	863.00
35.9474	859.00
35.9678	741.00
35.9883	652.00
36.0088	519.00
36.0292	422.00
36.0497	345.00
36.0702	286.00
36.0906	222.00
36.1111	208.00
36.1316	168.00
36.152	146.00
36.1725	140.00
36.1929	123.00
36.2134	100.00
36.2339	90.00
36.2543	91.00
36.2748	94.00
36.2953	84.00
36.3157	75.00
36.3362	58.00
36.3566	70.00
36.3771	54.00
36.3976	53.00
36.418	64.00
36.4385	63.00
36.459	63.00
36.4794	67.00
36.4999	57.00
36.5203	52.00
36.5408	68.00
36.5613	56.00
36.5817	58.00
36.6022	56.00
36.6227	54.00
36.6431	51.00
36.6636	47.00
36.6841	39.00
36.7045	42.00
36.725	56.00
36.7454	47.00
36.7659	41.00
36.7864	46.00
36.8068	31.00
36.8273	42.00
36.8478	39.00
36.8682	48.00
36.8887	29.00
36.9091	33.00
36.9296	37.00
36.9501	36.00
36.9705	38.00
36.991	35.00
37.0115	31.00
37.0319	41.00
37.0524	40.00
37.0729	35.00
37.0933	31.00
37.1138	41.00
37.1342	27.00
37.1547	28.00
37.1752	39.00
37.1956	34.00
37.2161	28.00
37.2366	36.00
37.257	35.00
37.2775	30.00
37.2979	30.00
37.3184	35.00
37.3389	27.00
37.3593	28.00
37.3798	30.00
37.4003	38.00
37.4207	49.00
37.4412	50.00
37.4617	77.00
37.4821	75.00
37.5026	89.00
37.523	67.00
37.5435	72.00
37.564	73.00
37.5844	66.00
37.6049	56.00
37.6254	54.00
37.6458	42.00
37.6663	57.00
37.6867	28.00
37.7072	31.00
37.7277	39.00
37.7481	30.00
37.7686	34.00
37.7891	33.00
37.8095	23.00
37.83	29.00
37.8505	24.00
37.8709	31.00
37.8914	26.00
37.9118	23.00
37.9323	29.00
37.9528	28.00
37.9732	18.00
37.9937	22.00
38.0142	34.00
38.0346	24.00
38.0551	19.00
38.0755	21.00
38.096	30.00
38.1165	17.00
38.1369	29.00
38.1574	19.00
38.1779	16.00
38.1983	18.00
38.2188	16.00
38.2393	24.00
38.2597	18.00
38.2802	24.00
38.3006	25.00
38.3211	19.00
38.3416	17.00
38.362	21.00
38.3825	23.00
38.403	20.00
38.4234	15.00
38.4439	20.00
38.4643	16.00
38.4848	25.00
38.5053	17.00
38.5257	19.00
38.5462	22.00
38.5667	21.00
38.5871	18.00
38.6076	13.00
38.6281	16.00
38.6485	21.00
38.669	20.00
38.6894	20.00
38.7099	22.00
38.7304	12.00
38.7508	20.00
38.7713	18.00
38.7918	10.00
38.8122	30.00
38.8327	27.00
38.8531	17.00
38.8736	21.00
38.8941	19.00
38.9145	19.00
38.935	17.00
38.9555	11.00
38.9759	22.00
38.9964	15.00
39.0169	27.00
39.0373	16.00
39.0578	12.00
39.0782	15.00
39.0987	25.00
39.1192	23.00
39.1396	21.00
39.1601	17.00
39.1806	16.00
39.201	22.00
39.2215	23.00
39.2419	12.00
39.2624	17.00
39.2829	13.00
39.3033	25.00
39.3238	24.00
39.3443	17.00
39.3647	20.00
39.3852	27.00
39.4057	16.00
39.4261	24.00
39.4466	24.00
39.467	13.00
39.4875	18.00
39.508	22.00
39.5284	13.00
39.5489	14.00
39.5694	15.00
39.5898	16.00
39.6103	18.00
39.6307	19.00
39.6512	7.00
39.6717	20.00
39.6921	16.00
39.7126	11.00
39.7331	13.00
39.7535	14.00
39.774	20.00
39.7945	16.00
39.8149	14.00
39.8354	31.00
39.8558	18.00
39.8763	22.00
39.8968	19.00
39.9172	22.00
39.9377	21.00
39.9582	21.00
39.9786	14.00
39.9991	23.00
40.0195	11.00
40.04	12.00
40.0605	16.00
40.0809	20.00
40.1014	11.00
40.1219	15.00
40.1423	14.00
40.1628	18.00
40.1833	17.00
40.2037	18.00
40.2242	15.00
40.2446	14.00
40.2651	18.00
40.2856	15.00
40.306	20.00
40.3265	12.00
40.347	16.00
40.3674	17.00
40.3879	18.00
40.4083	19.00
40.4288	17.00
40.4493	24.00
40.4697	18.00
40.4902	14.00
40.5107	21.00
40.5311	14.00
40.5516	13.00
40.5721	17.00
40.5925	15.00
40.613	11.00
40.6334	15.00
40.6539	14.00
40.6744	18.00
40.6948	13.00
40.7153	15.00
40.7358	13.00
40.7562	15.00
40.7767	15.00
40.7971	13.00
40.8176	25.00
40.8381	15.00
40.8585	24.00
40.879	16.00
40.8995	16.00
40.9199	20.00
40.9404	25.00
40.9609	11.00
40.9813	13.00
41.0018	18.00
41.0222	21.00
41.0427	16.00
41.0632	20.00
41.0836	18.00
41.1041	18.00
41.1246	20.00
41.145	17.00
41.1655	24.00
41.1859	19.00
41.2064	19.00
41.2269	24.00
41.2473	22.00
41.2678	32.00
41.2883	28.00
41.3087	27.00
41.3292	25.00
41.3497	20.00
41.3701	14.00
41.3906	22.00
41.411	21.00
41.4315	19.00
41.452	23.00
41.4724	24.00
41.4929	16.00
41.5134	14.00
41.5338	21.00
41.5543	21.00
41.5747	16.00
41.5952	12.00
41.6157	26.00
41.6361	19.00
41.6566	12.00
41.6771	18.00
41.6975	23.00
41.718	16.00
41.7385	18.00
41.7589	15.00
41.7794	20.00
41.7998	24.00
41.8203	22.00
41.8408	11.00
41.8612	21.00
41.8817	14.00
41.9022	24.00
41.9226	26.00
41.9431	27.00
41.9635	39.00
41.984	27.00
42.0045	30.00
42.0249	30.00
42.0454	40.00
42.0659	43.00
42.0863	45.00
42.1068	46.00
42.1273	46.00
42.1477	44.00
42.1682	64.00
42.1886	46.00
42.2091	42.00
42.2296	60.00
42.25	54.00
42.2705	61.00
42.291	58.00
42.3114	53.00
42.3319	48.00
42.3523	62.00
42.3728	60.00
42.3933	47.00
42.4137	47.00
42.4342	53.00
42.4547	45.00
42.4751	49.00
42.4956	50.00
42.5161	43.00
42.5365	47.00
42.557	40.00
42.5774	46.00
42.5979	33.00
42.6184	34.00
42.6388	47.00
42.6593	37.00
42.6798	24.00
42.7002	45.00
42.7207	24.00
42.7411	32.00
42.7616	25.00
42.7821	28.00
42.8025	25.00
42.823	34.00
42.8435	28.00
42.8639	22.00
42.8844	23.00
42.9049	17.00
42.9253	27.00
42.9458	23.00
42.9662	30.00
42.9867	24.00
43.0072	18.00
43.0276	17.00
43.0481	21.00
43.0686	15.00
43.089	22.00
43.1095	17.00
43.1299	23.00
43.1504	33.00
43.1709	32.00
43.1913	31.00
43.2118	19.00
43.2323	29.00
43.2527	35.00
43.2732	34.00
43.2937	36.00
43.3141	34.00
43.3346	46.00
43.355	63.00
43.3755	47.00
43.396	66.00
43.4164	95.00
43.4369	123.00
43.4574	164.00
43.4778	190.00
43.4983	217.00
43.5187	221.00
43.5392	202.00
43.5597	176.00
43.5801	181.00
43.6006	169.00
43.6211	148.00
43.6415	129.00
43.662	107.00
43.6825	90.00
43.7029	79.00
43.7234	66.00
43.7438	55.00
43.7643	42.00
43.7848	54.00
43.8052	40.00
43.8257	31.00
43.8462	29.00
43.8666	28.00
43.8871	26.00
43.9075	25.00
43.928	22.00
43.9485	21.00
43.9689	23.00
43.9894	26.00
44.0099	25.00
44.0303	15.00
44.0508	22.00
44.0713	18.00
44.0917	20.00
44.1122	15.00
44.1326	11.00
44.1531	14.00
44.1736	19.00
44.194	19.00
44.2145	12.00
44.235	16.00
44.2554	10.00
44.2759	14.00
44.2963	16.00
44.3168	15.00
44.3373	7.00
44.3577	14.00
44.3782	17.00
44.3987	17.00
44.4191	10.00
44.4396	10.00
44.4601	25.00
44.4805	17.00
44.501	16.00
44.5214	12.00
44.5419	15.00
44.5624	8.00
44.5828	20.00
44.6033	8.00
44.6238	14.00
44.6442	13.00
44.6647	15.00
44.6851	8.00
44.7056	13.00
44.7261	11.00
44.7465	17.00
44.767	18.00
44.7875	9.00
44.8079	11.00
44.8284	16.00
44.8489	9.00
44.8693	10.00
44.8898	13.00
44.9102	10.00
44.9307	9.00
44.9512	12.00
44.9716	13.00
44.9921	12.00
45.0126	11.00
45.033	7.00
45.0535	14.00
45.0739	15.00
45.0944	12.00
45.1149	20.00
45.1353	15.00
45.1558	14.00
45.1763	14.00
45.1967	18.00
45.2172	16.00
45.2377	11.00
45.2581	17.00
45.2786	8.00
45.299	12.00
45.3195	20.00
45.34	9.00
45.3604	6.00
45.3809	12.00
45.4014	10.00
45.4218	16.00
45.4423	8.00
45.4627	9.00
45.4832	13.00
45.5037	18.00
45.5241	7.00
45.5446	17.00
45.5651	6.00
45.5855	17.00
45.606	4.00
45.6265	16.00
45.6469	9.00
45.6674	9.00
45.6878	15.00
45.7083	11.00
45.7288	18.00
45.7492	13.00
45.7697	6.00
45.7902	9.00
45.8106	14.00
45.8311	14.00
45.8515	9.00
45.872	8.00
45.8925	7.00
45.9129	15.00
45.9334	10.00
45.9539	15.00
45.9743	15.00
45.9948	8.00
46.0153	7.00
46.0357	11.00
46.0562	10.00
46.0766	17.00
46.0971	12.00
46.1176	11.00
46.138	12.00
46.1585	15.00
46.179	11.00
46.1994	11.00
46.2199	12.00
46.2403	18.00
46.2608	10.00
46.2813	6.00
46.3017	17.00
46.3222	8.00
46.3427	14.00
46.3631	10.00
46.3836	13.00
46.4041	11.00
46.4245	11.00
46.445	13.00
46.4654	15.00
46.4859	8.00
46.5064	8.00
46.5268	16.00
46.5473	11.00
46.5678	16.00
46.5882	9.00
46.6087	12.00
46.6291	16.00
46.6496	12.00
46.6701	12.00
46.6905	10.00
46.711	8.00
46.7315	14.00
46.7519	14.00
46.7724	11.00
46.7929	14.00
46.8133	8.00
46.8338	11.00
46.8542	13.00
46.8747	12.00
46.8952	12.00
46.9156	5.00
46.9361	8.00
46.9566	9.00
46.977	9.00
46.9975	11.00
47.0179	10.00
47.0384	9.00
47.0589	12.00
47.0793	14.00
47.0998	15.00
47.1203	16.00
47.1407	11.00
47.1612	14.00
47.1817	16.00
47.2021	11.00
47.2226	17.00
47.243	16.00
47.2635	17.00
47.284	10.00
47.3044	12.00
47.3249	11.00
47.3454	12.00
47.3658	10.00
47.3863	8.00
47.4067	12.00
47.4272	11.00
47.4477	14.00
47.4681	16.00
47.4886	11.00
47.5091	5.00
47.5295	13.00
47.55	15.00
47.5705	13.00
47.5909	14.00
47.6114	12.00
47.6318	13.00
47.6523	24.00
47.6728	16.00
47.6932	14.00
47.7137	20.00
47.7342	18.00
47.7546	10.00
47.7751	8.00
47.7955	13.00
47.816	11.00
47.8365	11.00
47.8569	5.00
47.8774	8.00
47.8979	12.00
47.9183	11.00
47.9388	8.00
47.9593	8.00
47.9797	10.00
48.0002	7.00
48.0206	9.00
48.0411	10.00
48.0616	6.00
48.082	11.00
48.1025	11.00
48.123	13.00
48.1434	9.00
48.1639	7.00
48.1843	11.00
48.2048	12.00
48.2253	9.00
48.2457	10.00
48.2662	9.00
48.2867	8.00
48.3071	8.00
48.3276	12.00
48.3481	3.00
48.3685	8.00
48.389	7.00
48.4094	4.00
48.4299	6.00
48.4504	10.00
48.4708	5.00
48.4913	6.00
48.5118	14.00
48.5322	15.00
48.5527	12.00
48.5731	7.00
48.5936	10.00
48.6141	15.00
48.6345	8.00
48.655	12.00
48.6755	11.00
48.6959	4.00
48.7164	8.00
48.7369	10.00
48.7573	10.00
48.7778	3.00
48.7982	8.00
48.8187	10.00
48.8392	8.00
48.8596	8.00
48.8801	12.00
48.9006	10.00
48.921	6.00
48.9415	8.00
48.9619	13.00
48.9824	15.00
49.0029	3.00
49.0233	9.00
49.0438	7.00
49.0643	8.00
49.0847	8.00
49.1052	8.00
49.1257	9.00
49.1461	10.00
49.1666	7.00
49.187	10.00
49.2075	8.00
49.228	11.00
49.2484	8.00
49.2689	15.00
49.2894	7.00
49.3098	9.00
49.3303	13.00
49.3507	11.00
49.3712	7.00
49.3917	12.00
49.4121	11.00
49.4326	8.00
49.4531	10.00
49.4735	14.00
49.494	13.00
49.5145	7.00
49.5349	10.00
49.5554	9.00
49.5758	9.00
49.5963	15.00
49.6168	9.00
49.6372	10.00
49.6577	6.00
49.6782	10.00
49.6986	14.00
49.7191	15.00
49.7395	3.00
49.76	11.00
49.7805	13.00
49.8009	20.00
49.8214	22.00
49.8419	9.00
49.8623	15.00
49.8828	15.00
49.9033	14.00
49.9237	18.00
49.9442	18.00
49.9646	11.00
49.9851	9.00
50.0056	14.00
50.026	15.00
50.0465	18.00
50.067	13.00
50.0874	7.00
50.1079	10.00
50.1283	13.00
50.1488	10.00
50.1693	10.00
50.1897	9.00
50.2102	12.00
50.2307	12.00
50.2511	8.00
50.2716	12.00
50.2921	13.00
50.3125	11.00
50.333	7.00
50.3534	5.00
50.3739	12.00
50.3944	14.00
50.4148	12.00
50.4353	9.00
50.4558	14.00
50.4762	10.00
50.4967	16.00
50.5171	10.00
50.5376	10.00
50.5581	14.00
50.5785	10.00
50.599	9.00
50.6195	6.00
50.6399	15.00
50.6604	9.00
50.6809	12.00
50.7013	12.00
50.7218	7.00
50.7422	16.00
50.7627	9.00
50.7832	12.00
50.8036	6.00
50.8241	8.00
50.8446	6.00
50.865	8.00
50.8855	14.00
50.9059	8.00
50.9264	8.00
50.9469	12.00
50.9673	10.00
50.9878	6.00
51.0083	13.00
51.0287	10.00
51.0492	14.00
51.0697	7.00
51.0901	12.00
51.1106	14.00
51.131	13.00
51.1515	12.00
51.172	9.00
51.1924	11.00
51.2129	11.00
51.2334	8.00
51.2538	7.00
51.2743	16.00
51.2947	16.00
51.3152	4.00
51.3357	4.00
51.3561	9.00
51.3766	7.00
51.3971	4.00
51.4175	9.00
51.438	7.00
51.4585	6.00
51.4789	10.00
51.4994	9.00
51.5198	7.00
51.5403	4.00
51.5608	15.00
51.5812	14.00
51.6017	10.00
51.6222	7.00
51.6426	11.00
51.6631	7.00
51.6835	6.00
51.704	11.00
51.7245	9.00
51.7449	12.00
51.7654	8.00
51.7859	10.00
51.8063	5.00
51.8268	12.00
51.8473	9.00
51.8677	7.00
51.8882	9.00
51.9086	13.00
51.9291	10.00
51.9496	12.00
51.97	9.00
51.9905	9.00
52.011	14.00
52.0314	13.00
52.0519	7.00
52.0723	7.00
52.0928	9.00
52.1133	4.00
52.1337	6.00
52.1542	9.00
52.1747	9.00
52.1951	5.00
52.2156	6.00
52.2361	10.00
52.2565	10.00
52.277	8.00
52.2974	8.00
52.3179	11.00
52.3384	9.00
52.3588	5.00
52.3793	10.00
52.3998	11.00
52.4202	13.00
52.4407	11.00
52.4611	9.00
52.4816	10.00
52.5021	7.00
52.5225	8.00
52.543	11.00
52.5635	14.00
52.5839	12.00
52.6044	11.00
52.6249	13.00
52.6453	6.00
52.6658	8.00
52.6862	8.00
52.7067	11.00
52.7272	6.00
52.7476	8.00
52.7681	8.00
52.7886	10.00
52.809	12.00
52.8295	5.00
52.8499	7.00
52.8704	12.00
52.8909	6.00
52.9113	4.00
52.9318	10.00
52.9523	7.00
52.9727	14.00
52.9932	12.00
53.0137	12.00
53.0341	11.00
53.0546	9.00
53.075	5.00
53.0955	13.00
53.116	13.00
53.1364	7.00
53.1569	8.00
53.1774	6.00
53.1978	9.00
53.2183	9.00
53.2387	10.00
53.2592	15.00
53.2797	14.00
53.3001	4.00
53.3206	6.00
53.3411	10.00
53.3615	13.00
53.382	14.00
53.4025	13.00
53.4229	16.00
53.4434	11.00
53.4638	7.00
53.4843	9.00
53.5048	24.00
53.5252	15.00
53.5457	17.00
53.5662	19.00
53.5866	25.00
53.6071	24.00
53.6275	15.00
53.648	27.00
53.6685	13.00
53.6889	26.00
53.7094	33.00
53.7299	23.00
53.7503	44.00
53.7708	40.00
53.7913	63.00
53.8117	72.00
53.8322	61.00
53.8526	72.00
53.8731	91.00
53.8936	87.00
53.914	59.00
53.9345	91.00
53.955	73.00
53.9754	75.00
53.9959	57.00
54.0163	59.00
54.0368	40.00
54.0573	59.00
54.0777	33.00
54.0982	51.00
54.1187	32.00
54.1391	34.00
54.1596	25.00
54.18	28.00
54.2005	27.00
54.221	19.00
54.2414	24.00
54.2619	21.00
54.2824	17.00
54.3028	15.00
54.3233	21.00
54.3438	17.00
54.3642	30.00
54.3847	21.00
54.4051	19.00
54.4256	23.00
54.4461	19.00
54.4665	20.00
54.487	16.00
54.5075	27.00
54.5279	19.00
54.5484	15.00
54.5688	14.00
54.5893	12.00
54.6098	20.00
54.6302	23.00
54.6507	11.00
54.6712	16.00
54.6916	11.00
54.7121	10.00
54.7326	15.00
54.753	12.00
54.7735	10.00
54.7939	10.00
54.8144	9.00
54.8349	13.00
54.8553	9.00
54.8758	12.00
54.8963	8.00
54.9167	9.00
54.9372	6.00
54.9576	9.00
54.9781	10.00
54.9986	12.00
55.019	16.00
55.0395	10.00
55.06	11.00
55.0804	12.00
55.1009	6.00
55.1214	10.00
55.1418	15.00
55.1623	11.00
55.1827	8.00
55.2032	10.00
55.2237	13.00
55.2441	10.00
55.2646	16.00
55.2851	4.00
55.3055	9.00
55.326	9.00
55.3464	8.00
55.3669	14.00
55.3874	9.00
55.4078	6.00
55.4283	8.00
55.4488	8.00
55.4692	6.00
55.4897	15.00
55.5102	10.00
55.5306	11.00
55.5511	11.00
55.5715	5.00
55.592	18.00
55.6125	8.00
55.6329	11.00
55.6534	8.00
55.6739	9.00
55.6943	7.00
55.7148	11.00
55.7352	10.00
55.7557	15.00
55.7762	8.00
55.7966	16.00
55.8171	9.00
55.8376	6.00
55.858	4.00
55.8785	8.00
55.899	7.00
55.9194	9.00
55.9399	7.00
55.9603	7.00
55.9808	6.00
56.0013	13.00
56.0217	7.00
56.0422	7.00
56.0627	12.00
56.0831	11.00
56.1036	9.00
56.124	10.00
56.1445	13.00
56.165	9.00
56.1854	7.00
56.2059	11.00
56.2264	8.00
56.2468	8.00
56.2673	10.00
56.2878	9.00
56.3082	23.00
56.3287	14.00
56.3491	15.00
56.3696	11.00
56.3901	14.00
56.4105	13.00
56.431	3.00
56.4515	13.00
56.4719	10.00
56.4924	11.00
56.5128	12.00
56.5333	11.00
56.5538	11.00
56.5742	15.00
56.5947	12.00
56.6152	12.00
56.6356	14.00
56.6561	12.00
56.6766	11.00
56.697	13.00
56.7175	17.00
56.7379	8.00
56.7584	5.00
56.7789	17.00
56.7993	17.00
56.8198	15.00
56.8403	13.00
56.8607	9.00
56.8812	13.00
56.9016	21.00
56.9221	15.00
56.9426	17.00
56.963	12.00
56.9835	17.00
57.004	24.00
57.0244	19.00
57.0449	19.00
57.0654	21.00
57.0858	16.00
57.1063	25.00
57.1267	26.00
57.1472	38.00
57.1677	43.00
57.1881	48.00
57.2086	43.00
57.2291	62.00
57.2495	73.00
57.27	74.00
57.2904	124.00
57.3109	144.00
57.3314	172.00
57.3518	185.00
57.3723	229.00
57.3928	227.00
57.4132	210.00
57.4337	198.00
57.4542	154.00
57.4746	193.00
57.4951	185.00
57.5155	196.00
57.536	176.00
57.5565	156.00
57.5769	162.00
57.5974	122.00
57.6179	119.00
57.6383	105.00
57.6588	75.00
57.6792	73.00
57.6997	73.00
57.7202	73.00
57.7406	46.00
57.7611	41.00
57.7816	44.00
57.802	48.00
57.8225	35.00
57.843	32.00
57.8634	23.00
57.8839	25.00
57.9043	31.00
57.9248	35.00
57.9453	9.00
57.9657	27.00
57.9862	23.00
58.0067	22.00
58.0271	28.00
58.0476	24.00
58.068	13.00
58.0885	19.00
58.109	15.00
58.1294	6.00
58.1499	14.00
58.1704	24.00
58.1908	14.00
58.2113	15.00
58.2318	12.00
58.2522	8.00
58.2727	10.00
58.2931	13.00
58.3136	14.00
58.3341	14.00
58.3545	12.00
58.375	4.00
58.3955	23.00
58.4159	13.00
58.4364	13.00
58.4568	11.00
58.4773	17.00
58.4978	9.00
58.5182	10.00
58.5387	10.00
58.5592	13.00
58.5796	7.00
58.6001	18.00
58.6206	7.00
58.641	11.00
58.6615	13.00
58.6819	17.00
58.7024	10.00
58.7229	9.00
58.7433	7.00
58.7638	8.00
58.7843	10.00
58.8047	15.00
58.8252	8.00
58.8456	13.00
58.8661	11.00
58.8866	14.00
58.907	13.00
58.9275	8.00
58.948	11.00
58.9684	10.00
58.9889	5.00
59.0094	10.00
59.0298	13.00
59.0503	14.00
59.0707	14.00
59.0912	14.00
59.1117	11.00
59.1321	8.00
59.1526	6.00
59.1731	11.00
59.1935	13.00
59.214	7.00
59.2344	11.00
59.2549	10.00
59.2754	9.00
59.2958	14.00
59.3163	15.00
59.3368	10.00
59.3572	9.00
59.3777	15.00
59.3982	12.00
59.4186	16.00
59.4391	11.00
59.4595	14.00
59.48	15.00
59.5005	11.00
59.5209	12.00
59.5414	16.00
59.5619	11.00
59.5823	11.00
59.6028	8.00
59.6232	18.00
59.6437	8.00
59.6642	7.00
59.6846	18.00
59.7051	14.00
59.7256	11.00
59.746	9.00
59.7665	10.00
59.787	7.00
59.8074	7.00
59.8279	6.00
59.8483	8.00
59.8688	10.00
59.8893	14.00
59.9097	7.00
59.9302	7.00
59.9507	9.00
59.9711	8.00
59.9916	16.00
60.012	16.00
60.0325	6.00
60.053	11.00
60.0734	8.00
60.0939	13.00
60.1144	14.00
60.1348	11.00
60.1553	8.00
60.1758	15.00
60.1962	7.00
60.2167	9.00
60.2371	9.00
60.2576	13.00
60.2781	15.00
60.2985	12.00
60.319	9.00
60.3395	11.00
60.3599	14.00
60.3804	14.00
60.4008	15.00
60.4213	15.00
60.4418	16.00
60.4622	5.00
60.4827	13.00
60.5032	16.00
60.5236	5.00
60.5441	12.00
60.5646	15.00
60.585	17.00
60.6055	12.00
60.6259	16.00
60.6464	24.00
60.6669	16.00
60.6873	16.00
60.7078	13.00
60.7283	15.00
60.7487	20.00
60.7692	13.00
60.7896	16.00
60.8101	21.00
60.8306	19.00
60.851	25.00
60.8715	25.00
60.892	20.00
60.9124	17.00
60.9329	21.00
60.9534	16.00
60.9738	23.00
60.9943	19.00
61.0147	20.00
61.0352	20.00
61.0557	18.00
61.0761	21.00
61.0966	18.00
61.1171	19.00
61.1375	16.00
61.158	23.00
61.1784	23.00
61.1989	26.00
61.2194	21.00
61.2398	30.00
61.2603	20.00
61.2808	18.00
61.3012	25.00
61.3217	15.00
61.3422	26.00
61.3626	19.00
61.3831	25.00
61.4035	24.00
61.424	18.00
61.4445	23.00
61.4649	22.00
61.4854	20.00
61.5059	16.00
61.5263	26.00
61.5468	20.00
61.5672	25.00
61.5877	15.00
61.6082	17.00
61.6286	22.00
61.6491	22.00
61.6696	21.00
61.69	12.00
61.7105	23.00
61.731	23.00
61.7514	25.00
61.7719	11.00
61.7923	21.00
61.8128	19.00
61.8333	10.00
61.8537	4.00
61.8742	17.00
61.8947	21.00
61.9151	19.00
61.9356	17.00
61.956	18.00
61.9765	21.00
61.997	20.00
62.0174	13.00
62.0379	12.00
62.0584	12.00
62.0788	20.00
62.0993	11.00
62.1198	14.00
62.1402	12.00
62.1607	12.00
62.1811	13.00
62.2016	20.00
62.2221	16.00
62.2425	27.00
62.263	17.00
62.2835	16.00
62.3039	18.00
62.3244	12.00
62.3448	10.00
62.3653	16.00
62.3858	21.00
62.4062	15.00
62.4267	18.00
62.4472	17.00
62.4676	10.00
62.4881	20.00
62.5086	19.00
62.529	14.00
62.5495	18.00
62.5699	26.00
62.5904	27.00
62.6109	20.00
62.6313	42.00
62.6518	35.00
62.6723	42.00
62.6927	42.00
62.7132	33.00
62.7336	45.00
62.7541	56.00
62.7746	61.00
62.795	82.00
62.8155	86.00
62.836	88.00
62.8564	152.00
62.8769	141.00
62.8974	211.00
62.9178	256.00
62.9383	302.00
62.9587	302.00
62.9792	264.00
62.9997	267.00
63.0201	259.00
63.0406	242.00
63.0611	220.00
63.0815	235.00
63.102	228.00
63.1224	252.00
63.1429	194.00
63.1634	201.00
63.1838	178.00
63.2043	150.00
63.2248	124.00
63.2452	126.00
63.2657	93.00
63.2862	77.00
63.3066	89.00
63.3271	73.00
63.3475	58.00
63.368	61.00
63.3885	64.00
63.4089	54.00
63.4294	53.00
63.4499	46.00
63.4703	43.00
63.4908	30.00
63.5112	27.00
63.5317	36.00
63.5522	23.00
63.5726	33.00
63.5931	29.00
63.6136	18.00
63.634	25.00
63.6545	14.00
63.675	20.00
63.6954	20.00
63.7159	28.00
63.7363	18.00
63.7568	17.00
63.7773	19.00
63.7977	22.00
63.8182	17.00
63.8387	16.00
63.8591	18.00
63.8796	15.00
63.9	17.00
63.9205	22.00
63.941	15.00
63.9614	10.00
63.9819	11.00
64.0024	17.00
64.0228	12.00
64.0433	10.00
64.0638	17.00
64.0842	8.00
64.1047	7.00
64.1251	12.00
64.1456	12.00
64.1661	6.00
64.1865	9.00
64.207	19.00
64.2275	16.00
64.2479	8.00
64.2684	8.00
64.2888	11.00
64.3093	20.00
64.3298	17.00
64.3502	24.00
64.3707	13.00
64.3912	15.00
64.4116	8.00
64.4321	13.00
64.4526	11.00
64.473	16.00
64.4935	13.00
64.5139	10.00
64.5344	8.00
64.5549	13.00
64.5753	9.00
64.5958	11.00
64.6163	8.00
64.6367	8.00
64.6572	14.00
64.6776	12.00
64.6981	7.00
64.7186	8.00
64.739	7.00
64.7595	6.00
64.78	5.00
64.8004	7.00
64.8209	14.00
64.8414	15.00
64.8618	12.00
64.8823	12.00
64.9027	10.00
64.9232	11.00
64.9437	8.00
64.9641	10.00
64.9846	8.00
65.0051	14.00
65.0255	8.00
65.046	6.00
65.0664	9.00
65.0869	3.00
65.1074	8.00
65.1278	8.00
65.1483	10.00
65.1688	9.00
65.1892	6.00
65.2097	9.00
65.2302	10.00
65.2506	3.00
65.2711	9.00
65.2915	10.00
65.312	8.00
65.3325	11.00
65.3529	12.00
65.3734	7.00
65.3939	11.00
65.4143	11.00
65.4348	7.00
65.4552	9.00
65.4757	4.00
65.4962	8.00
65.5166	11.00
65.5371	13.00
65.5576	16.00
65.578	5.00
65.5985	11.00
65.619	4.00
65.6394	5.00
65.6599	6.00
65.6803	7.00
65.7008	7.00
65.7213	7.00
65.7417	5.00
65.7622	13.00
65.7827	9.00
65.8031	8.00
65.8236	11.00
65.844	4.00
65.8645	10.00
65.885	7.00
65.9054	12.00
65.9259	6.00
65.9464	7.00
65.9668	8.00
65.9873	7.00
66.0078	11.00
66.0282	11.00
66.0487	15.00
66.0691	15.00
66.0896	11.00
66.1101	13.00
66.1305	21.00
66.151	12.00
66.1715	14.00
66.1919	15.00
66.2124	13.00
66.2328	10.00
66.2533	9.00
66.2738	8.00
66.2942	12.00
66.3147	13.00
66.3352	14.00
66.3556	12.00
66.3761	8.00
66.3966	11.00
66.417	6.00
66.4375	9.00
66.4579	10.00
66.4784	21.00
66.4989	11.00
66.5193	6.00
66.5398	5.00
66.5603	8.00
66.5807	6.00
66.6012	13.00
66.6216	10.00
66.6421	5.00
66.6626	5.00
66.683	7.00
66.7035	11.00
66.724	4.00
66.7444	9.00
66.7649	4.00
66.7854	9.00
66.8058	9.00
66.8263	8.00
66.8467	7.00
66.8672	7.00
66.8877	7.00
66.9081	5.00
66.9286	5.00
66.9491	6.00
66.9695	5.00
66.99	8.00
67.0104	3.00
67.0309	9.00
67.0514	7.00
67.0718	8.00
67.0923	8.00
67.1128	5.00
67.1332	9.00
67.1537	2.00
67.1742	4.00
67.1946	6.00
67.2151	6.00
67.2355	6.00
67.256	3.00
67.2765	3.00
67.2969	3.00
67.3174	8.00
67.3379	7.00
67.3583	8.00
67.3788	9.00
67.3992	10.00
67.4197	8.00
67.4402	7.00
67.4606	8.00
67.4811	7.00
67.5016	6.00
67.522	7.00
67.5425	8.00
67.563	4.00
67.5834	7.00
67.6039	6.00
67.6243	7.00
67.6448	2.00
67.6653	8.00
67.6857	3.00
67.7062	12.00
67.7267	5.00
67.7471	8.00
67.7676	6.00
67.788	7.00
67.8085	9.00
67.829	8.00
67.8494	5.00
67.8699	7.00
67.8904	3.00
67.9108	4.00
67.9313	6.00
67.9518	10.00
67.9722	4.00
67.9927	7.00
68.0131	7.00
68.0336	6.00
68.0541	7.00
68.0745	9.00
68.095	6.00
68.1155	6.00
68.1359	6.00
68.1564	8.00
68.1768	6.00
68.1973	8.00
68.2178	6.00
68.2382	12.00
68.2587	5.00
68.2792	4.00
68.2996	8.00
68.3201	4.00
68.3406	7.00
68.361	8.00
68.3815	5.00
68.4019	3.00
68.4224	7.00
68.4429	8.00
68.4633	5.00
68.4838	7.00
68.5043	8.00
68.5247	8.00
68.5452	6.00
68.5656	2.00
68.5861	4.00
68.6066	9.00
68.627	9.00
68.6475	2.00
68.668	2.00
68.6884	9.00
68.7089	7.00
68.7294	3.00
68.7498	3.00
68.7703	3.00
68.7907	12.00
68.8112	4.00
68.8317	6.00
68.8521	8.00
68.8726	14.00
68.8931	10.00
68.9135	6.00
68.934	8.00
68.9544	5.00
68.9749	5.00
68.9954	6.00
69.0158	3.00
69.0363	6.00
69.0568	2.00
69.0772	13.00
69.0977	6.00
69.1182	4.00
69.1386	8.00
69.1591	10.00
69.1795	8.00
69.2	5.00
69.2205	3.00
69.2409	8.00
69.2614	7.00
69.2819	7.00
69.3023	8.00
69.3228	7.00
69.3432	9.00
69.3637	15.00
69.3842	8.00
69.4046	7.00
69.4251	5.00
69.4456	11.00
69.466	3.00
69.4865	8.00
69.507	20.00
69.5274	3.00
69.5479	7.00
69.5683	4.00
69.5888	5.00
69.6093	6.00
69.6297	6.00
69.6502	10.00
69.6707	4.00
69.6911	5.00
69.7116	9.00
69.732	7.00
69.7525	8.00
69.773	11.00
69.7934	8.00
69.8139	7.00
69.8344	7.00
69.8548	9.00
69.8753	6.00
69.8958	11.00
69.9162	5.00
69.9367	4.00
69.9571	6.00
69.9776	5.00
69.9981	12.00
70.0185	9.00
70.039	7.00
70.0595	8.00
70.0799	8.00
70.1004	10.00
70.1208	9.00
70.1413	7.00
70.1618	7.00
70.1822	10.00
70.2027	3.00
70.2232	11.00
70.2436	10.00
70.2641	7.00
70.2846	8.00
70.305	7.00
70.3255	5.00
70.3459	4.00
70.3664	6.00
70.3869	10.00
70.4073	8.00
70.4278	4.00
70.4483	7.00
70.4687	9.00
70.4892	10.00
70.5096	10.00
70.5301	6.00
70.5506	5.00
70.571	7.00
70.5915	11.00
70.612	1.00
70.6324	5.00
70.6529	5.00
70.6734	4.00
70.6938	8.00
70.7143	4.00
70.7347	7.00
70.7552	7.00
70.7757	5.00
70.7961	9.00
70.8166	7.00
70.8371	5.00
70.8575	5.00
70.878	6.00
70.8984	9.00
70.9189	11.00
70.9394	4.00
70.9598	8.00
70.9803	7.00
71.0008	8.00
71.0212	7.00
71.0417	13.00
71.0622	5.00
71.0826	9.00
71.1031	11.00
71.1235	12.00
71.144	8.00
71.1645	12.00
71.1849	13.00
71.2054	8.00
71.2259	15.00
71.2463	20.00
71.2668	24.00
71.2872	14.00
71.3077	24.00
71.3282	25.00
71.3486	22.00
71.3691	28.00
71.3896	25.00
71.41	25.00
71.4305	19.00
71.451	18.00
71.4714	19.00
71.4919	20.00
71.5123	17.00
71.5328	24.00
71.5533	23.00
71.5737	24.00
71.5942	16.00
71.6147	9.00
71.6351	11.00
71.6556	20.00
71.676	18.00
71.6965	14.00
71.717	9.00
71.7374	15.00
71.7579	10.00
71.7784	19.00
71.7988	11.00
71.8193	3.00
71.8398	12.00
71.8602	4.00
71.8807	10.00
71.9011	7.00
71.9216	5.00
71.9421	9.00
71.9625	8.00
71.983	10.00
72.0035	10.00
72.0239	13.00
72.0444	6.00
72.0648	5.00
72.0853	11.00
72.1058	10.00
72.1262	11.00
72.1467	5.00
72.1672	5.00
72.1876	11.00
72.2081	10.00
72.2285	10.00
72.249	12.00
72.2695	12.00
72.2899	7.00
72.3104	7.00
72.3309	14.00
72.3513	9.00
72.3718	8.00
72.3923	10.00
72.4127	7.00
72.4332	11.00
72.4536	12.00
72.4741	11.00
72.4946	5.00
72.515	9.00
72.5355	7.00
72.556	9.00
72.5764	12.00
72.5969	6.00
72.6173	9.00
72.6378	13.00
72.6583	3.00
72.6787	12.00
72.6992	4.00
72.7197	7.00
72.7401	10.00
72.7606	7.00
72.7811	10.00
72.8015	7.00
72.822	10.00
72.8424	11.00
72.8629	4.00
72.8834	7.00
72.9038	18.00
72.9243	14.00
72.9448	7.00
72.9652	12.00
72.9857	5.00
73.0061	11.00
73.0266	12.00
73.0471	15.00
73.0675	8.00
73.088	7.00
73.1085	6.00
73.1289	8.00
73.1494	8.00
73.1699	7.00
73.1903	16.00
73.2108	8.00
73.2312	8.00
73.2517	12.00
73.2722	10.00
73.2926	14.00
73.3131	10.00
73.3336	11.00
73.354	12.00
73.3745	8.00
73.3949	10.00
73.4154	8.00
73.4359	10.00
73.4563	10.00
73.4768	15.00
73.4973	6.00
73.5177	11.00
73.5382	11.00
73.5587	9.00
73.5791	8.00
73.5996	7.00
73.62	14.00
73.6405	10.00
73.661	9.00
73.6814	5.00
73.7019	10.00
73.7224	6.00
73.7428	11.00
73.7633	9.00
73.7837	11.00
73.8042	10.00
73.8247	15.00
73.8451	10.00
73.8656	15.00
73.8861	8.00
73.9065	11.00
73.927	6.00
73.9475	14.00
73.9679	10.00
73.9884	15.00
74.0088	7.00
74.0293	12.00
74.0498	5.00
74.0702	10.00
74.0907	11.00
74.1112	12.00
74.1316	10.00
74.1521	12.00
74.1725	18.00
74.193	9.00
74.2135	13.00
74.2339	16.00
74.2544	24.00
74.2749	27.00
74.2953	31.00
74.3158	40.00
74.3363	57.00
74.3567	59.00
74.3772	46.00
74.3976	44.00
74.4181	53.00
74.4386	49.00
74.459	38.00
74.4795	34.00
74.5	37.00
74.5204	43.00
74.5409	48.00
74.5613	50.00
74.5818	44.00
74.6023	38.00
74.6227	37.00
74.6432	41.00
74.6637	32.00
74.6841	31.00
74.7046	39.00
74.7251	29.00
74.7455	19.00
74.766	20.00
74.7864	23.00
74.8069	13.00
74.8274	18.00
74.8478	18.00
74.8683	16.00
74.8888	10.00
74.9092	9.00
74.9297	14.00
74.9501	12.00
74.9706	10.00
74.9911	12.00
75.0115	6.00
75.032	19.00
75.0525	8.00
75.0729	15.00
75.0934	12.00
75.1139	9.00
75.1343	6.00
75.1548	15.00
75.1752	13.00
75.1957	7.00
75.2162	10.00
75.2366	13.00
75.2571	20.00
75.2776	16.00
75.298	11.00
75.3185	20.00
75.3389	26.00
75.3594	24.00
75.3799	23.00
75.4003	25.00
75.4208	22.00
75.4413	18.00
75.4617	26.00
75.4822	13.00
75.5027	26.00
75.5231	31.00
75.5436	19.00
75.564	21.00
75.5845	19.00
75.605	19.00
75.6254	15.00
75.6459	19.00
75.6664	22.00
75.6868	17.00
75.7073	12.00
75.7277	15.00
75.7482	16.00
75.7687	13.00
75.7891	15.00
75.8096	13.00
75.8301	8.00
75.8505	16.00
75.871	10.00
75.8915	8.00
75.9119	11.00
75.9324	10.00
75.9528	7.00
75.9733	10.00
75.9938	7.00
76.0142	18.00
76.0347	4.00
76.0552	5.00
76.0756	8.00
76.0961	5.00
76.1165	6.00
76.137	9.00
76.1575	2.00
76.1779	9.00
76.1984	4.00
76.2189	9.00
76.2393	5.00
76.2598	3.00
76.2803	9.00
76.3007	5.00
76.3212	6.00
76.3416	5.00
76.3621	6.00
76.3826	5.00
76.403	9.00
76.4235	8.00
76.444	8.00
76.4644	6.00
76.4849	6.00
76.5053	8.00
76.5258	7.00
76.5463	2.00
76.5667	5.00
76.5872	10.00
76.6077	12.00
76.6281	11.00
76.6486	7.00
76.6691	8.00
76.6895	10.00
76.71	10.00
76.7304	12.00
76.7509	11.00
76.7714	7.00
76.7918	8.00
76.8123	7.00
76.8328	8.00
76.8532	5.00
76.8737	6.00
76.8941	6.00
76.9146	5.00
76.9351	5.00
76.9555	11.00
76.976	3.00
76.9965	9.00
77.0169	5.00
77.0374	8.00
77.0579	5.00
77.0783	10.00
77.0988	4.00
77.1192	8.00
77.1397	9.00
77.1602	5.00
77.1806	9.00
77.2011	8.00
77.2216	8.00
77.242	4.00
77.2625	7.00
77.2829	8.00
77.3034	11.00
77.3239	8.00
77.3443	8.00
77.3648	0.00
77.3853	8.00
77.4057	9.00
77.4262	7.00
77.4467	3.00
77.4671	8.00
77.4876	5.00
77.508	5.00
77.5285	7.00
77.549	4.00
77.5694	5.00
77.5899	4.00
77.6104	9.00
77.6308	8.00
77.6513	13.00
77.6717	7.00
77.6922	6.00
77.7127	4.00
77.7331	3.00
77.7536	7.00
77.7741	6.00
77.7945	9.00
77.815	4.00
77.8355	7.00
77.8559	3.00
77.8764	3.00
77.8968	3.00
77.9173	3.00
77.9378	1.00
77.9582	5.00
77.9787	6.00
77.9992	7.00
78.0196	7.00
78.0401	11.00
78.0605	9.00
78.081	9.00
78.1015	4.00
78.1219	3.00
78.1424	5.00
78.1629	5.00
78.1833	5.00
78.2038	4.00
78.2243	4.00
78.2447	4.00
78.2652	3.00
78.2856	4.00
78.3061	3.00
78.3266	11.00
78.347	2.00
78.3675	4.00
78.388	9.00
78.4084	6.00
78.4289	6.00
78.4493	4.00
78.4698	7.00
78.4903	5.00
78.5107	4.00
78.5312	8.00
78.5517	3.00
78.5721	8.00
78.5926	3.00
78.6131	4.00
78.6335	6.00
78.654	1.00
78.6744	3.00
78.6949	8.00
78.7154	2.00
78.7358	5.00
78.7563	4.00
78.7768	5.00
78.7972	6.00
78.8177	4.00
78.8381	7.00
78.8586	3.00
78.8791	3.00
78.8995	7.00
78.92	6.00
78.9405	8.00
78.9609	4.00
78.9814	3.00
79.0019	6.00
79.0223	4.00
79.0428	4.00
79.0632	6.00
79.0837	6.00
79.1042	8.00
79.1246	3.00
79.1451	9.00
79.1656	7.00
79.186	11.00
79.2065	8.00
79.2269	14.00
79.2474	10.00
79.2679	13.00
79.2883	15.00
79.3088	14.00
79.3293	14.00
79.3497	9.00
79.3702	16.00
79.3907	13.00
79.4111	17.00
79.4316	14.00
79.452	9.00
79.4725	11.00
79.493	17.00
79.5134	15.00
79.5339	21.00
79.5544	18.00
79.5748	16.00
79.5953	11.00
79.6157	15.00
79.6362	12.00
79.6567	15.00
79.6771	10.00
79.6976	12.00
79.7181	7.00
79.7385	10.00
79.759	7.00
79.7795	7.00
79.7999	5.00
79.8204	6.00
79.8408	6.00
79.8613	5.00
79.8818	6.00
79.9022	5.00
79.9227	5.00
79.9432	2.00
79.9636	6.00
79.9841	6.00
80.0045	5.00
