COMMANDER Sample ID
Wavelength = 1.54059
10.0001	424.00
10.0206	364.00
10.041	368.00
10.0615	366.00
10.082	374.00
10.1024	388.00
10.1229	368.00
10.1433	361.00
10.1638	349.00
10.1843	378.00
10.2047	371.00
10.2252	359.00
10.2457	402.00
10.2661	363.00
10.2866	392.00
10.3071	365.00
10.3275	353.00
10.348	355.00
10.3684	360.00
10.3889	361.00
10.4094	379.00
10.4298	371.00
10.4503	348.00
10.4708	355.00
10.4912	338.00
10.5117	350.00
10.5321	355.00
10.5526	327.00
10.5731	309.00
10.5935	361.00
10.614	330.00
10.6345	322.00
10.6549	325.00
10.6754	340.00
10.6959	321.00
10.7163	327.00
10.7368	342.00
10.7572	311.00
10.7777	323.00
10.7982	343.00
10.8186	334.00
10.8391	337.00
10.8596	375.00
10.88	335.00
10.9005	346.00
10.9209	292.00
10.9414	339.00
10.9619	334.00
10.9823	337.00
11.0028	301.00
11.0233	328.00
11.0437	299.00
11.0642	317.00
11.0847	324.00
11.1051	306.00
11.1256	308.00
11.146	333.00
11.1665	309.00
11.187	313.00
11.2074	314.00
11.2279	300.00
11.2484	328.00
11.2688	318.00
11.2893	315.00
11.3097	312.00
11.3302	311.00
11.3507	294.00
11.3711	307.00
11.3916	323.00
11.4121	330.00
11.4325	309.00
11.453	298.00
11.4735	324.00
11.4939	304.00
11.5144	298.00
11.5348	298.00
11.5553	305.00
11.5758	321.00
11.5962	287.00
11.6167	311.00
11.6372	294.00
11.6576	294.00
11.6781	287.00
11.6985	315.00
11.719	298.00
11.7395	286.00
11.7599	282.00
11.7804	297.00
11.8009	288.00
11.8213	299.00
11.8418	271.00
11.8623	268.00
11.8827	268.00
11.9032	335.00
11.9236	272.00
11.9441	282.00
11.9646	291.00
11.985	322.00
12.0055	286.00
12.026	291.00
12.0464	252.00
12.0669	258.00
12.0873	292.00
12.1078	274.00
12.1283	267.00
12.1487	238.00
12.1692	235.00
12.1897	282.00
12.2101	271.00
12.2306	273.00
12.2511	284.00
12.2715	266.00
12.292	290.00
12.3124	265.00
12.3329	250.00
12.3534	244.00
12.3738	241.00
12.3943	278.00
12.4148	259.00
12.4352	280.00
12.4557	279.00
12.4761	259.00
12.4966	263.00
12.5171	270.00
12.5375	247.00
12.558	272.00
12.5785	274.00
12.5989	265.00
12.6194	266.00
12.6399	249.00
12.6603	235.00
12.6808	261.00
12.7012	287.00
12.7217	265.00
12.7422	244.00
12.7626	270.00
12.7831	272.00
12.8036	258.00
12.824	266.00
12.8445	272.00
12.8649	229.00
12.8854	261.00
12.9059	264.00
12.9263	257.00
12.9468	240.00
12.9673	216.00
12.9877	214.00
13.0082	240.00
13.0287	250.00
13.0491	231.00
13.0696	234.00
13.09	266.00
13.1105	281.00
13.131	258.00
13.1514	264.00
13.1719	273.00
13.1924	267.00
13.2128	258.00
13.2333	248.00
13.2537	262.00
13.2742	269.00
13.2947	260.00
13.3151	282.00
13.3356	259.00
13.3561	283.00
13.3765	252.00
13.397	257.00
13.4175	240.00
13.4379	265.00
13.4584	241.00
13.4788	232.00
13.4993	257.00
13.5198	263.00
13.5402	254.00
13.5607	245.00
13.5812	250.00
13.6016	230.00
13.6221	234.00
13.6425	296.00
13.663	236.00
13.6835	240.00
13.7039	252.00
13.7244	250.00
13.7449	278.00
13.7653	242.00
13.7858	242.00
13.8063	244.00
13.8267	270.00
13.8472	253.00
13.8676	248.00
13.8881	262.00
13.9086	238.00
13.929	246.00
13.9495	235.00
13.97	254.00
13.9904	236.00
14.0109	232.00
14.0313	244.00
14.0518	214.00
14.0723	229.00
14.0927	216.00
14.1132	238.00
14.1337	215.00
14.1541	178.00
14.1746	249.00
14.1951	243.00
14.2155	218.00
14.236	211.00
14.2564	238.00
14.2769	217.00
14.2974	226.00
14.3178	207.00
14.3383	218.00
14.3588	239.00
14.3792	215.00
14.3997	212.00
14.4201	215.00
14.4406	217.00
14.4611	210.00
14.4815	201.00
14.502	213.00
14.5225	193.00
14.5429	185.00
14.5634	219.00
14.5839	198.00
14.6043	205.00
14.6248	199.00
14.6452	218.00
14.6657	164.00
14.6862	209.00
14.7066	199.00
14.7271	207.00
14.7476	194.00
14.768	186.00
14.7885	185.00
14.8089	176.00
14.8294	186.00
14.8499	200.00
14.8703	229.00
14.8908	172.00
14.9113	194.00
14.9317	212.00
14.9522	161.00
14.9727	180.00
14.9931	178.00
15.0136	202.00
15.034	190.00
15.0545	166.00
15.075	213.00
15.0954	198.00
15.1159	181.00
15.1364	177.00
15.1568	167.00
15.1773	158.00
15.1977	166.00
15.2182	182.00
15.2387	179.00
15.2591	181.00
15.2796	162.00
15.3001	181.00
15.3205	165.00
15.341	186.00
15.3615	167.00
15.3819	184.00
15.4024	177.00
15.4228	180.00
15.4433	175.00
15.4638	156.00
15.4842	164.00
15.5047	152.00
15.5252	191.00
15.5456	170.00
15.5661	174.00
15.5865	158.00
15.607	159.00
15.6275	174.00
15.6479	165.00
15.6684	180.00
15.6889	157.00
15.7093	187.00
15.7298	174.00
15.7503	154.00
15.7707	160.00
15.7912	164.00
15.8116	166.00
15.8321	172.00
15.8526	156.00
15.873	142.00
15.8935	160.00
15.914	166.00
15.9344	178.00
15.9549	145.00
15.9753	158.00
15.9958	186.00
16.0163	140.00
16.0367	159.00
16.0572	189.00
16.0777	155.00
16.0981	151.00
16.1186	198.00
16.1391	156.00
16.1595	156.00
16.18	144.00
16.2004	162.00
16.2209	185.00
16.2414	145.00
16.2618	153.00
16.2823	175.00
16.3028	172.00
16.3232	161.00
16.3437	167.00
16.3641	152.00
16.3846	149.00
16.4051	154.00
16.4255	147.00
16.446	158.00
16.4665	152.00
16.4869	141.00
16.5074	149.00
16.5279	147.00
16.5483	180.00
16.5688	151.00
16.5892	162.00
16.6097	142.00
16.6302	143.00
16.6506	157.00
16.6711	134.00
16.6916	121.00
16.712	154.00
16.7325	149.00
16.7529	161.00
16.7734	172.00
16.7939	146.00
16.8143	133.00
16.8348	159.00
16.8553	142.00
16.8757	175.00
16.8962	147.00
16.9167	143.00
16.9371	151.00
16.9576	152.00
16.978	154.00
16.9985	163.00
17.019	164.00
17.0394	145.00
17.0599	138.00
17.0804	157.00
17.1008	158.00
17.1213	147.00
17.1417	164.00
17.1622	148.00
17.1827	133.00
17.2031	163.00
17.2236	138.00
17.2441	162.00
17.2645	140.00
17.285	133.00
17.3055	169.00
17.3259	149.00
17.3464	134.00
17.3668	150.00
17.3873	152.00
17.4078	159.00
17.4282	150.00
17.4487	156.00
17.4692	159.00
17.4896	133.00
17.5101	142.00
17.5305	148.00
17.551	126.00
17.5715	150.00
17.5919	148.00
17.6124	150.00
17.6329	158.00
17.6533	152.00
17.6738	177.00
17.6943	161.00
17.7147	146.00
17.7352	138.00
17.7556	143.00
17.7761	129.00
17.7966	143.00
17.817	139.00
17.8375	152.00
17.858	150.00
17.8784	131.00
17.8989	134.00
17.9193	153.00
17.9398	160.00
17.9603	137.00
17.9807	124.00
18.0012	131.00
18.0217	142.00
18.0421	124.00
18.0626	137.00
18.0831	155.00
18.1035	154.00
18.124	124.00
18.1444	163.00
18.1649	143.00
18.1854	147.00
18.2058	161.00
18.2263	153.00
18.2468	128.00
18.2672	143.00
18.2877	136.00
18.3081	136.00
18.3286	143.00
18.3491	149.00
18.3695	143.00
18.39	146.00
18.4105	129.00
18.4309	143.00
18.4514	129.00
18.4719	132.00
18.4923	148.00
18.5128	149.00
18.5332	141.00
18.5537	140.00
18.5742	132.00
18.5946	132.00
18.6151	147.00
18.6356	144.00
18.656	132.00
18.6765	144.00
18.6969	135.00
18.7174	158.00
18.7379	146.00
18.7583	121.00
18.7788	140.00
18.7993	118.00
18.8197	131.00
18.8402	126.00
18.8606	129.00
18.8811	111.00
18.9016	125.00
18.922	135.00
18.9425	135.00
18.963	142.00
18.9834	129.00
19.0039	135.00
19.0244	131.00
19.0448	145.00
19.0653	141.00
19.0857	145.00
19.1062	136.00
19.1267	108.00
19.1471	109.00
19.1676	139.00
19.1881	123.00
19.2085	154.00
19.229	111.00
19.2494	102.00
19.2699	131.00
19.2904	118.00
19.3108	118.00
19.3313	127.00
19.3518	121.00
19.3722	107.00
19.3927	119.00
19.4132	129.00
19.4336	132.00
19.4541	123.00
19.4745	113.00
19.495	119.00
19.5155	118.00
19.5359	104.00
19.5564	121.00
19.5769	137.00
19.5973	115.00
19.6178	124.00
19.6382	120.00
19.6587	115.00
19.6792	127.00
19.6996	116.00
19.7201	119.00
19.7406	127.00
19.761	118.00
19.7815	109.00
19.802	113.00
19.8224	129.00
19.8429	132.00
19.8633	119.00
19.8838	109.00
19.9043	121.00
19.9247	96.00
19.9452	109.00
19.9657	95.00
19.9861	104.00
20.0066	108.00
20.027	92.00
20.0475	144.00
20.068	114.00
20.0884	118.00
20.1089	97.00
20.1294	109.00
20.1498	115.00
20.1703	107.00
20.1908	88.00
20.2112	110.00
20.2317	107.00
20.2521	94.00
20.2726	108.00
20.2931	111.00
20.3135	112.00
20.334	103.00
20.3545	125.00
20.3749	104.00
20.3954	121.00
20.4158	107.00
20.4363	99.00
20.4568	109.00
20.4772	119.00
20.4977	107.00
20.5182	114.00
20.5386	120.00
20.5591	112.00
20.5796	91.00
20.6	106.00
20.6205	104.00
20.6409	108.00
20.6614	120.00
20.6819	118.00
20.7023	86.00
20.7228	93.00
20.7433	94.00
20.7637	102.00
20.7842	108.00
20.8046	90.00
20.8251	107.00
20.8456	90.00
20.866	102.00
20.8865	70.00
20.907	107.00
20.9274	90.00
20.9479	97.00
20.9684	94.00
20.9888	87.00
21.0093	88.00
21.0297	78.00
21.0502	114.00
21.0707	91.00
21.0911	131.00
21.1116	94.00
21.1321	98.00
21.1525	86.00
21.173	96.00
21.1934	104.00
21.2139	106.00
21.2344	98.00
21.2548	110.00
21.2753	94.00
21.2958	96.00
21.3162	80.00
21.3367	97.00
21.3572	104.00
21.3776	94.00
21.3981	86.00
21.4185	87.00
21.439	85.00
21.4595	99.00
21.4799	90.00
21.5004	94.00
21.5209	83.00
21.5413	92.00
21.5618	88.00
21.5822	89.00
21.6027	96.00
21.6232	93.00
21.6436	92.00
21.6641	99.00
21.6846	97.00
21.705	83.00
21.7255	75.00
21.746	89.00
21.7664	81.00
21.7869	88.00
21.8073	86.00
21.8278	84.00
21.8483	84.00
21.8687	96.00
21.8892	85.00
21.9097	74.00
21.9301	89.00
21.9506	107.00
21.971	88.00
21.9915	103.00
22.012	88.00
22.0324	97.00
22.0529	95.00
22.0734	93.00
22.0938	93.00
22.1143	88.00
22.1348	80.00
22.1552	84.00
22.1757	87.00
22.1961	94.00
22.2166	67.00
22.2371	92.00
22.2575	84.00
22.278	82.00
22.2985	87.00
22.3189	75.00
22.3394	82.00
22.3598	100.00
22.3803	88.00
22.4008	75.00
22.4212	86.00
22.4417	93.00
22.4622	66.00
22.4826	87.00
22.5031	80.00
22.5236	80.00
22.544	72.00
22.5645	64.00
22.5849	78.00
22.6054	80.00
22.6259	90.00
22.6463	93.00
22.6668	87.00
22.6873	73.00
22.7077	95.00
22.7282	89.00
22.7486	69.00
22.7691	91.00
22.7896	82.00
22.81	89.00
22.8305	81.00
22.851	67.00
22.8714	85.00
22.8919	84.00
22.9124	87.00
22.9328	85.00
22.9533	62.00
22.9737	89.00
22.9942	79.00
23.0147	64.00
23.0351	78.00
23.0556	74.00
23.0761	75.00
23.0965	70.00
23.117	82.00
23.1374	79.00
23.1579	70.00
23.1784	61.00
23.1988	75.00
23.2193	85.00
23.2398	71.00
23.2602	56.00
23.2807	91.00
23.3012	76.00
23.3216	70.00
23.3421	82.00
23.3625	85.00
23.383	64.00
23.4035	76.00
23.4239	69.00
23.4444	66.00
23.4649	78.00
23.4853	71.00
23.5058	89.00
23.5262	76.00
23.5467	76.00
23.5672	76.00
23.5876	73.00
23.6081	84.00
23.6286	73.00
23.649	76.00
23.6695	56.00
23.69	72.00
23.7104	71.00
23.7309	78.00
23.7513	65.00
23.7718	68.00
23.7923	84.00
23.8127	68.00
23.8332	80.00
23.8537	66.00
23.8741	71.00
23.8946	71.00
23.915	62.00
23.9355	75.00
23.956	67.00
23.9764	64.00
23.9969	86.00
24.0174	63.00
24.0378	78.00
24.0583	71.00
24.0788	64.00
24.0992	59.00
24.1197	69.00
24.1401	71.00
24.1606	67.00
24.1811	65.00
24.2015	64.00
24.222	71.00
24.2425	80.00
24.2629	67.00
24.2834	65.00
24.3038	54.00
24.3243	64.00
24.3448	67.00
24.3652	74.00
24.3857	75.00
24.4062	62.00
24.4266	68.00
24.4471	74.00
24.4676	60.00
24.488	65.00
24.5085	61.00
24.5289	70.00
24.5494	71.00
24.5699	58.00
24.5903	51.00
24.6108	71.00
24.6313	59.00
24.6517	52.00
24.6722	59.00
24.6926	59.00
24.7131	73.00
24.7336	70.00
24.754	76.00
24.7745	69.00
24.795	71.00
24.8154	64.00
24.8359	68.00
24.8564	68.00
24.8768	59.00
24.8973	73.00
24.9177	77.00
24.9382	57.00
24.9587	63.00
24.9791	61.00
24.9996	73.00
25.0201	61.00
25.0405	59.00
25.061	78.00
25.0814	67.00
25.1019	52.00
25.1224	70.00
25.1428	64.00
25.1633	55.00
25.1838	63.00
25.2042	67.00
25.2247	62.00
25.2452	60.00
25.2656	59.00
25.2861	66.00
25.3065	62.00
25.327	59.00
25.3475	58.00
25.3679	64.00
25.3884	60.00
25.4089	61.00
25.4293	53.00
25.4498	78.00
25.4702	71.00
25.4907	53.00
25.5112	60.00
25.5316	52.00
25.5521	77.00
25.5726	74.00
25.593	68.00
25.6135	48.00
25.634	84.00
25.6544	59.00
25.6749	55.00
25.6953	72.00
25.7158	56.00
25.7363	57.00
25.7567	55.00
25.7772	47.00
25.7977	53.00
25.8181	50.00
25.8386	60.00
25.859	51.00
25.8795	61.00
25.9	55.00
25.9204	63.00
25.9409	42.00
25.9614	57.00
25.9818	53.00
26.0023	57.00
26.0228	52.00
26.0432	60.00
26.0637	51.00
26.0841	57.00
26.1046	58.00
26.1251	48.00
26.1455	56.00
26.166	51.00
26.1865	56.00
26.2069	48.00
26.2274	49.00
26.2478	56.00
26.2683	44.00
26.2888	65.00
26.3092	57.00
26.3297	52.00
26.3502	62.00
26.3706	50.00
26.3911	57.00
26.4116	35.00
26.432	57.00
26.4525	56.00
26.4729	48.00
26.4934	55.00
26.5139	61.00
26.5343	58.00
26.5548	51.00
26.5753	62.00
26.5957	47.00
26.6162	56.00
26.6366	47.00
26.6571	51.00
26.6776	53.00
26.698	72.00
26.7185	51.00
26.739	56.00
26.7594	48.00
26.7799	40.00
26.8004	41.00
26.8208	48.00
26.8413	45.00
26.8617	50.00
26.8822	54.00
26.9027	46.00
26.9231	56.00
26.9436	45.00
26.9641	54.00
26.9845	42.00
27.005	65.00
27.0254	36.00
27.0459	48.00
27.0664	47.00
27.0868	60.00
27.1073	50.00
27.1278	58.00
27.1482	53.00
27.1687	57.00
27.1892	56.00
27.2096	55.00
27.2301	44.00
27.2505	56.00
27.271	33.00
27.2915	67.00
27.3119	50.00
27.3324	40.00
27.3529	52.00
27.3733	49.00
27.3938	44.00
27.4142	54.00
27.4347	53.00
27.4552	47.00
27.4756	41.00
27.4961	48.00
27.5166	46.00
27.537	48.00
27.5575	45.00
27.578	29.00
27.5984	37.00
27.6189	56.00
27.6393	49.00
27.6598	47.00
27.6803	50.00
27.7007	39.00
27.7212	43.00
27.7417	51.00
27.7621	40.00
27.7826	45.00
27.803	50.00
27.8235	36.00
27.844	40.00
27.8644	43.00
27.8849	46.00
27.9054	37.00
27.9258	40.00
27.9463	47.00
27.9668	42.00
27.9872	40.00
28.0077	44.00
28.0281	55.00
28.0486	48.00
28.0691	38.00
28.0895	45.00
28.11	36.00
28.1305	25.00
28.1509	36.00
28.1714	39.00
28.1918	42.00
28.2123	45.00
28.2328	45.00
28.2532	42.00
28.2737	42.00
28.2942	37.00
28.3146	32.00
28.3351	28.00
28.3556	37.00
28.376	49.00
28.3965	32.00
28.4169	44.00
28.4374	40.00
28.4579	34.00
28.4783	29.00
28.4988	40.00
28.5193	43.00
28.5397	40.00
28.5602	32.00
28.5806	36.00
28.6011	32.00
28.6216	34.00
28.642	28.00
28.6625	37.00
28.683	35.00
28.7034	42.00
28.7239	30.00
28.7444	32.00
28.7648	27.00
28.7853	36.00
28.8057	32.00
28.8262	51.00
28.8467	29.00
28.8671	30.00
28.8876	35.00
28.9081	40.00
28.9285	36.00
28.949	33.00
28.9694	44.00
28.9899	27.00
29.0104	41.00
29.0308	29.00
29.0513	22.00
29.0718	35.00
29.0922	24.00
29.1127	34.00
29.1332	39.00
29.1536	34.00
29.1741	37.00
29.1945	29.00
29.215	32.00
29.2355	38.00
29.2559	28.00
29.2764	30.00
29.2969	33.00
29.3173	35.00
29.3378	32.00
29.3582	44.00
29.3787	29.00
29.3992	45.00
29.4196	31.00
29.4401	33.00
29.4606	26.00
29.481	30.00
29.5015	27.00
29.522	27.00
29.5424	38.00
29.5629	38.00
29.5833	34.00
29.6038	31.00
29.6243	42.00
29.6447	34.00
29.6652	39.00
29.6857	30.00
29.7061	32.00
29.7266	22.00
29.747	38.00
29.7675	29.00
29.788	18.00
29.8084	29.00
29.8289	41.00
29.8494	34.00
29.8698	35.00
29.8903	28.00
29.9108	18.00
29.9312	38.00
29.9517	33.00
29.9721	29.00
29.9926	25.00
30.0131	40.00
30.0335	37.00
30.054	29.00
30.0745	31.00
30.0949	25.00
30.1154	23.00
30.1358	24.00
30.1563	33.00
30.1768	30.00
30.1972	32.00
30.2177	35.00
30.2382	36.00
30.2586	24.00
30.2791	30.00
30.2996	27.00
30.32	28.00
30.3405	32.00
30.3609	26.00
30.3814	35.00
30.4019	32.00
30.4223	23.00
30.4428	27.00
30.4633	33.00
30.4837	34.00
30.5042	45.00
30.5246	27.00
30.5451	32.00
30.5656	37.00
30.586	28.00
30.6065	33.00
30.627	33.00
30.6474	46.00
30.6679	46.00
30.6884	62.00
30.7088	47.00
30.7293	68.00
30.7497	62.00
30.7702	93.00
30.7907	113.00
30.8111	161.00
30.8316	196.00
30.8521	206.00
30.8725	214.00
30.893	191.00
30.9134	197.00
30.9339	171.00
30.9544	163.00
30.9748	112.00
30.9953	88.00
31.0158	77.00
31.0362	79.00
31.0567	69.00
31.0772	61.00
31.0976	46.00
31.1181	35.00
31.1385	50.00
31.159	27.00
31.1795	37.00
31.1999	43.00
31.2204	44.00
31.2409	41.00
31.2613	39.00
31.2818	44.00
31.3022	30.00
31.3227	43.00
31.3432	35.00
31.3636	36.00
31.3841	32.00
31.4046	17.00
31.425	31.00
31.4455	38.00
31.466	27.00
31.4864	33.00
31.5069	22.00
31.5273	29.00
31.5478	19.00
31.5683	28.00
31.5887	33.00
31.6092	41.00
31.6297	35.00
31.6501	22.00
31.6706	33.00
31.691	38.00
31.7115	27.00
31.732	22.00
31.7524	24.00
31.7729	27.00
31.7934	25.00
31.8138	20.00
31.8343	31.00
31.8548	31.00
31.8752	37.00
31.8957	28.00
31.9161	15.00
31.9366	34.00
31.9571	31.00
31.9775	17.00
31.998	31.00
32.0185	28.00
32.0389	24.00
32.0594	26.00
32.0798	20.00
32.1003	31.00
32.1208	25.00
32.1412	31.00
32.1617	28.00
32.1822	34.00
32.2026	29.00
32.2231	34.00
32.2436	29.00
32.264	23.00
32.2845	44.00
32.3049	29.00
32.3254	27.00
32.3459	21.00
32.3663	15.00
32.3868	27.00
32.4073	29.00
32.4277	25.00
32.4482	16.00
32.4686	31.00
32.4891	34.00
32.5096	23.00
32.53	18.00
32.5505	28.00
32.571	27.00
32.5914	31.00
32.6119	22.00
32.6324	21.00
32.6528	35.00
32.6733	33.00
32.6937	34.00
32.7142	24.00
32.7347	22.00
32.7551	23.00
32.7756	24.00
32.7961	26.00
32.8165	24.00
32.837	25.00
32.8574	33.00
32.8779	29.00
32.8984	26.00
32.9188	27.00
32.9393	26.00
32.9598	27.00
32.9802	27.00
33.0007	23.00
33.0212	23.00
33.0416	26.00
33.0621	20.00
33.0825	25.00
33.103	25.00
33.1235	13.00
33.1439	22.00
33.1644	22.00
33.1849	22.00
33.2053	22.00
33.2258	33.00
33.2462	13.00
33.2667	23.00
33.2872	23.00
33.3076	21.00
33.3281	18.00
33.3486	29.00
33.369	32.00
33.3895	36.00
33.41	27.00
33.4304	30.00
33.4509	33.00
33.4713	19.00
33.4918	19.00
33.5123	27.00
33.5327	20.00
33.5532	31.00
33.5737	25.00
33.5941	31.00
33.6146	24.00
33.635	24.00
33.6555	32.00
33.676	25.00
33.6964	31.00
33.7169	26.00
33.7374	38.00
33.7578	28.00
33.7783	35.00
33.7988	44.00
33.8192	26.00
33.8397	29.00
33.8601	49.00
33.8806	50.00
33.9011	44.00
33.9215	46.00
33.942	44.00
33.9625	37.00
33.9829	42.00
34.0034	33.00
34.0238	38.00
34.0443	30.00
34.0648	29.00
34.0852	39.00
34.1057	30.00
34.1262	17.00
34.1466	23.00
34.1671	32.00
34.1876	33.00
34.208	25.00
34.2285	22.00
34.2489	25.00
34.2694	27.00
34.2899	30.00
34.3103	21.00
34.3308	35.00
34.3513	24.00
34.3717	25.00
34.3922	23.00
34.4126	30.00
34.4331	23.00
34.4536	26.00
34.474	31.00
34.4945	26.00
34.515	18.00
34.5354	28.00
34.5559	27.00
34.5764	15.00
34.5968	31.00
34.6173	34.00
34.6377	23.00
34.6582	25.00
34.6787	25.00
34.6991	36.00
34.7196	28.00
34.7401	23.00
34.7605	23.00
34.781	28.00
34.8014	24.00
34.8219	24.00
34.8424	24.00
34.8628	33.00
34.8833	23.00
34.9038	24.00
34.9242	30.00
34.9447	31.00
34.9652	18.00
34.9856	22.00
35.0061	33.00
35.0265	32.00
35.047	21.00
35.0675	32.00
35.0879	20.00
35.1084	23.00
35.1289	34.00
35.1493	31.00
35.1698	36.00
35.1902	26.00
35.2107	25.00
35.2312	29.00
35.2516	28.00
35.2721	23.00
35.2926	35.00
35.313	29.00
35.3335	28.00
35.354	23.00
35.3744	31.00
35.3949	28.00
35.4153	19.00
35.4358	31.00
35.4563	33.00
35.4767	29.00
35.4972	30.00
35.5177	26.00
35.5381	35.00
35.5586	26.00
35.579	24.00
35.5995	26.00
35.62	31.00
35.6404	36.00
35.6609	36.00
35.6814	30.00
35.7018	36.00
35.7223	32.00
35.7428	37.00
35.7632	38.00
35.7837	28.00
35.8041	35.00
35.8246	41.00
35.8451	42.00
35.8655	47.00
35.886	41.00
35.9065	59.00
35.9269	39.00
35.9474	61.00
35.9678	66.00
35.9883	74.00
36.0088	61.00
36.0292	106.00
36.0497	129.00
36.0702	149.00
36.0906	196.00
36.1111	289.00
36.1316	472.00
36.152	596.00
36.1725	779.00
36.1929	826.00
36.2134	826.00
36.2339	768.00
36.2543	737.00
36.2748	686.00
36.2953	591.00
36.3157	471.00
36.3362	394.00
36.3566	338.00
36.3771	279.00
36.3976	205.00
36.418	203.00
36.4385	166.00
36.459	147.00
36.4794	115.00
36.4999	104.00
36.5203	101.00
36.5408	80.00
36.5613	66.00
36.5817	81.00
36.6022	55.00
36.6227	59.00
36.6431	61.00
36.6636	62.00
36.6841	62.00
36.7045	69.00
36.725	51.00
36.7454	51.00
36.7659	55.00
36.7864	42.00
36.8068	55.00
36.8273	50.00
36.8478	61.00
36.8682	54.00
36.8887	41.00
36.9091	37.00
36.9296	45.00
36.9501	44.00
36.9705	42.00
36.991	37.00
37.0115	35.00
37.0319	34.00
37.0524	36.00
37.0729	46.00
37.0933	44.00
37.1138	36.00
37.1342	30.00
37.1547	36.00
37.1752	32.00
37.1956	33.00
37.2161	33.00
37.2366	29.00
37.257	37.00
37.2775	37.00
37.2979	28.00
37.3184	23.00
37.3389	32.00
37.3593	34.00
37.3798	34.00
37.4003	41.00
37.4207	24.00
37.4412	18.00
37.4617	19.00
37.4821	32.00
37.5026	23.00
37.523	22.00
37.5435	32.00
37.564	30.00
37.5844	26.00
37.6049	36.00
37.6254	28.00
37.6458	28.00
37.6663	24.00
37.6867	30.00
37.7072	27.00
37.7277	41.00
37.7481	41.00
37.7686	48.00
37.7891	66.00
37.8095	80.00
37.83	77.00
37.8505	66.00
37.8709	66.00
37.8914	59.00
37.9118	51.00
37.9323	55.00
37.9528	38.00
37.9732	36.00
37.9937	38.00
38.0142	31.00
38.0346	35.00
38.0551	34.00
38.0755	23.00
38.096	16.00
38.1165	33.00
38.1369	21.00
38.1574	24.00
38.1779	13.00
38.1983	21.00
38.2188	21.00
38.2393	16.00
38.2597	22.00
38.2802	20.00
38.3006	14.00
38.3211	26.00
38.3416	17.00
38.362	12.00
38.3825	13.00
38.403	22.00
38.4234	27.00
38.4439	14.00
38.4643	14.00
38.4848	17.00
38.5053	30.00
38.5257	16.00
38.5462	20.00
38.5667	20.00
38.5871	29.00
38.6076	19.00
38.6281	9.00
38.6485	20.00
38.669	22.00
38.6894	11.00
38.7099	19.00
38.7304	13.00
38.7508	16.00
38.7713	12.00
38.7918	15.00
38.8122	16.00
38.8327	12.00
38.8531	24.00
38.8736	11.00
38.8941	21.00
38.9145	16.00
38.935	26.00
38.9555	23.00
38.9759	20.00
38.9964	16.00
39.0169	17.00
39.0373	18.00
39.0578	21.00
39.0782	10.00
39.0987	20.00
39.1192	12.00
39.1396	21.00
39.1601	16.00
39.1806	20.00
39.201	21.00
39.2215	15.00
39.2419	10.00
39.2624	14.00
39.2829	18.00
39.3033	13.00
39.3238	25.00
39.3443	12.00
39.3647	15.00
39.3852	16.00
39.4057	14.00
39.4261	10.00
39.4466	20.00
39.467	18.00
39.4875	17.00
39.508	17.00
39.5284	15.00
39.5489	14.00
39.5694	13.00
39.5898	18.00
39.6103	18.00
39.6307	14.00
39.6512	14.00
39.6717	16.00
39.6921	14.00
39.7126	27.00
39.7331	16.00
39.7535	14.00
39.774	13.00
39.7945	21.00
39.8149	15.00
39.8354	16.00
39.8558	14.00
39.8763	11.00
39.8968	11.00
39.9172	25.00
39.9377	18.00
39.9582	19.00
39.9786	15.00
39.9991	14.00
40.0195	14.00
40.04	12.00
40.0605	12.00
40.0809	13.00
40.1014	14.00
40.1219	9.00
40.1423	12.00
40.1628	17.00
40.1833	17.00
40.2037	16.00
40.2242	13.00
40.2446	15.00
40.2651	8.00
40.2856	13.00
40.306	14.00
40.3265	11.00
40.347	22.00
40.3674	13.00
40.3879	15.00
40.4083	10.00
40.4288	16.00
40.4493	17.00
40.4697	13.00
40.4902	11.00
40.5107	16.00
40.5311	16.00
40.5516	17.00
40.5721	12.00
40.5925	15.00
40.613	23.00
40.6334	17.00
40.6539	19.00
40.6744	14.00
40.6948	16.00
40.7153	16.00
40.7358	15.00
40.7562	17.00
40.7767	19.00
40.7971	15.00
40.8176	17.00
40.8381	10.00
40.8585	15.00
40.879	15.00
40.8995	24.00
40.9199	25.00
40.9404	11.00
40.9609	13.00
40.9813	15.00
41.0018	18.00
41.0222	13.00
41.0427	20.00
41.0632	20.00
41.0836	17.00
41.1041	12.00
41.1246	9.00
41.145	15.00
41.1655	15.00
41.1859	18.00
41.2064	11.00
41.2269	12.00
41.2473	23.00
41.2678	19.00
41.2883	19.00
41.3087	11.00
41.3292	15.00
41.3497	12.00
41.3701	15.00
41.3906	16.00
41.411	6.00
41.4315	13.00
41.452	6.00
41.4724	20.00
41.4929	19.00
41.5134	17.00
41.5338	14.00
41.5543	20.00
41.5747	23.00
41.5952	18.00
41.6157	16.00
41.6361	14.00
41.6566	22.00
41.6771	18.00
41.6975	21.00
41.718	19.00
41.7385	10.00
41.7589	21.00
41.7794	16.00
41.7998	15.00
41.8203	23.00
41.8408	19.00
41.8612	16.00
41.8817	19.00
41.9022	20.00
41.9226	16.00
41.9431	17.00
41.9635	10.00
41.984	26.00
42.0045	23.00
42.0249	18.00
42.0454	14.00
42.0659	10.00
42.0863	20.00
42.1068	19.00
42.1273	17.00
42.1477	19.00
42.1682	12.00
42.1886	22.00
42.2091	21.00
42.2296	24.00
42.25	16.00
42.2705	32.00
42.291	28.00
42.3114	24.00
42.3319	26.00
42.3523	39.00
42.3728	27.00
42.3933	38.00
42.4137	48.00
42.4342	36.00
42.4547	47.00
42.4751	51.00
42.4956	41.00
42.5161	35.00
42.5365	47.00
42.557	50.00
42.5774	44.00
42.5979	50.00
42.6184	42.00
42.6388	52.00
42.6593	38.00
42.6798	46.00
42.7002	62.00
42.7207	63.00
42.7411	42.00
42.7616	50.00
42.7821	40.00
42.8025	49.00
42.823	34.00
42.8435	41.00
42.8639	31.00
42.8844	33.00
42.9049	37.00
42.9253	32.00
42.9458	35.00
42.9662	25.00
42.9867	25.00
43.0072	29.00
43.0276	20.00
43.0481	23.00
43.0686	29.00
43.089	24.00
43.1095	28.00
43.1299	17.00
43.1504	20.00
43.1709	28.00
43.1913	19.00
43.2118	20.00
43.2323	19.00
43.2527	26.00
43.2732	21.00
43.2937	20.00
43.3141	22.00
43.3346	19.00
43.355	25.00
43.3755	12.00
43.396	14.00
43.4164	13.00
43.4369	16.00
43.4574	18.00
43.4778	20.00
43.4983	18.00
43.5187	15.00
43.5392	25.00
43.5597	23.00
43.5801	25.00
43.6006	30.00
43.6211	40.00
43.6415	24.00
43.662	32.00
43.6825	46.00
43.7029	58.00
43.7234	77.00
43.7438	116.00
43.7643	150.00
43.7848	178.00
43.8052	213.00
43.8257	181.00
43.8462	156.00
43.8666	185.00
43.8871	171.00
43.9075	161.00
43.928	170.00
43.9485	134.00
43.9689	105.00
43.9894	98.00
44.0099	70.00
44.0303	54.00
44.0508	46.00
44.0713	40.00
44.0917	42.00
44.1122	42.00
44.1326	32.00
44.1531	33.00
44.1736	22.00
44.194	21.00
44.2145	28.00
44.235	17.00
44.2554	17.00
44.2759	29.00
44.2963	24.00
44.3168	25.00
44.3373	17.00
44.3577	15.00
44.3782	12.00
44.3987	15.00
44.4191	13.00
44.4396	20.00
44.4601	12.00
44.4805	14.00
44.501	14.00
44.5214	22.00
44.5419	11.00
44.5624	13.00
44.5828	19.00
44.6033	17.00
44.6238	16.00
44.6442	10.00
44.6647	13.00
44.6851	15.00
44.7056	14.00
44.7261	11.00
44.7465	17.00
44.767	19.00
44.7875	17.00
44.8079	15.00
44.8284	5.00
44.8489	9.00
44.8693	17.00
44.8898	11.00
44.9102	16.00
44.9307	12.00
44.9512	10.00
44.9716	13.00
44.9921	11.00
45.0126	12.00
45.033	12.00
45.0535	11.00
45.0739	14.00
45.0944	16.00
45.1149	11.00
45.1353	10.00
45.1558	11.00
45.1763	10.00
45.1967	14.00
45.2172	14.00
45.2377	18.00
45.2581	10.00
45.2786	11.00
45.299	6.00
45.3195	13.00
45.34	11.00
45.3604	11.00
45.3809	15.00
45.4014	16.00
45.4218	18.00
45.4423	9.00
45.4627	15.00
45.4832	6.00
45.5037	13.00
45.5241	18.00
45.5446	14.00
45.5651	12.00
45.5855	14.00
45.606	16.00
45.6265	11.00
45.6469	16.00
45.6674	17.00
45.6878	9.00
45.7083	12.00
45.7288	13.00
45.7492	16.00
45.7697	8.00
45.7902	11.00
45.8106	8.00
45.8311	10.00
45.8515	14.00
45.872	8.00
45.8925	9.00
45.9129	12.00
45.9334	7.00
45.9539	11.00
45.9743	9.00
45.9948	15.00
46.0153	14.00
46.0357	14.00
46.0562	9.00
46.0766	12.00
46.0971	7.00
46.1176	8.00
46.138	10.00
46.1585	9.00
46.179	11.00
46.1994	15.00
46.2199	17.00
46.2403	9.00
46.2608	13.00
46.2813	12.00
46.3017	6.00
46.3222	10.00
46.3427	6.00
46.3631	6.00
46.3836	5.00
46.4041	16.00
46.4245	15.00
46.445	12.00
46.4654	15.00
46.4859	8.00
46.5064	11.00
46.5268	7.00
46.5473	11.00
46.5678	11.00
46.5882	13.00
46.6087	9.00
46.6291	7.00
46.6496	9.00
46.6701	12.00
46.6905	8.00
46.711	12.00
46.7315	7.00
46.7519	7.00
46.7724	8.00
46.7929	12.00
46.8133	13.00
46.8338	12.00
46.8542	9.00
46.8747	22.00
46.8952	8.00
46.9156	12.00
46.9361	13.00
46.9566	9.00
46.977	5.00
46.9975	10.00
47.0179	14.00
47.0384	5.00
47.0589	13.00
47.0793	5.00
47.0998	11.00
47.1203	12.00
47.1407	11.00
47.1612	11.00
47.1817	13.00
47.2021	5.00
47.2226	11.00
47.243	9.00
47.2635	7.00
47.284	7.00
47.3044	8.00
47.3249	6.00
47.3454	16.00
47.3658	10.00
47.3863	8.00
47.4067	15.00
47.4272	6.00
47.4477	9.00
47.4681	9.00
47.4886	5.00
47.5091	10.00
47.5295	6.00
47.55	16.00
47.5705	9.00
47.5909	16.00
47.6114	9.00
47.6318	8.00
47.6523	9.00
47.6728	6.00
47.6932	10.00
47.7137	6.00
47.7342	9.00
47.7546	12.00
47.7751	16.00
47.7955	3.00
47.816	9.00
47.8365	13.00
47.8569	22.00
47.8774	14.00
47.8979	11.00
47.9183	11.00
47.9388	17.00
47.9593	15.00
47.9797	13.00
48.0002	21.00
48.0206	9.00
48.0411	13.00
48.0616	16.00
48.082	18.00
48.1025	15.00
48.123	8.00
48.1434	10.00
48.1639	11.00
48.1843	7.00
48.2048	14.00
48.2253	11.00
48.2457	10.00
48.2662	12.00
48.2867	9.00
48.3071	13.00
48.3276	9.00
48.3481	4.00
48.3685	9.00
48.389	12.00
48.4094	11.00
48.4299	13.00
48.4504	11.00
48.4708	7.00
48.4913	8.00
48.5118	6.00
48.5322	12.00
48.5527	8.00
48.5731	10.00
48.5936	9.00
48.6141	11.00
48.6345	9.00
48.655	8.00
48.6755	9.00
48.6959	7.00
48.7164	8.00
48.7369	10.00
48.7573	12.00
48.7778	11.00
48.7982	14.00
48.8187	7.00
48.8392	8.00
48.8596	9.00
48.8801	10.00
48.9006	10.00
48.921	12.00
48.9415	6.00
48.9619	7.00
48.9824	10.00
49.0029	10.00
49.0233	11.00
49.0438	4.00
49.0643	11.00
49.0847	14.00
49.1052	7.00
49.1257	19.00
49.1461	11.00
49.1666	9.00
49.187	10.00
49.2075	13.00
49.228	4.00
49.2484	16.00
49.2689	6.00
49.2894	5.00
49.3098	7.00
49.3303	8.00
49.3507	9.00
49.3712	6.00
49.3917	6.00
49.4121	10.00
49.4326	12.00
49.4531	6.00
49.4735	9.00
49.494	9.00
49.5145	11.00
49.5349	6.00
49.5554	11.00
49.5758	11.00
49.5963	10.00
49.6168	14.00
49.6372	8.00
49.6577	5.00
49.6782	12.00
49.6986	6.00
49.7191	10.00
49.7395	10.00
49.76	11.00
49.7805	5.00
49.8009	12.00
49.8214	8.00
49.8419	6.00
49.8623	16.00
49.8828	11.00
49.9033	10.00
49.9237	9.00
49.9442	6.00
49.9646	14.00
49.9851	6.00
50.0056	10.00
50.026	12.00
50.0465	15.00
50.067	9.00
50.0874	24.00
50.1079	24.00
50.1283	16.00
50.1488	11.00
50.1693	19.00
50.1897	18.00
50.2102	22.00
50.2307	14.00
50.2511	15.00
50.2716	14.00
50.2921	13.00
50.3125	11.00
50.333	5.00
50.3534	17.00
50.3739	8.00
50.3944	10.00
50.4148	13.00
50.4353	11.00
50.4558	11.00
50.4762	11.00
50.4967	9.00
50.5171	9.00
50.5376	15.00
50.5581	7.00
50.5785	13.00
50.599	8.00
50.6195	17.00
50.6399	9.00
50.6604	8.00
50.6809	10.00
50.7013	5.00
50.7218	8.00
50.7422	6.00
50.7627	10.00
50.7832	14.00
50.8036	5.00
50.8241	6.00
50.8446	5.00
50.865	10.00
50.8855	9.00
50.9059	12.00
50.9264	8.00
50.9469	6.00
50.9673	12.00
50.9878	11.00
51.0083	8.00
51.0287	11.00
51.0492	10.00
51.0697	9.00
51.0901	11.00
51.1106	10.00
51.131	12.00
51.1515	11.00
51.172	3.00
51.1924	7.00
51.2129	12.00
51.2334	12.00
51.2538	9.00
51.2743	10.00
51.2947	9.00
51.3152	11.00
51.3357	11.00
51.3561	5.00
51.3766	10.00
51.3971	10.00
51.4175	9.00
51.438	7.00
51.4585	14.00
51.4789	10.00
51.4994	10.00
51.5198	11.00
51.5403	13.00
51.5608	9.00
51.5812	6.00
51.6017	7.00
51.6222	11.00
51.6426	6.00
51.6631	6.00
51.6835	11.00
51.704	11.00
51.7245	7.00
51.7449	4.00
51.7654	8.00
51.7859	5.00
51.8063	5.00
51.8268	7.00
51.8473	13.00
51.8677	10.00
51.8882	7.00
51.9086	6.00
51.9291	9.00
51.9496	11.00
51.97	5.00
51.9905	8.00
52.011	11.00
52.0314	7.00
52.0519	8.00
52.0723	11.00
52.0928	11.00
52.1133	11.00
52.1337	11.00
52.1542	8.00
52.1747	13.00
52.1951	6.00
52.2156	7.00
52.2361	2.00
52.2565	9.00
52.277	7.00
52.2974	13.00
52.3179	11.00
52.3384	9.00
52.3588	13.00
52.3793	7.00
52.3998	2.00
52.4202	6.00
52.4407	10.00
52.4611	11.00
52.4816	9.00
52.5021	7.00
52.5225	3.00
52.543	3.00
52.5635	3.00
52.5839	12.00
52.6044	5.00
52.6249	10.00
52.6453	13.00
52.6658	11.00
52.6862	8.00
52.7067	8.00
52.7272	12.00
52.7476	7.00
52.7681	6.00
52.7886	6.00
52.809	12.00
52.8295	7.00
52.8499	13.00
52.8704	11.00
52.8909	7.00
52.9113	7.00
52.9318	8.00
52.9523	13.00
52.9727	8.00
52.9932	7.00
53.0137	9.00
53.0341	9.00
53.0546	8.00
53.075	10.00
53.0955	13.00
53.116	8.00
53.1364	9.00
53.1569	13.00
53.1774	11.00
53.1978	11.00
53.2183	6.00
53.2387	6.00
53.2592	11.00
53.2797	4.00
53.3001	5.00
53.3206	7.00
53.3411	7.00
53.3615	15.00
53.382	16.00
53.4025	12.00
53.4229	10.00
53.4434	8.00
53.4638	12.00
53.4843	8.00
53.5048	8.00
53.5252	6.00
53.5457	13.00
53.5662	10.00
53.5866	3.00
53.6071	8.00
53.6275	15.00
53.648	16.00
53.6685	8.00
53.6889	7.00
53.7094	10.00
53.7299	12.00
53.7503	10.00
53.7708	14.00
53.7913	11.00
53.8117	16.00
53.8322	22.00
53.8526	15.00
53.8731	19.00
53.8936	18.00
53.914	20.00
53.9345	14.00
53.955	15.00
53.9754	27.00
53.9959	24.00
54.0163	31.00
54.0368	27.00
54.0573	32.00
54.0777	54.00
54.0982	55.00
54.1187	76.00
54.1391	108.00
54.1596	73.00
54.18	94.00
54.2005	63.00
54.221	61.00
54.2414	59.00
54.2619	83.00
54.2824	73.00
54.3028	44.00
54.3233	58.00
54.3438	48.00
54.3642	37.00
54.3847	41.00
54.4051	27.00
54.4256	30.00
54.4461	41.00
54.4665	24.00
54.487	18.00
54.5075	25.00
54.5279	16.00
54.5484	17.00
54.5688	19.00
54.5893	19.00
54.6098	12.00
54.6302	17.00
54.6507	21.00
54.6712	28.00
54.6916	26.00
54.7121	12.00
54.7326	18.00
54.753	18.00
54.7735	19.00
54.7939	20.00
54.8144	17.00
54.8349	18.00
54.8553	14.00
54.8758	14.00
54.8963	6.00
54.9167	10.00
54.9372	17.00
54.9576	4.00
54.9781	14.00
54.9986	9.00
55.019	13.00
55.0395	13.00
55.06	16.00
55.0804	12.00
55.1009	15.00
55.1214	11.00
55.1418	8.00
55.1623	10.00
55.1827	12.00
55.2032	14.00
55.2237	12.00
55.2441	9.00
55.2646	8.00
55.2851	13.00
55.3055	12.00
55.326	8.00
55.3464	11.00
55.3669	4.00
55.3874	13.00
55.4078	11.00
55.4283	9.00
55.4488	10.00
55.4692	16.00
55.4897	7.00
55.5102	15.00
55.5306	9.00
55.5511	14.00
55.5715	5.00
55.592	6.00
55.6125	14.00
55.6329	11.00
55.6534	9.00
55.6739	11.00
55.6943	15.00
55.7148	6.00
55.7352	9.00
55.7557	6.00
55.7762	4.00
55.7966	10.00
55.8171	19.00
55.8376	4.00
55.858	9.00
55.8785	9.00
55.899	5.00
55.9194	11.00
55.9399	8.00
55.9603	14.00
55.9808	15.00
56.0013	5.00
56.0217	9.00
56.0422	11.00
56.0627	3.00
56.0831	8.00
56.1036	9.00
56.124	18.00
56.1445	9.00
56.165	7.00
56.1854	9.00
56.2059	8.00
56.2264	9.00
56.2468	10.00
56.2673	14.00
56.2878	9.00
56.3082	6.00
56.3287	6.00
56.3491	8.00
56.3696	10.00
56.3901	10.00
56.4105	11.00
56.431	11.00
56.4515	4.00
56.4719	9.00
56.4924	10.00
56.5128	5.00
56.5333	11.00
56.5538	11.00
56.5742	9.00
56.5947	10.00
56.6152	9.00
56.6356	7.00
56.6561	15.00
56.6766	11.00
56.697	12.00
56.7175	7.00
56.7379	8.00
56.7584	8.00
56.7789	9.00
56.7993	5.00
56.8198	8.00
56.8403	9.00
56.8607	9.00
56.8812	11.00
56.9016	9.00
56.9221	8.00
56.9426	7.00
56.963	13.00
56.9835	14.00
57.004	18.00
57.0244	5.00
57.0449	10.00
57.0654	14.00
57.0858	14.00
57.1063	20.00
57.1267	13.00
57.1472	13.00
57.1677	11.00
57.1881	13.00
57.2086	21.00
57.2291	16.00
57.2495	12.00
57.27	16.00
57.2904	19.00
57.3109	25.00
57.3314	30.00
57.3518	15.00
57.3723	30.00
57.3928	27.00
57.4132	30.00
57.4337	30.00
57.4542	30.00
57.4746	38.00
57.4951	53.00
57.5155	34.00
57.536	50.00
57.5565	73.00
57.5769	87.00
57.5974	123.00
57.6179	159.00
57.6383	213.00
57.6588	227.00
57.6792	231.00
57.6997	230.00
57.7202	191.00
57.7406	154.00
57.7611	155.00
57.7816	191.00
57.802	163.00
57.8225	192.00
57.843	166.00
57.8634	137.00
57.8839	136.00
57.9043	108.00
57.9248	90.00
57.9453	82.00
57.9657	66.00
57.9862	48.00
58.0067	53.00
58.0271	50.00
58.0476	33.00
58.068	37.00
58.0885	40.00
58.109	40.00
58.1294	29.00
58.1499	27.00
58.1704	26.00
58.1908	27.00
58.2113	25.00
58.2318	20.00
58.2522	24.00
58.2727	21.00
58.2931	13.00
58.3136	20.00
58.3341	14.00
58.3545	21.00
58.375	13.00
58.3955	8.00
58.4159	11.00
58.4364	11.00
58.4568	12.00
58.4773	15.00
58.4978	11.00
58.5182	10.00
58.5387	16.00
58.5592	10.00
58.5796	15.00
58.6001	7.00
58.6206	10.00
58.641	17.00
58.6615	15.00
58.6819	9.00
58.7024	10.00
58.7229	7.00
58.7433	10.00
58.7638	10.00
58.7843	9.00
58.8047	10.00
58.8252	13.00
58.8456	14.00
58.8661	13.00
58.8866	11.00
58.907	10.00
58.9275	9.00
58.948	9.00
58.9684	10.00
58.9889	8.00
59.0094	7.00
59.0298	9.00
59.0503	8.00
59.0707	6.00
59.0912	13.00
59.1117	7.00
59.1321	15.00
59.1526	13.00
59.1731	12.00
59.1935	7.00
59.214	10.00
59.2344	13.00
59.2549	14.00
59.2754	11.00
59.2958	9.00
59.3163	10.00
59.3368	11.00
59.3572	7.00
59.3777	12.00
59.3982	12.00
59.4186	7.00
59.4391	9.00
59.4595	9.00
59.48	8.00
59.5005	10.00
59.5209	11.00
59.5414	11.00
59.5619	11.00
59.5823	12.00
59.6028	13.00
59.6232	11.00
59.6437	11.00
59.6642	8.00
59.6846	6.00
59.7051	13.00
59.7256	9.00
59.746	14.00
59.7665	10.00
59.787	14.00
59.8074	9.00
59.8279	11.00
59.8483	11.00
59.8688	12.00
59.8893	17.00
59.9097	12.00
59.9302	9.00
59.9507	10.00
59.9711	10.00
59.9916	6.00
60.012	8.00
60.0325	5.00
60.053	5.00
60.0734	13.00
60.0939	5.00
60.1144	10.00
60.1348	13.00
60.1553	8.00
60.1758	8.00
60.1962	14.00
60.2167	4.00
60.2371	10.00
60.2576	9.00
60.2781	8.00
60.2985	8.00
60.319	8.00
60.3395	10.00
60.3599	11.00
60.3804	11.00
60.4008	12.00
60.4213	11.00
60.4418	10.00
60.4622	9.00
60.4827	12.00
60.5032	15.00
60.5236	18.00
60.5441	8.00
60.5646	8.00
60.585	7.00
60.6055	9.00
60.6259	5.00
60.6464	7.00
60.6669	8.00
60.6873	12.00
60.7078	18.00
60.7283	12.00
60.7487	11.00
60.7692	17.00
60.7896	13.00
60.8101	15.00
60.8306	13.00
60.851	13.00
60.8715	15.00
60.892	15.00
60.9124	16.00
60.9329	13.00
60.9534	10.00
60.9738	13.00
60.9943	20.00
61.0147	13.00
61.0352	14.00
61.0557	18.00
61.0761	27.00
61.0966	13.00
61.1171	13.00
61.1375	11.00
61.158	25.00
61.1784	22.00
61.1989	14.00
61.2194	29.00
61.2398	15.00
61.2603	23.00
61.2808	12.00
61.3012	18.00
61.3217	19.00
61.3422	30.00
61.3626	19.00
61.3831	24.00
61.4035	21.00
61.424	19.00
61.4445	24.00
61.4649	24.00
61.4854	15.00
61.5059	25.00
61.5263	23.00
61.5468	24.00
61.5672	19.00
61.5877	16.00
61.6082	24.00
61.6286	28.00
61.6491	19.00
61.6696	31.00
61.69	19.00
61.7105	18.00
61.731	22.00
61.7514	21.00
61.7719	18.00
61.7923	19.00
61.8128	16.00
61.8333	32.00
61.8537	23.00
61.8742	21.00
61.8947	20.00
61.9151	21.00
61.9356	20.00
61.956	28.00
61.9765	15.00
61.997	16.00
62.0174	16.00
62.0379	21.00
62.0584	21.00
62.0788	22.00
62.0993	17.00
62.1198	13.00
62.1402	7.00
62.1607	13.00
62.1811	16.00
62.2016	15.00
62.2221	15.00
62.2425	16.00
62.263	15.00
62.2835	8.00
62.3039	10.00
62.3244	7.00
62.3448	11.00
62.3653	13.00
62.3858	13.00
62.4062	16.00
62.4267	18.00
62.4472	12.00
62.4676	9.00
62.4881	10.00
62.5086	15.00
62.529	20.00
62.5495	16.00
62.5699	11.00
62.5904	15.00
62.6109	12.00
62.6313	15.00
62.6518	16.00
62.6723	16.00
62.6927	20.00
62.7132	16.00
62.7336	17.00
62.7541	15.00
62.7746	14.00
62.795	17.00
62.8155	16.00
62.836	14.00
62.8564	22.00
62.8769	28.00
62.8974	30.00
62.9178	28.00
62.9383	29.00
62.9587	36.00
62.9792	39.00
62.9997	34.00
63.0201	39.00
63.0406	55.00
63.0611	73.00
63.0815	64.00
63.102	90.00
63.1224	87.00
63.1429	108.00
63.1634	157.00
63.1838	229.00
63.2043	254.00
63.2248	269.00
63.2452	303.00
63.2657	267.00
63.2862	256.00
63.3066	241.00
63.3271	226.00
63.3475	218.00
63.368	224.00
63.3885	240.00
63.4089	226.00
63.4294	188.00
63.4499	205.00
63.4703	164.00
63.4908	147.00
63.5112	125.00
63.5317	109.00
63.5522	89.00
63.5726	84.00
63.5931	76.00
63.6136	77.00
63.634	48.00
63.6545	47.00
63.675	63.00
63.6954	54.00
63.7159	25.00
63.7363	32.00
63.7568	33.00
63.7773	31.00
63.7977	30.00
63.8182	30.00
63.8387	25.00
63.8591	29.00
63.8796	15.00
63.9	29.00
63.9205	33.00
63.941	15.00
63.9614	17.00
63.9819	13.00
64.0024	14.00
64.0228	23.00
64.0433	14.00
64.0638	18.00
64.0842	8.00
64.1047	16.00
64.1251	10.00
64.1456	22.00
64.1661	17.00
64.1865	14.00
64.207	12.00
64.2275	11.00
64.2479	9.00
64.2684	14.00
64.2888	11.00
64.3093	16.00
64.3298	11.00
64.3502	13.00
64.3707	13.00
64.3912	12.00
64.4116	13.00
64.4321	9.00
64.4526	19.00
64.473	11.00
64.4935	10.00
64.5139	9.00
64.5344	15.00
64.5549	16.00
64.5753	12.00
64.5958	16.00
64.6163	15.00
64.6367	16.00
64.6572	16.00
64.6776	10.00
64.6981	13.00
64.7186	20.00
64.739	10.00
64.7595	11.00
64.78	19.00
64.8004	10.00
64.8209	13.00
64.8414	13.00
64.8618	8.00
64.8823	9.00
64.9027	4.00
64.9232	12.00
64.9437	5.00
64.9641	6.00
64.9846	10.00
65.0051	11.00
65.0255	8.00
65.046	11.00
65.0664	13.00
65.0869	8.00
65.1074	14.00
65.1278	10.00
65.1483	6.00
65.1688	9.00
65.1892	5.00
65.2097	5.00
65.2302	7.00
65.2506	6.00
65.2711	7.00
65.2915	11.00
65.312	7.00
65.3325	12.00
65.3529	9.00
65.3734	5.00
65.3939	12.00
65.4143	7.00
65.4348	8.00
65.4552	6.00
65.4757	10.00
65.4962	6.00
65.5166	13.00
65.5371	10.00
65.5576	3.00
65.578	9.00
65.5985	9.00
65.619	7.00
65.6394	2.00
65.6599	7.00
65.6803	5.00
65.7008	8.00
65.7213	12.00
65.7417	4.00
65.7622	8.00
65.7827	7.00
65.8031	7.00
65.8236	10.00
65.844	12.00
65.8645	8.00
65.885	6.00
65.9054	9.00
65.9259	4.00
65.9464	4.00
65.9668	13.00
65.9873	5.00
66.0078	5.00
66.0282	8.00
66.0487	4.00
66.0691	7.00
66.0896	4.00
66.1101	5.00
66.1305	9.00
66.151	7.00
66.1715	10.00
66.1919	7.00
66.2124	8.00
66.2328	13.00
66.2533	15.00
66.2738	11.00
66.2942	13.00
66.3147	9.00
66.3352	10.00
66.3556	8.00
66.3761	6.00
66.3966	15.00
66.417	5.00
66.4375	9.00
66.4579	6.00
66.4784	15.00
66.4989	10.00
66.5193	11.00
66.5398	5.00
66.5603	7.00
66.5807	13.00
66.6012	8.00
66.6216	13.00
66.6421	5.00
66.6626	9.00
66.683	9.00
66.7035	7.00
66.724	5.00
66.7444	11.00
66.7649	12.00
66.7854	3.00
66.8058	2.00
66.8263	11.00
66.8467	10.00
66.8672	4.00
66.8877	4.00
66.9081	7.00
66.9286	9.00
66.9491	8.00
66.9695	4.00
66.99	5.00
67.0104	5.00
67.0309	6.00
67.0514	6.00
67.0718	6.00
67.0923	9.00
67.1128	10.00
67.1332	8.00
67.1537	7.00
67.1742	2.00
67.1946	8.00
67.2151	7.00
67.2355	3.00
67.256	5.00
67.2765	9.00
67.2969	5.00
67.3174	7.00
67.3379	5.00
67.3583	5.00
67.3788	4.00
67.3992	6.00
67.4197	17.00
67.4402	11.00
67.4606	4.00
67.4811	11.00
67.5016	8.00
67.522	4.00
67.5425	11.00
67.563	11.00
67.5834	11.00
67.6039	5.00
67.6243	7.00
67.6448	8.00
67.6653	7.00
67.6857	5.00
67.7062	6.00
67.7267	9.00
67.7471	4.00
67.7676	8.00
67.788	4.00
67.8085	7.00
67.829	9.00
67.8494	7.00
67.8699	3.00
67.8904	9.00
67.9108	7.00
67.9313	8.00
67.9518	12.00
67.9722	11.00
67.9927	5.00
68.0131	5.00
68.0336	6.00
68.0541	12.00
68.0745	8.00
68.095	10.00
68.1155	4.00
68.1359	5.00
68.1564	7.00
68.1768	4.00
68.1973	5.00
68.2178	3.00
68.2382	6.00
68.2587	8.00
68.2792	5.00
68.2996	6.00
68.3201	3.00
68.3406	9.00
68.361	8.00
68.3815	9.00
68.4019	8.00
68.4224	5.00
68.4429	6.00
68.4633	6.00
68.4838	2.00
68.5043	7.00
68.5247	5.00
68.5452	3.00
68.5656	7.00
68.5861	4.00
68.6066	6.00
68.627	8.00
68.6475	6.00
68.668	7.00
68.6884	3.00
68.7089	9.00
68.7294	6.00
68.7498	6.00
68.7703	2.00
68.7907	2.00
68.8112	18.00
68.8317	11.00
68.8521	11.00
68.8726	5.00
68.8931	8.00
68.9135	7.00
68.934	9.00
68.9544	9.00
68.9749	11.00
68.9954	5.00
69.0158	3.00
69.0363	7.00
69.0568	7.00
69.0772	3.00
69.0977	2.00
69.1182	10.00
69.1386	10.00
69.1591	5.00
69.1795	10.00
69.2	3.00
69.2205	5.00
69.2409	6.00
69.2614	8.00
69.2819	10.00
69.3023	18.00
69.3228	3.00
69.3432	3.00
69.3637	6.00
69.3842	8.00
69.4046	6.00
69.4251	9.00
69.4456	4.00
69.466	8.00
69.4865	2.00
69.507	8.00
69.5274	11.00
69.5479	7.00
69.5683	10.00
69.5888	4.00
69.6093	7.00
69.6297	8.00
69.6502	4.00
69.6707	5.00
69.6911	8.00
69.7116	7.00
69.732	9.00
69.7525	11.00
69.773	7.00
69.7934	5.00
69.8139	4.00
69.8344	10.00
69.8548	7.00
69.8753	6.00
69.8958	7.00
69.9162	8.00
69.9367	9.00
69.9571	5.00
69.9776	3.00
69.9981	7.00
70.0185	5.00
70.039	9.00
70.0595	5.00
70.0799	14.00
70.1004	12.00
70.1208	7.00
70.1413	2.00
70.1618	7.00
70.1822	7.00
70.2027	8.00
70.2232	3.00
70.2436	3.00
70.2641	8.00
70.2846	6.00
70.305	5.00
70.3255	9.00
70.3459	2.00
70.3664	6.00
70.3869	5.00
70.4073	2.00
70.4278	9.00
70.4483	6.00
70.4687	6.00
70.4892	6.00
70.5096	4.00
70.5301	9.00
70.5506	4.00
70.571	10.00
70.5915	8.00
70.612	8.00
70.6324	7.00
70.6529	1.00
70.6734	4.00
70.6938	6.00
70.7143	5.00
70.7347	9.00
70.7552	8.00
70.7757	9.00
70.7961	7.00
70.8166	6.00
70.8371	6.00
70.8575	5.00
70.878	6.00
70.8984	7.00
70.9189	3.00
70.9394	7.00
70.9598	5.00
70.9803	3.00
71.0008	5.00
71.0212	4.00
71.0417	8.00
71.0622	7.00
71.0826	5.00
71.1031	8.00
71.1235	5.00
71.144	10.00
71.1645	10.00
71.1849	9.00
71.2054	7.00
71.2259	8.00
71.2463	12.00
71.2668	5.00
71.2872	9.00
71.3077	3.00
71.3282	15.00
71.3486	6.00
71.3691	6.00
71.3896	9.00
71.41	7.00
71.4305	2.00
71.451	9.00
71.4714	11.00
71.4919	10.00
71.5123	10.00
71.5328	28.00
71.5533	14.00
71.5737	20.00
71.5942	30.00
71.6147	29.00
71.6351	34.00
71.6556	24.00
71.676	28.00
71.6965	23.00
71.717	23.00
71.7374	12.00
71.7579	24.00
71.7784	20.00
71.7988	27.00
71.8193	32.00
71.8398	21.00
71.8602	17.00
71.8807	22.00
71.9011	14.00
71.9216	8.00
71.9421	19.00
71.9625	15.00
71.983	11.00
72.0035	18.00
72.0239	15.00
72.0444	8.00
72.0648	12.00
72.0853	9.00
72.1058	12.00
72.1262	11.00
72.1467	4.00
72.1672	7.00
72.1876	9.00
72.2081	14.00
72.2285	8.00
72.249	4.00
72.2695	10.00
72.2899	12.00
72.3104	9.00
72.3309	4.00
72.3513	5.00
72.3718	12.00
72.3923	7.00
72.4127	7.00
72.4332	6.00
72.4536	6.00
72.4741	6.00
72.4946	9.00
72.515	11.00
72.5355	8.00
72.556	8.00
72.5764	14.00
72.5969	10.00
72.6173	16.00
72.6378	12.00
72.6583	10.00
72.6787	11.00
72.6992	9.00
72.7197	7.00
72.7401	1.00
72.7606	17.00
72.7811	3.00
72.8015	13.00
72.822	8.00
72.8424	9.00
72.8629	9.00
72.8834	7.00
72.9038	9.00
72.9243	8.00
72.9448	9.00
72.9652	5.00
72.9857	8.00
73.0061	13.00
73.0266	15.00
73.0471	5.00
73.0675	13.00
73.088	11.00
73.1085	15.00
73.1289	10.00
73.1494	9.00
73.1699	10.00
73.1903	6.00
73.2108	7.00
73.2312	11.00
73.2517	10.00
73.2722	8.00
73.2926	9.00
73.3131	13.00
73.3336	10.00
73.354	6.00
73.3745	16.00
73.3949	6.00
73.4154	11.00
73.4359	15.00
73.4563	11.00
73.4768	10.00
73.4973	7.00
73.5177	11.00
73.5382	7.00
73.5587	13.00
73.5791	11.00
73.5996	9.00
73.62	14.00
73.6405	16.00
73.661	7.00
73.6814	12.00
73.7019	8.00
73.7224	9.00
73.7428	11.00
73.7633	7.00
73.7837	13.00
73.8042	14.00
73.8247	12.00
73.8451	8.00
73.8656	12.00
73.8861	16.00
73.9065	8.00
73.927	7.00
73.9475	7.00
73.9679	13.00
73.9884	6.00
74.0088	7.00
74.0293	11.00
74.0498	14.00
74.0702	10.00
74.0907	11.00
74.1112	7.00
74.1316	9.00
74.1521	9.00
74.1725	10.00
74.193	6.00
74.2135	10.00
74.2339	11.00
74.2544	9.00
74.2749	7.00
74.2953	12.00
74.3158	6.00
74.3363	10.00
74.3567	5.00
74.3772	9.00
74.3976	19.00
74.4181	11.00
74.4386	15.00
74.459	12.00
74.4795	21.00
74.5	23.00
74.5204	28.00
74.5409	24.00
74.5613	36.00
74.5818	39.00
74.6023	47.00
74.6227	50.00
74.6432	52.00
74.6637	46.00
74.6841	37.00
74.7046	46.00
74.7251	38.00
74.7455	38.00
74.766	30.00
74.7864	33.00
74.8069	48.00
74.8274	39.00
74.8478	51.00
74.8683	37.00
74.8888	40.00
74.9092	32.00
74.9297	18.00
74.9501	33.00
74.9706	33.00
74.9911	19.00
75.0115	24.00
75.032	21.00
75.0525	19.00
75.0729	22.00
75.0934	12.00
75.1139	17.00
75.1343	13.00
75.1548	10.00
75.1752	7.00
75.1957	19.00
75.2162	14.00
75.2366	11.00
75.2571	12.00
75.2776	17.00
75.298	10.00
75.3185	16.00
75.3389	9.00
75.3594	9.00
75.3799	12.00
75.4003	11.00
75.4208	5.00
75.4413	10.00
75.4617	13.00
75.4822	12.00
75.5027	17.00
75.5231	8.00
75.5436	29.00
75.564	20.00
75.5845	23.00
75.605	20.00
75.6254	23.00
75.6459	20.00
75.6664	25.00
75.6868	21.00
75.7073	15.00
75.7277	21.00
75.7482	27.00
75.7687	18.00
75.7891	12.00
75.8096	23.00
75.8301	23.00
75.8505	23.00
75.871	17.00
75.8915	20.00
75.9119	18.00
75.9324	17.00
75.9528	14.00
75.9733	11.00
75.9938	14.00
76.0142	11.00
76.0347	12.00
76.0552	14.00
76.0756	10.00
76.0961	20.00
76.1165	1.00
76.137	10.00
76.1575	10.00
76.1779	6.00
76.1984	8.00
76.2189	4.00
76.2393	8.00
76.2598	8.00
76.2803	8.00
76.3007	7.00
76.3212	3.00
76.3416	8.00
76.3621	11.00
76.3826	9.00
76.403	4.00
76.4235	5.00
76.444	3.00
76.4644	6.00
76.4849	4.00
76.5053	8.00
76.5258	9.00
76.5463	6.00
76.5667	8.00
76.5872	4.00
76.6077	5.00
76.6281	9.00
76.6486	11.00
76.6691	8.00
76.6895	5.00
76.71	4.00
76.7304	6.00
76.7509	4.00
76.7714	5.00
76.7918	3.00
76.8123	4.00
76.8328	8.00
76.8532	8.00
76.8737	4.00
76.8941	10.00
76.9146	5.00
76.9351	8.00
76.9555	8.00
76.976	7.00
76.9965	10.00
77.0169	8.00
77.0374	8.00
77.0579	11.00
77.0783	10.00
77.0988	9.00
77.1192	10.00
77.1397	6.00
77.1602	5.00
77.1806	3.00
77.2011	4.00
77.2216	8.00
77.242	6.00
77.2625	16.00
77.2829	13.00
77.3034	6.00
77.3239	8.00
77.3443	6.00
77.3648	8.00
77.3853	8.00
77.4057	10.00
77.4262	5.00
77.4467	3.00
77.4671	3.00
77.4876	10.00
77.508	3.00
77.5285	4.00
77.549	2.00
77.5694	8.00
77.5899	4.00
77.6104	4.00
77.6308	10.00
77.6513	5.00
77.6717	11.00
77.6922	5.00
77.7127	5.00
77.7331	6.00
77.7536	5.00
77.7741	5.00
77.7945	4.00
77.815	6.00
77.8355	11.00
77.8559	8.00
77.8764	4.00
77.8968	8.00
77.9173	4.00
77.9378	5.00
77.9582	4.00
77.9787	6.00
77.9992	9.00
78.0196	2.00
78.0401	2.00
78.0605	3.00
78.081	5.00
78.1015	3.00
78.1219	8.00
78.1424	10.00
78.1629	3.00
78.1833	5.00
78.2038	7.00
78.2243	11.00
78.2447	9.00
78.2652	5.00
78.2856	5.00
78.3061	8.00
78.3266	9.00
78.347	1.00
78.3675	2.00
78.388	1.00
78.4084	6.00
78.4289	6.00
78.4493	6.00
78.4698	8.00
78.4903	8.00
78.5107	2.00
78.5312	7.00
78.5517	2.00
78.5721	2.00
78.5926	7.00
78.6131	5.00
78.6335	3.00
78.654	1.00
78.6744	9.00
78.6949	4.00
78.7154	9.00
78.7358	7.00
78.7563	7.00
78.7768	3.00
78.7972	3.00
78.8177	5.00
78.8381	6.00
78.8586	8.00
78.8791	4.00
78.8995	1.00
78.92	5.00
78.9405	8.00
78.9609	9.00
78.9814	5.00
79.0019	5.00
79.0223	8.00
79.0428	8.00
79.0632	2.00
79.0837	6.00
79.1042	5.00
79.1246	5.00
79.1451	2.00
79.1656	6.00
79.186	4.00
79.2065	6.00
79.2269	7.00
79.2474	3.00
79.2679	3.00
79.2883	7.00
79.3088	9.00
79.3293	4.00
79.3497	3.00
79.3702	6.00
79.3907	9.00
79.4111	7.00
79.4316	9.00
79.452	6.00
79.4725	13.00
79.493	10.00
79.5134	9.00
79.5339	13.00
79.5544	16.00
79.5748	15.00
79.5953	13.00
79.6157	21.00
79.6362	15.00
79.6567	17.00
79.6771	17.00
79.6976	8.00
79.7181	8.00
79.7385	13.00
79.759	14.00
79.7795	12.00
79.7999	18.00
79.8204	14.00
79.8408	11.00
79.8613	16.00
79.8818	21.00
79.9022	12.00
79.9227	6.00
79.9432	9.00
79.9636	9.00
79.9841	13.00
80.0045	8.00
