COMMANDER Sample ID
Wavelength = 1.54059
10.0001	426.00
10.0206	427.00
10.041	396.00
10.0615	391.00
10.082	395.00
10.1024	354.00
10.1229	403.00
10.1433	397.00
10.1638	393.00
10.1843	363.00
10.2047	399.00
10.2252	360.00
10.2457	404.00
10.2661	414.00
10.2866	390.00
10.3071	334.00
10.3275	362.00
10.348	360.00
10.3684	371.00
10.3889	387.00
10.4094	336.00
10.4298	371.00
10.4503	357.00
10.4708	350.00
10.4912	383.00
10.5117	342.00
10.5321	387.00
10.5526	365.00
10.5731	381.00
10.5935	375.00
10.614	358.00
10.6345	354.00
10.6549	366.00
10.6754	338.00
10.6959	370.00
10.7163	330.00
10.7368	333.00
10.7572	343.00
10.7777	338.00
10.7982	359.00
10.8186	321.00
10.8391	334.00
10.8596	342.00
10.88	349.00
10.9005	363.00
10.9209	378.00
10.9414	352.00
10.9619	377.00
10.9823	351.00
11.0028	321.00
11.0233	351.00
11.0437	337.00
11.0642	340.00
11.0847	381.00
11.1051	324.00
11.1256	332.00
11.146	341.00
11.1665	338.00
11.187	314.00
11.2074	304.00
11.2279	322.00
11.2484	338.00
11.2688	310.00
11.2893	309.00
11.3097	323.00
11.3302	316.00
11.3507	316.00
11.3711	330.00
11.3916	308.00
11.4121	337.00
11.4325	300.00
11.453	317.00
11.4735	343.00
11.4939	309.00
11.5144	292.00
11.5348	362.00
11.5553	316.00
11.5758	304.00
11.5962	310.00
11.6167	284.00
11.6372	323.00
11.6576	295.00
11.6781	315.00
11.6985	348.00
11.719	334.00
11.7395	290.00
11.7599	301.00
11.7804	287.00
11.8009	323.00
11.8213	310.00
11.8418	314.00
11.8623	316.00
11.8827	318.00
11.9032	306.00
11.9236	295.00
11.9441	299.00
11.9646	305.00
11.985	268.00
12.0055	336.00
12.026	311.00
12.0464	310.00
12.0669	302.00
12.0873	270.00
12.1078	276.00
12.1283	269.00
12.1487	314.00
12.1692	274.00
12.1897	289.00
12.2101	283.00
12.2306	293.00
12.2511	296.00
12.2715	270.00
12.292	296.00
12.3124	276.00
12.3329	277.00
12.3534	302.00
12.3738	276.00
12.3943	264.00
12.4148	296.00
12.4352	311.00
12.4557	277.00
12.4761	287.00
12.4966	273.00
12.5171	267.00
12.5375	280.00
12.558	248.00
12.5785	292.00
12.5989	252.00
12.6194	260.00
12.6399	302.00
12.6603	272.00
12.6808	275.00
12.7012	270.00
12.7217	275.00
12.7422	248.00
12.7626	264.00
12.7831	290.00
12.8036	266.00
12.824	265.00
12.8445	254.00
12.8649	242.00
12.8854	271.00
12.9059	280.00
12.9263	250.00
12.9468	276.00
12.9673	264.00
12.9877	269.00
13.0082	249.00
13.0287	259.00
13.0491	278.00
13.0696	225.00
13.09	273.00
13.1105	227.00
13.131	266.00
13.1514	242.00
13.1719	288.00
13.1924	275.00
13.2128	272.00
13.2333	274.00
13.2537	248.00
13.2742	264.00
13.2947	282.00
13.3151	285.00
13.3356	256.00
13.3561	262.00
13.3765	277.00
13.397	263.00
13.4175	239.00
13.4379	262.00
13.4584	237.00
13.4788	239.00
13.4993	243.00
13.5198	250.00
13.5402	291.00
13.5607	265.00
13.5812	293.00
13.6016	239.00
13.6221	239.00
13.6425	281.00
13.663	239.00
13.6835	263.00
13.7039	264.00
13.7244	274.00
13.7449	269.00
13.7653	260.00
13.7858	274.00
13.8063	256.00
13.8267	271.00
13.8472	254.00
13.8676	254.00
13.8881	248.00
13.9086	248.00
13.929	256.00
13.9495	249.00
13.97	247.00
13.9904	268.00
14.0109	249.00
14.0313	259.00
14.0518	207.00
14.0723	225.00
14.0927	228.00
14.1132	255.00
14.1337	249.00
14.1541	244.00
14.1746	229.00
14.1951	246.00
14.2155	259.00
14.236	244.00
14.2564	254.00
14.2769	213.00
14.2974	220.00
14.3178	208.00
14.3383	228.00
14.3588	201.00
14.3792	216.00
14.3997	219.00
14.4201	224.00
14.4406	215.00
14.4611	216.00
14.4815	213.00
14.502	224.00
14.5225	205.00
14.5429	219.00
14.5634	216.00
14.5839	182.00
14.6043	235.00
14.6248	193.00
14.6452	210.00
14.6657	209.00
14.6862	183.00
14.7066	239.00
14.7271	192.00
14.7476	207.00
14.768	205.00
14.7885	185.00
14.8089	196.00
14.8294	177.00
14.8499	214.00
14.8703	197.00
14.8908	210.00
14.9113	193.00
14.9317	218.00
14.9522	204.00
14.9727	191.00
14.9931	174.00
15.0136	190.00
15.034	208.00
15.0545	201.00
15.075	211.00
15.0954	181.00
15.1159	200.00
15.1364	176.00
15.1568	174.00
15.1773	203.00
15.1977	194.00
15.2182	184.00
15.2387	215.00
15.2591	169.00
15.2796	188.00
15.3001	191.00
15.3205	179.00
15.341	178.00
15.3615	199.00
15.3819	166.00
15.4024	203.00
15.4228	188.00
15.4433	202.00
15.4638	193.00
15.4842	163.00
15.5047	199.00
15.5252	203.00
15.5456	185.00
15.5661	153.00
15.5865	182.00
15.607	169.00
15.6275	172.00
15.6479	180.00
15.6684	179.00
15.6889	203.00
15.7093	181.00
15.7298	186.00
15.7503	167.00
15.7707	158.00
15.7912	159.00
15.8116	161.00
15.8321	162.00
15.8526	155.00
15.873	190.00
15.8935	179.00
15.914	172.00
15.9344	188.00
15.9549	171.00
15.9753	186.00
15.9958	165.00
16.0163	163.00
16.0367	168.00
16.0572	160.00
16.0777	179.00
16.0981	180.00
16.1186	180.00
16.1391	176.00
16.1595	182.00
16.18	176.00
16.2004	169.00
16.2209	163.00
16.2414	155.00
16.2618	173.00
16.2823	186.00
16.3028	165.00
16.3232	160.00
16.3437	164.00
16.3641	161.00
16.3846	168.00
16.4051	154.00
16.4255	171.00
16.446	171.00
16.4665	164.00
16.4869	170.00
16.5074	169.00
16.5279	160.00
16.5483	167.00
16.5688	152.00
16.5892	176.00
16.6097	182.00
16.6302	169.00
16.6506	143.00
16.6711	160.00
16.6916	169.00
16.712	162.00
16.7325	162.00
16.7529	163.00
16.7734	173.00
16.7939	189.00
16.8143	142.00
16.8348	136.00
16.8553	171.00
16.8757	154.00
16.8962	193.00
16.9167	166.00
16.9371	161.00
16.9576	179.00
16.978	171.00
16.9985	165.00
17.019	170.00
17.0394	158.00
17.0599	138.00
17.0804	163.00
17.1008	162.00
17.1213	154.00
17.1417	175.00
17.1622	161.00
17.1827	141.00
17.2031	163.00
17.2236	160.00
17.2441	178.00
17.2645	147.00
17.285	146.00
17.3055	168.00
17.3259	168.00
17.3464	142.00
17.3668	156.00
17.3873	166.00
17.4078	166.00
17.4282	153.00
17.4487	144.00
17.4692	164.00
17.4896	167.00
17.5101	148.00
17.5305	140.00
17.551	153.00
17.5715	159.00
17.5919	165.00
17.6124	153.00
17.6329	167.00
17.6533	142.00
17.6738	175.00
17.6943	183.00
17.7147	159.00
17.7352	153.00
17.7556	161.00
17.7761	154.00
17.7966	129.00
17.817	148.00
17.8375	150.00
17.858	143.00
17.8784	129.00
17.8989	137.00
17.9193	146.00
17.9398	157.00
17.9603	142.00
17.9807	145.00
18.0012	151.00
18.0217	165.00
18.0421	180.00
18.0626	161.00
18.0831	169.00
18.1035	159.00
18.124	141.00
18.1444	161.00
18.1649	143.00
18.1854	166.00
18.2058	163.00
18.2263	151.00
18.2468	161.00
18.2672	169.00
18.2877	151.00
18.3081	125.00
18.3286	129.00
18.3491	129.00
18.3695	161.00
18.39	159.00
18.4105	136.00
18.4309	131.00
18.4514	133.00
18.4719	155.00
18.4923	151.00
18.5128	154.00
18.5332	156.00
18.5537	153.00
18.5742	178.00
18.5946	160.00
18.6151	165.00
18.6356	220.00
18.656	212.00
18.6765	214.00
18.6969	201.00
18.7174	184.00
18.7379	164.00
18.7583	167.00
18.7788	170.00
18.7993	141.00
18.8197	168.00
18.8402	139.00
18.8606	158.00
18.8811	145.00
18.9016	151.00
18.922	135.00
18.9425	137.00
18.963	111.00
18.9834	147.00
19.0039	115.00
19.0244	126.00
19.0448	128.00
19.0653	145.00
19.0857	134.00
19.1062	157.00
19.1267	149.00
19.1471	133.00
19.1676	131.00
19.1881	148.00
19.2085	134.00
19.229	126.00
19.2494	146.00
19.2699	121.00
19.2904	138.00
19.3108	155.00
19.3313	142.00
19.3518	137.00
19.3722	134.00
19.3927	128.00
19.4132	148.00
19.4336	125.00
19.4541	136.00
19.4745	129.00
19.495	135.00
19.5155	115.00
19.5359	131.00
19.5564	112.00
19.5769	121.00
19.5973	115.00
19.6178	132.00
19.6382	120.00
19.6587	119.00
19.6792	124.00
19.6996	136.00
19.7201	116.00
19.7406	129.00
19.761	123.00
19.7815	119.00
19.802	132.00
19.8224	134.00
19.8429	118.00
19.8633	145.00
19.8838	120.00
19.9043	139.00
19.9247	115.00
19.9452	115.00
19.9657	149.00
19.9861	128.00
20.0066	109.00
20.027	124.00
20.0475	114.00
20.068	104.00
20.0884	129.00
20.1089	129.00
20.1294	115.00
20.1498	130.00
20.1703	126.00
20.1908	122.00
20.2112	115.00
20.2317	124.00
20.2521	131.00
20.2726	111.00
20.2931	137.00
20.3135	116.00
20.334	121.00
20.3545	143.00
20.3749	111.00
20.3954	121.00
20.4158	117.00
20.4363	116.00
20.4568	125.00
20.4772	107.00
20.4977	128.00
20.5182	109.00
20.5386	106.00
20.5591	109.00
20.5796	97.00
20.6	126.00
20.6205	118.00
20.6409	117.00
20.6614	99.00
20.6819	107.00
20.7023	113.00
20.7228	108.00
20.7433	126.00
20.7637	96.00
20.7842	123.00
20.8046	100.00
20.8251	116.00
20.8456	139.00
20.866	127.00
20.8865	119.00
20.907	97.00
20.9274	107.00
20.9479	106.00
20.9684	105.00
20.9888	121.00
21.0093	123.00
21.0297	95.00
21.0502	106.00
21.0707	112.00
21.0911	110.00
21.1116	88.00
21.1321	105.00
21.1525	116.00
21.173	108.00
21.1934	93.00
21.2139	108.00
21.2344	110.00
21.2548	112.00
21.2753	102.00
21.2958	93.00
21.3162	109.00
21.3367	102.00
21.3572	125.00
21.3776	96.00
21.3981	99.00
21.4185	110.00
21.439	106.00
21.4595	106.00
21.4799	119.00
21.5004	103.00
21.5209	100.00
21.5413	118.00
21.5618	97.00
21.5822	122.00
21.6027	124.00
21.6232	128.00
21.6436	117.00
21.6641	98.00
21.6846	119.00
21.705	112.00
21.7255	119.00
21.746	112.00
21.7664	109.00
21.7869	105.00
21.8073	112.00
21.8278	107.00
21.8483	100.00
21.8687	97.00
21.8892	92.00
21.9097	94.00
21.9301	91.00
21.9506	98.00
21.971	115.00
21.9915	92.00
22.012	90.00
22.0324	109.00
22.0529	84.00
22.0734	95.00
22.0938	96.00
22.1143	101.00
22.1348	92.00
22.1552	88.00
22.1757	101.00
22.1961	92.00
22.2166	83.00
22.2371	98.00
22.2575	75.00
22.278	99.00
22.2985	112.00
22.3189	87.00
22.3394	92.00
22.3598	85.00
22.3803	105.00
22.4008	96.00
22.4212	96.00
22.4417	82.00
22.4622	92.00
22.4826	91.00
22.5031	92.00
22.5236	100.00
22.544	89.00
22.5645	87.00
22.5849	100.00
22.6054	76.00
22.6259	102.00
22.6463	71.00
22.6668	86.00
22.6873	90.00
22.7077	83.00
22.7282	96.00
22.7486	94.00
22.7691	92.00
22.7896	101.00
22.81	95.00
22.8305	99.00
22.851	85.00
22.8714	84.00
22.8919	80.00
22.9124	87.00
22.9328	86.00
22.9533	77.00
22.9737	86.00
22.9942	96.00
23.0147	83.00
23.0351	77.00
23.0556	90.00
23.0761	88.00
23.0965	102.00
23.117	76.00
23.1374	92.00
23.1579	89.00
23.1784	86.00
23.1988	73.00
23.2193	94.00
23.2398	78.00
23.2602	82.00
23.2807	95.00
23.3012	82.00
23.3216	101.00
23.3421	62.00
23.3625	77.00
23.383	91.00
23.4035	72.00
23.4239	86.00
23.4444	88.00
23.4649	90.00
23.4853	80.00
23.5058	71.00
23.5262	77.00
23.5467	79.00
23.5672	70.00
23.5876	91.00
23.6081	84.00
23.6286	98.00
23.649	65.00
23.6695	98.00
23.69	84.00
23.7104	75.00
23.7309	79.00
23.7513	79.00
23.7718	96.00
23.7923	94.00
23.8127	80.00
23.8332	82.00
23.8537	81.00
23.8741	87.00
23.8946	74.00
23.915	73.00
23.9355	94.00
23.956	64.00
23.9764	80.00
23.9969	73.00
24.0174	88.00
24.0378	78.00
24.0583	76.00
24.0788	83.00
24.0992	77.00
24.1197	81.00
24.1401	78.00
24.1606	68.00
24.1811	64.00
24.2015	84.00
24.222	80.00
24.2425	79.00
24.2629	58.00
24.2834	79.00
24.3038	68.00
24.3243	76.00
24.3448	83.00
24.3652	75.00
24.3857	69.00
24.4062	91.00
24.4266	82.00
24.4471	78.00
24.4676	81.00
24.488	87.00
24.5085	70.00
24.5289	76.00
24.5494	59.00
24.5699	76.00
24.5903	77.00
24.6108	72.00
24.6313	73.00
24.6517	67.00
24.6722	70.00
24.6926	72.00
24.7131	64.00
24.7336	72.00
24.754	85.00
24.7745	54.00
24.795	72.00
24.8154	70.00
24.8359	72.00
24.8564	69.00
24.8768	89.00
24.8973	84.00
24.9177	54.00
24.9382	71.00
24.9587	61.00
24.9791	70.00
24.9996	69.00
25.0201	81.00
25.0405	79.00
25.061	71.00
25.0814	76.00
25.1019	74.00
25.1224	52.00
25.1428	63.00
25.1633	62.00
25.1838	58.00
25.2042	54.00
25.2247	62.00
25.2452	55.00
25.2656	60.00
25.2861	90.00
25.3065	79.00
25.327	60.00
25.3475	58.00
25.3679	72.00
25.3884	73.00
25.4089	55.00
25.4293	62.00
25.4498	70.00
25.4702	65.00
25.4907	68.00
25.5112	63.00
25.5316	56.00
25.5521	60.00
25.5726	67.00
25.593	57.00
25.6135	77.00
25.634	66.00
25.6544	62.00
25.6749	70.00
25.6953	67.00
25.7158	82.00
25.7363	57.00
25.7567	78.00
25.7772	56.00
25.7977	64.00
25.8181	61.00
25.8386	70.00
25.859	61.00
25.8795	54.00
25.9	49.00
25.9204	62.00
25.9409	70.00
25.9614	58.00
25.9818	74.00
26.0023	65.00
26.0228	50.00
26.0432	74.00
26.0637	61.00
26.0841	66.00
26.1046	54.00
26.1251	65.00
26.1455	63.00
26.166	74.00
26.1865	53.00
26.2069	66.00
26.2274	62.00
26.2478	68.00
26.2683	61.00
26.2888	50.00
26.3092	71.00
26.3297	58.00
26.3502	57.00
26.3706	62.00
26.3911	51.00
26.4116	59.00
26.432	62.00
26.4525	66.00
26.4729	61.00
26.4934	57.00
26.5139	60.00
26.5343	54.00
26.5548	60.00
26.5753	61.00
26.5957	61.00
26.6162	61.00
26.6366	70.00
26.6571	48.00
26.6776	54.00
26.698	58.00
26.7185	60.00
26.739	49.00
26.7594	68.00
26.7799	57.00
26.8004	65.00
26.8208	72.00
26.8413	65.00
26.8617	62.00
26.8822	70.00
26.9027	79.00
26.9231	76.00
26.9436	65.00
26.9641	54.00
26.9845	69.00
27.005	56.00
27.0254	51.00
27.0459	51.00
27.0664	58.00
27.0868	47.00
27.1073	62.00
27.1278	62.00
27.1482	61.00
27.1687	51.00
27.1892	54.00
27.2096	64.00
27.2301	48.00
27.2505	47.00
27.271	59.00
27.2915	62.00
27.3119	61.00
27.3324	52.00
27.3529	59.00
27.3733	54.00
27.3938	40.00
27.4142	43.00
27.4347	52.00
27.4552	56.00
27.4756	57.00
27.4961	58.00
27.5166	58.00
27.537	48.00
27.5575	55.00
27.578	41.00
27.5984	44.00
27.6189	57.00
27.6393	44.00
27.6598	53.00
27.6803	43.00
27.7007	40.00
27.7212	51.00
27.7417	58.00
27.7621	55.00
27.7826	43.00
27.803	59.00
27.8235	34.00
27.844	53.00
27.8644	44.00
27.8849	50.00
27.9054	36.00
27.9258	45.00
27.9463	49.00
27.9668	54.00
27.9872	53.00
28.0077	32.00
28.0281	47.00
28.0486	46.00
28.0691	45.00
28.0895	46.00
28.11	49.00
28.1305	54.00
28.1509	31.00
28.1714	50.00
28.1918	29.00
28.2123	42.00
28.2328	40.00
28.2532	49.00
28.2737	56.00
28.2942	37.00
28.3146	44.00
28.3351	43.00
28.3556	42.00
28.376	44.00
28.3965	51.00
28.4169	47.00
28.4374	34.00
28.4579	39.00
28.4783	36.00
28.4988	42.00
28.5193	40.00
28.5397	44.00
28.5602	39.00
28.5806	39.00
28.6011	40.00
28.6216	37.00
28.642	31.00
28.6625	45.00
28.683	32.00
28.7034	34.00
28.7239	37.00
28.7444	40.00
28.7648	45.00
28.7853	48.00
28.8057	45.00
28.8262	44.00
28.8467	47.00
28.8671	29.00
28.8876	42.00
28.9081	44.00
28.9285	45.00
28.949	46.00
28.9694	36.00
28.9899	40.00
29.0104	51.00
29.0308	45.00
29.0513	39.00
29.0718	38.00
29.0922	36.00
29.1127	43.00
29.1332	43.00
29.1536	33.00
29.1741	43.00
29.1945	43.00
29.215	40.00
29.2355	48.00
29.2559	36.00
29.2764	42.00
29.2969	42.00
29.3173	32.00
29.3378	41.00
29.3582	38.00
29.3787	40.00
29.3992	30.00
29.4196	35.00
29.4401	42.00
29.4606	47.00
29.481	36.00
29.5015	49.00
29.522	38.00
29.5424	46.00
29.5629	39.00
29.5833	33.00
29.6038	34.00
29.6243	40.00
29.6447	44.00
29.6652	40.00
29.6857	48.00
29.7061	45.00
29.7266	51.00
29.747	45.00
29.7675	45.00
29.788	34.00
29.8084	40.00
29.8289	56.00
29.8494	36.00
29.8698	48.00
29.8903	35.00
29.9108	45.00
29.9312	46.00
29.9517	43.00
29.9721	36.00
29.9926	41.00
30.0131	36.00
30.0335	50.00
30.054	34.00
30.0745	46.00
30.0949	36.00
30.1154	42.00
30.1358	47.00
30.1563	63.00
30.1768	45.00
30.1972	48.00
30.2177	58.00
30.2382	47.00
30.2586	51.00
30.2791	49.00
30.2996	56.00
30.32	74.00
30.3405	80.00
30.3609	117.00
30.3814	130.00
30.4019	244.00
30.4223	324.00
30.4428	365.00
30.4633	331.00
30.4837	374.00
30.5042	372.00
30.5246	336.00
30.5451	292.00
30.5656	208.00
30.586	171.00
30.6065	153.00
30.627	120.00
30.6474	104.00
30.6679	84.00
30.6884	94.00
30.7088	63.00
30.7293	71.00
30.7497	42.00
30.7702	54.00
30.7907	48.00
30.8111	60.00
30.8316	57.00
30.8521	45.00
30.8725	37.00
30.893	46.00
30.9134	36.00
30.9339	39.00
30.9544	40.00
30.9748	38.00
30.9953	33.00
31.0158	55.00
31.0362	34.00
31.0567	49.00
31.0772	42.00
31.0976	50.00
31.1181	40.00
31.1385	43.00
31.159	45.00
31.1795	30.00
31.1999	32.00
31.2204	38.00
31.2409	41.00
31.2613	32.00
31.2818	25.00
31.3022	36.00
31.3227	31.00
31.3432	27.00
31.3636	31.00
31.3841	30.00
31.4046	32.00
31.425	34.00
31.4455	24.00
31.466	38.00
31.4864	38.00
31.5069	30.00
31.5273	39.00
31.5478	42.00
31.5683	31.00
31.5887	26.00
31.6092	31.00
31.6297	26.00
31.6501	38.00
31.6706	30.00
31.691	33.00
31.7115	30.00
31.732	45.00
31.7524	37.00
31.7729	36.00
31.7934	29.00
31.8138	42.00
31.8343	37.00
31.8548	52.00
31.8752	34.00
31.8957	31.00
31.9161	26.00
31.9366	38.00
31.9571	28.00
31.9775	30.00
31.998	40.00
32.0185	32.00
32.0389	30.00
32.0594	21.00
32.0798	35.00
32.1003	29.00
32.1208	34.00
32.1412	36.00
32.1617	33.00
32.1822	27.00
32.2026	35.00
32.2231	43.00
32.2436	34.00
32.264	32.00
32.2845	35.00
32.3049	21.00
32.3254	33.00
32.3459	29.00
32.3663	30.00
32.3868	35.00
32.4073	32.00
32.4277	35.00
32.4482	29.00
32.4686	37.00
32.4891	37.00
32.5096	30.00
32.53	39.00
32.5505	29.00
32.571	21.00
32.5914	34.00
32.6119	26.00
32.6324	38.00
32.6528	23.00
32.6733	41.00
32.6937	27.00
32.7142	20.00
32.7347	30.00
32.7551	25.00
32.7756	39.00
32.7961	30.00
32.8165	28.00
32.837	26.00
32.8574	32.00
32.8779	32.00
32.8984	28.00
32.9188	39.00
32.9393	27.00
32.9598	26.00
32.9802	33.00
33.0007	38.00
33.0212	34.00
33.0416	31.00
33.0621	27.00
33.0825	32.00
33.103	32.00
33.1235	27.00
33.1439	38.00
33.1644	27.00
33.1849	31.00
33.2053	31.00
33.2258	37.00
33.2462	25.00
33.2667	44.00
33.2872	38.00
33.3076	37.00
33.3281	41.00
33.3486	34.00
33.369	33.00
33.3895	39.00
33.41	42.00
33.4304	55.00
33.4509	66.00
33.4713	50.00
33.4918	54.00
33.5123	60.00
33.5327	53.00
33.5532	59.00
33.5737	62.00
33.5941	44.00
33.6146	44.00
33.635	45.00
33.6555	42.00
33.676	32.00
33.6964	30.00
33.7169	43.00
33.7374	32.00
33.7578	33.00
33.7783	39.00
33.7988	32.00
33.8192	30.00
33.8397	48.00
33.8601	26.00
33.8806	37.00
33.9011	29.00
33.9215	35.00
33.942	27.00
33.9625	32.00
33.9829	24.00
34.0034	32.00
34.0238	34.00
34.0443	38.00
34.0648	36.00
34.0852	25.00
34.1057	33.00
34.1262	26.00
34.1466	29.00
34.1671	23.00
34.1876	28.00
34.208	32.00
34.2285	20.00
34.2489	36.00
34.2694	30.00
34.2899	39.00
34.3103	41.00
34.3308	30.00
34.3513	31.00
34.3717	29.00
34.3922	30.00
34.4126	23.00
34.4331	32.00
34.4536	32.00
34.474	27.00
34.4945	31.00
34.515	29.00
34.5354	20.00
34.5559	36.00
34.5764	31.00
34.5968	35.00
34.6173	34.00
34.6377	35.00
34.6582	30.00
34.6787	31.00
34.6991	27.00
34.7196	22.00
34.7401	28.00
34.7605	32.00
34.781	37.00
34.8014	30.00
34.8219	22.00
34.8424	37.00
34.8628	31.00
34.8833	32.00
34.9038	31.00
34.9242	38.00
34.9447	24.00
34.9652	37.00
34.9856	29.00
35.0061	32.00
35.0265	36.00
35.047	37.00
35.0675	36.00
35.0879	35.00
35.1084	32.00
35.1289	48.00
35.1493	38.00
35.1698	38.00
35.1902	38.00
35.2107	42.00
35.2312	52.00
35.2516	37.00
35.2721	27.00
35.2926	37.00
35.313	36.00
35.3335	46.00
35.354	42.00
35.3744	55.00
35.3949	51.00
35.4153	50.00
35.4358	49.00
35.4563	37.00
35.4767	46.00
35.4972	51.00
35.5177	62.00
35.5381	67.00
35.5586	75.00
35.579	77.00
35.5995	107.00
35.62	104.00
35.6404	114.00
35.6609	149.00
35.6814	186.00
35.7018	245.00
35.7223	313.00
35.7428	500.00
35.7632	736.00
35.7837	956.00
35.8041	1128.00
35.8246	1110.00
35.8451	988.00
35.8655	971.00
35.886	929.00
35.9065	851.00
35.9269	667.00
35.9474	520.00
35.9678	409.00
35.9883	345.00
36.0088	307.00
36.0292	248.00
36.0497	222.00
36.0702	174.00
36.0906	148.00
36.1111	123.00
36.1316	136.00
36.152	109.00
36.1725	87.00
36.1929	106.00
36.2134	100.00
36.2339	83.00
36.2543	79.00
36.2748	69.00
36.2953	65.00
36.3157	52.00
36.3362	73.00
36.3566	57.00
36.3771	73.00
36.3976	64.00
36.418	59.00
36.4385	67.00
36.459	51.00
36.4794	49.00
36.4999	42.00
36.5203	58.00
36.5408	84.00
36.5613	62.00
36.5817	40.00
36.6022	59.00
36.6227	64.00
36.6431	52.00
36.6636	45.00
36.6841	42.00
36.7045	46.00
36.725	44.00
36.7454	35.00
36.7659	43.00
36.7864	42.00
36.8068	33.00
36.8273	27.00
36.8478	34.00
36.8682	35.00
36.8887	38.00
36.9091	45.00
36.9296	36.00
36.9501	53.00
36.9705	34.00
36.991	41.00
37.0115	37.00
37.0319	37.00
37.0524	42.00
37.0729	31.00
37.0933	37.00
37.1138	37.00
37.1342	41.00
37.1547	38.00
37.1752	33.00
37.1956	41.00
37.2161	38.00
37.2366	28.00
37.257	36.00
37.2775	26.00
37.2979	30.00
37.3184	27.00
37.3389	36.00
37.3593	44.00
37.3798	43.00
37.4003	67.00
37.4207	74.00
37.4412	86.00
37.4617	78.00
37.4821	90.00
37.5026	80.00
37.523	82.00
37.5435	70.00
37.564	52.00
37.5844	43.00
37.6049	50.00
37.6254	40.00
37.6458	40.00
37.6663	19.00
37.6867	27.00
37.7072	30.00
37.7277	27.00
37.7481	32.00
37.7686	33.00
37.7891	28.00
37.8095	26.00
37.83	14.00
37.8505	24.00
37.8709	29.00
37.8914	15.00
37.9118	24.00
37.9323	21.00
37.9528	30.00
37.9732	29.00
37.9937	26.00
38.0142	32.00
38.0346	19.00
38.0551	24.00
38.0755	32.00
38.096	12.00
38.1165	22.00
38.1369	19.00
38.1574	25.00
38.1779	23.00
38.1983	16.00
38.2188	16.00
38.2393	17.00
38.2597	22.00
38.2802	30.00
38.3006	27.00
38.3211	19.00
38.3416	20.00
38.362	20.00
38.3825	22.00
38.403	26.00
38.4234	11.00
38.4439	21.00
38.4643	10.00
38.4848	22.00
38.5053	9.00
38.5257	27.00
38.5462	14.00
38.5667	30.00
38.5871	30.00
38.6076	21.00
38.6281	17.00
38.6485	19.00
38.669	13.00
38.6894	27.00
38.7099	13.00
38.7304	18.00
38.7508	19.00
38.7713	30.00
38.7918	13.00
38.8122	18.00
38.8327	26.00
38.8531	15.00
38.8736	23.00
38.8941	14.00
38.9145	29.00
38.935	17.00
38.9555	22.00
38.9759	19.00
38.9964	26.00
39.0169	25.00
39.0373	19.00
39.0578	22.00
39.0782	16.00
39.0987	21.00
39.1192	17.00
39.1396	18.00
39.1601	23.00
39.1806	14.00
39.201	10.00
39.2215	26.00
39.2419	15.00
39.2624	24.00
39.2829	21.00
39.3033	20.00
39.3238	25.00
39.3443	20.00
39.3647	25.00
39.3852	20.00
39.4057	12.00
39.4261	25.00
39.4466	14.00
39.467	19.00
39.4875	26.00
39.508	20.00
39.5284	22.00
39.5489	14.00
39.5694	17.00
39.5898	20.00
39.6103	18.00
39.6307	18.00
39.6512	18.00
39.6717	7.00
39.6921	14.00
39.7126	21.00
39.7331	25.00
39.7535	13.00
39.774	19.00
39.7945	27.00
39.8149	20.00
39.8354	13.00
39.8558	18.00
39.8763	24.00
39.8968	15.00
39.9172	18.00
39.9377	20.00
39.9582	26.00
39.9786	12.00
39.9991	23.00
40.0195	14.00
40.04	12.00
40.0605	19.00
40.0809	18.00
40.1014	15.00
40.1219	16.00
40.1423	18.00
40.1628	16.00
40.1833	21.00
40.2037	22.00
40.2242	20.00
40.2446	21.00
40.2651	19.00
40.2856	31.00
40.306	16.00
40.3265	21.00
40.347	17.00
40.3674	19.00
40.3879	15.00
40.4083	18.00
40.4288	21.00
40.4493	17.00
40.4697	16.00
40.4902	16.00
40.5107	18.00
40.5311	16.00
40.5516	12.00
40.5721	10.00
40.5925	19.00
40.613	22.00
40.6334	18.00
40.6539	25.00
40.6744	14.00
40.6948	13.00
40.7153	17.00
40.7358	18.00
40.7562	26.00
40.7767	19.00
40.7971	13.00
40.8176	21.00
40.8381	16.00
40.8585	14.00
40.879	13.00
40.8995	20.00
40.9199	20.00
40.9404	19.00
40.9609	18.00
40.9813	13.00
41.0018	15.00
41.0222	16.00
41.0427	17.00
41.0632	17.00
41.0836	22.00
41.1041	23.00
41.1246	26.00
41.145	14.00
41.1655	23.00
41.1859	28.00
41.2064	26.00
41.2269	24.00
41.2473	16.00
41.2678	26.00
41.2883	29.00
41.3087	24.00
41.3292	18.00
41.3497	23.00
41.3701	23.00
41.3906	23.00
41.411	19.00
41.4315	16.00
41.452	26.00
41.4724	20.00
41.4929	22.00
41.5134	22.00
41.5338	23.00
41.5543	22.00
41.5747	19.00
41.5952	20.00
41.6157	20.00
41.6361	15.00
41.6566	19.00
41.6771	23.00
41.6975	22.00
41.718	30.00
41.7385	29.00
41.7589	18.00
41.7794	30.00
41.7998	14.00
41.8203	15.00
41.8408	24.00
41.8612	38.00
41.8817	32.00
41.9022	28.00
41.9226	39.00
41.9431	47.00
41.9635	46.00
41.984	42.00
42.0045	44.00
42.0249	39.00
42.0454	41.00
42.0659	46.00
42.0863	46.00
42.1068	54.00
42.1273	55.00
42.1477	52.00
42.1682	57.00
42.1886	58.00
42.2091	48.00
42.2296	59.00
42.25	51.00
42.2705	48.00
42.291	66.00
42.3114	46.00
42.3319	67.00
42.3523	60.00
42.3728	59.00
42.3933	52.00
42.4137	57.00
42.4342	57.00
42.4547	50.00
42.4751	45.00
42.4956	49.00
42.5161	45.00
42.5365	48.00
42.557	45.00
42.5774	40.00
42.5979	30.00
42.6184	40.00
42.6388	32.00
42.6593	33.00
42.6798	31.00
42.7002	29.00
42.7207	34.00
42.7411	20.00
42.7616	26.00
42.7821	29.00
42.8025	21.00
42.823	22.00
42.8435	31.00
42.8639	29.00
42.8844	34.00
42.9049	36.00
42.9253	15.00
42.9458	20.00
42.9662	20.00
42.9867	27.00
43.0072	25.00
43.0276	16.00
43.0481	28.00
43.0686	16.00
43.089	28.00
43.1095	26.00
43.1299	36.00
43.1504	29.00
43.1709	28.00
43.1913	32.00
43.2118	41.00
43.2323	38.00
43.2527	37.00
43.2732	53.00
43.2937	61.00
43.3141	53.00
43.3346	60.00
43.355	85.00
43.3755	127.00
43.396	196.00
43.4164	216.00
43.4369	246.00
43.4574	229.00
43.4778	200.00
43.4983	186.00
43.5187	197.00
43.5392	180.00
43.5597	161.00
43.5801	126.00
43.6006	118.00
43.6211	80.00
43.6415	82.00
43.662	79.00
43.6825	57.00
43.7029	52.00
43.7234	46.00
43.7438	37.00
43.7643	41.00
43.7848	34.00
43.8052	28.00
43.8257	19.00
43.8462	33.00
43.8666	27.00
43.8871	28.00
43.9075	22.00
43.928	25.00
43.9485	22.00
43.9689	17.00
43.9894	29.00
44.0099	14.00
44.0303	22.00
44.0508	14.00
44.0713	22.00
44.0917	15.00
44.1122	17.00
44.1326	15.00
44.1531	17.00
44.1736	11.00
44.194	21.00
44.2145	9.00
44.235	15.00
44.2554	15.00
44.2759	9.00
44.2963	13.00
44.3168	15.00
44.3373	16.00
44.3577	10.00
44.3782	13.00
44.3987	15.00
44.4191	14.00
44.4396	15.00
44.4601	17.00
44.4805	13.00
44.501	11.00
44.5214	28.00
44.5419	16.00
44.5624	16.00
44.5828	15.00
44.6033	20.00
44.6238	13.00
44.6442	16.00
44.6647	19.00
44.6851	12.00
44.7056	14.00
44.7261	21.00
44.7465	16.00
44.767	10.00
44.7875	11.00
44.8079	16.00
44.8284	8.00
44.8489	17.00
44.8693	10.00
44.8898	13.00
44.9102	12.00
44.9307	11.00
44.9512	18.00
44.9716	17.00
44.9921	21.00
45.0126	13.00
45.033	6.00
45.0535	19.00
45.0739	10.00
45.0944	13.00
45.1149	21.00
45.1353	16.00
45.1558	18.00
45.1763	7.00
45.1967	7.00
45.2172	15.00
45.2377	12.00
45.2581	19.00
45.2786	18.00
45.299	17.00
45.3195	11.00
45.34	17.00
45.3604	3.00
45.3809	17.00
45.4014	12.00
45.4218	14.00
45.4423	11.00
45.4627	11.00
45.4832	14.00
45.5037	13.00
45.5241	14.00
45.5446	7.00
45.5651	17.00
45.5855	8.00
45.606	12.00
45.6265	17.00
45.6469	9.00
45.6674	10.00
45.6878	12.00
45.7083	11.00
45.7288	7.00
45.7492	12.00
45.7697	15.00
45.7902	18.00
45.8106	10.00
45.8311	9.00
45.8515	11.00
45.872	10.00
45.8925	11.00
45.9129	20.00
45.9334	7.00
45.9539	12.00
45.9743	10.00
45.9948	13.00
46.0153	16.00
46.0357	15.00
46.0562	14.00
46.0766	15.00
46.0971	18.00
46.1176	12.00
46.138	5.00
46.1585	11.00
46.179	14.00
46.1994	11.00
46.2199	9.00
46.2403	7.00
46.2608	13.00
46.2813	12.00
46.3017	11.00
46.3222	11.00
46.3427	15.00
46.3631	12.00
46.3836	9.00
46.4041	19.00
46.4245	9.00
46.445	16.00
46.4654	20.00
46.4859	11.00
46.5064	9.00
46.5268	15.00
46.5473	15.00
46.5678	9.00
46.5882	6.00
46.6087	7.00
46.6291	11.00
46.6496	10.00
46.6701	11.00
46.6905	17.00
46.711	7.00
46.7315	11.00
46.7519	11.00
46.7724	12.00
46.7929	15.00
46.8133	10.00
46.8338	9.00
46.8542	14.00
46.8747	15.00
46.8952	11.00
46.9156	10.00
46.9361	11.00
46.9566	11.00
46.977	10.00
46.9975	13.00
47.0179	15.00
47.0384	10.00
47.0589	15.00
47.0793	9.00
47.0998	13.00
47.1203	14.00
47.1407	12.00
47.1612	11.00
47.1817	13.00
47.2021	10.00
47.2226	16.00
47.243	12.00
47.2635	14.00
47.284	12.00
47.3044	6.00
47.3249	11.00
47.3454	10.00
47.3658	8.00
47.3863	15.00
47.4067	10.00
47.4272	7.00
47.4477	8.00
47.4681	8.00
47.4886	15.00
47.5091	12.00
47.5295	9.00
47.55	20.00
47.5705	17.00
47.5909	13.00
47.6114	16.00
47.6318	11.00
47.6523	15.00
47.6728	17.00
47.6932	16.00
47.7137	18.00
47.7342	14.00
47.7546	14.00
47.7751	10.00
47.7955	10.00
47.816	8.00
47.8365	8.00
47.8569	14.00
47.8774	14.00
47.8979	12.00
47.9183	14.00
47.9388	13.00
47.9593	10.00
47.9797	23.00
48.0002	8.00
48.0206	13.00
48.0411	7.00
48.0616	20.00
48.082	11.00
48.1025	13.00
48.123	7.00
48.1434	14.00
48.1639	10.00
48.1843	9.00
48.2048	9.00
48.2253	7.00
48.2457	10.00
48.2662	11.00
48.2867	14.00
48.3071	8.00
48.3276	10.00
48.3481	9.00
48.3685	11.00
48.389	16.00
48.4094	13.00
48.4299	8.00
48.4504	7.00
48.4708	11.00
48.4913	20.00
48.5118	12.00
48.5322	10.00
48.5527	11.00
48.5731	9.00
48.5936	14.00
48.6141	10.00
48.6345	6.00
48.655	13.00
48.6755	14.00
48.6959	8.00
48.7164	12.00
48.7369	12.00
48.7573	13.00
48.7778	11.00
48.7982	11.00
48.8187	7.00
48.8392	10.00
48.8596	8.00
48.8801	14.00
48.9006	6.00
48.921	6.00
48.9415	10.00
48.9619	9.00
48.9824	10.00
49.0029	8.00
49.0233	16.00
49.0438	10.00
49.0643	6.00
49.0847	12.00
49.1052	7.00
49.1257	10.00
49.1461	14.00
49.1666	7.00
49.187	11.00
49.2075	11.00
49.228	13.00
49.2484	10.00
49.2689	9.00
49.2894	10.00
49.3098	13.00
49.3303	11.00
49.3507	14.00
49.3712	14.00
49.3917	9.00
49.4121	11.00
49.4326	10.00
49.4531	10.00
49.4735	3.00
49.494	16.00
49.5145	8.00
49.5349	14.00
49.5554	8.00
49.5758	8.00
49.5963	12.00
49.6168	13.00
49.6372	14.00
49.6577	7.00
49.6782	11.00
49.6986	17.00
49.7191	14.00
49.7395	21.00
49.76	21.00
49.7805	11.00
49.8009	16.00
49.8214	11.00
49.8419	20.00
49.8623	17.00
49.8828	28.00
49.9033	21.00
49.9237	9.00
49.9442	11.00
49.9646	7.00
49.9851	8.00
50.0056	8.00
50.026	8.00
50.0465	14.00
50.067	5.00
50.0874	8.00
50.1079	9.00
50.1283	6.00
50.1488	5.00
50.1693	15.00
50.1897	14.00
50.2102	19.00
50.2307	11.00
50.2511	12.00
50.2716	10.00
50.2921	9.00
50.3125	11.00
50.333	15.00
50.3534	8.00
50.3739	6.00
50.3944	12.00
50.4148	15.00
50.4353	8.00
50.4558	12.00
50.4762	10.00
50.4967	8.00
50.5171	9.00
50.5376	10.00
50.5581	11.00
50.5785	14.00
50.599	14.00
50.6195	7.00
50.6399	10.00
50.6604	9.00
50.6809	9.00
50.7013	10.00
50.7218	5.00
50.7422	16.00
50.7627	9.00
50.7832	9.00
50.8036	9.00
50.8241	10.00
50.8446	10.00
50.865	11.00
50.8855	12.00
50.9059	5.00
50.9264	11.00
50.9469	15.00
50.9673	10.00
50.9878	9.00
51.0083	11.00
51.0287	13.00
51.0492	12.00
51.0697	15.00
51.0901	10.00
51.1106	6.00
51.131	16.00
51.1515	11.00
51.172	11.00
51.1924	11.00
51.2129	14.00
51.2334	6.00
51.2538	6.00
51.2743	11.00
51.2947	16.00
51.3152	15.00
51.3357	15.00
51.3561	6.00
51.3766	8.00
51.3971	16.00
51.4175	14.00
51.438	7.00
51.4585	14.00
51.4789	8.00
51.4994	4.00
51.5198	9.00
51.5403	4.00
51.5608	9.00
51.5812	11.00
51.6017	9.00
51.6222	7.00
51.6426	13.00
51.6631	5.00
51.6835	8.00
51.704	10.00
51.7245	9.00
51.7449	7.00
51.7654	6.00
51.7859	6.00
51.8063	5.00
51.8268	13.00
51.8473	8.00
51.8677	15.00
51.8882	9.00
51.9086	9.00
51.9291	7.00
51.9496	13.00
51.97	9.00
51.9905	13.00
52.011	7.00
52.0314	14.00
52.0519	13.00
52.0723	8.00
52.0928	13.00
52.1133	13.00
52.1337	14.00
52.1542	5.00
52.1747	12.00
52.1951	11.00
52.2156	9.00
52.2361	8.00
52.2565	8.00
52.277	10.00
52.2974	10.00
52.3179	16.00
52.3384	9.00
52.3588	9.00
52.3793	8.00
52.3998	7.00
52.4202	5.00
52.4407	10.00
52.4611	12.00
52.4816	10.00
52.5021	9.00
52.5225	10.00
52.543	8.00
52.5635	12.00
52.5839	5.00
52.6044	10.00
52.6249	9.00
52.6453	5.00
52.6658	12.00
52.6862	8.00
52.7067	16.00
52.7272	4.00
52.7476	11.00
52.7681	13.00
52.7886	9.00
52.809	10.00
52.8295	9.00
52.8499	12.00
52.8704	9.00
52.8909	13.00
52.9113	14.00
52.9318	11.00
52.9523	12.00
52.9727	19.00
52.9932	13.00
53.0137	12.00
53.0341	7.00
53.0546	20.00
53.075	20.00
53.0955	11.00
53.116	11.00
53.1364	7.00
53.1569	6.00
53.1774	10.00
53.1978	7.00
53.2183	14.00
53.2387	16.00
53.2592	10.00
53.2797	12.00
53.3001	13.00
53.3206	15.00
53.3411	15.00
53.3615	18.00
53.382	17.00
53.4025	17.00
53.4229	13.00
53.4434	13.00
53.4638	16.00
53.4843	20.00
53.5048	17.00
53.5252	24.00
53.5457	18.00
53.5662	24.00
53.5866	26.00
53.6071	25.00
53.6275	31.00
53.648	33.00
53.6685	33.00
53.6889	39.00
53.7094	49.00
53.7299	69.00
53.7503	70.00
53.7708	84.00
53.7913	72.00
53.8117	100.00
53.8322	91.00
53.8526	78.00
53.8731	77.00
53.8936	81.00
53.914	66.00
53.9345	71.00
53.955	70.00
53.9754	50.00
53.9959	48.00
54.0163	32.00
54.0368	34.00
54.0573	37.00
54.0777	23.00
54.0982	17.00
54.1187	28.00
54.1391	19.00
54.1596	20.00
54.18	17.00
54.2005	14.00
54.221	31.00
54.2414	22.00
54.2619	21.00
54.2824	20.00
54.3028	26.00
54.3233	31.00
54.3438	14.00
54.3642	28.00
54.3847	22.00
54.4051	32.00
54.4256	17.00
54.4461	16.00
54.4665	22.00
54.487	18.00
54.5075	17.00
54.5279	15.00
54.5484	19.00
54.5688	15.00
54.5893	11.00
54.6098	10.00
54.6302	13.00
54.6507	10.00
54.6712	10.00
54.6916	19.00
54.7121	13.00
54.7326	9.00
54.753	13.00
54.7735	15.00
54.7939	14.00
54.8144	16.00
54.8349	11.00
54.8553	12.00
54.8758	10.00
54.8963	13.00
54.9167	7.00
54.9372	9.00
54.9576	9.00
54.9781	10.00
54.9986	8.00
55.019	8.00
55.0395	7.00
55.06	21.00
55.0804	12.00
55.1009	8.00
55.1214	10.00
55.1418	10.00
55.1623	8.00
55.1827	8.00
55.2032	8.00
55.2237	8.00
55.2441	9.00
55.2646	13.00
55.2851	5.00
55.3055	9.00
55.326	7.00
55.3464	10.00
55.3669	6.00
55.3874	10.00
55.4078	12.00
55.4283	7.00
55.4488	16.00
55.4692	7.00
55.4897	13.00
55.5102	14.00
55.5306	14.00
55.5511	5.00
55.5715	9.00
55.592	10.00
55.6125	11.00
55.6329	19.00
55.6534	6.00
55.6739	9.00
55.6943	12.00
55.7148	5.00
55.7352	10.00
55.7557	7.00
55.7762	12.00
55.7966	6.00
55.8171	14.00
55.8376	8.00
55.858	6.00
55.8785	9.00
55.899	6.00
55.9194	8.00
55.9399	12.00
55.9603	6.00
55.9808	8.00
56.0013	12.00
56.0217	11.00
56.0422	7.00
56.0627	12.00
56.0831	10.00
56.1036	11.00
56.124	4.00
56.1445	14.00
56.165	6.00
56.1854	12.00
56.2059	9.00
56.2264	12.00
56.2468	13.00
56.2673	16.00
56.2878	8.00
56.3082	11.00
56.3287	13.00
56.3491	10.00
56.3696	11.00
56.3901	11.00
56.4105	16.00
56.431	12.00
56.4515	9.00
56.4719	16.00
56.4924	8.00
56.5128	9.00
56.5333	10.00
56.5538	13.00
56.5742	11.00
56.5947	15.00
56.6152	15.00
56.6356	10.00
56.6561	11.00
56.6766	7.00
56.697	10.00
56.7175	20.00
56.7379	18.00
56.7584	14.00
56.7789	13.00
56.7993	19.00
56.8198	13.00
56.8403	12.00
56.8607	17.00
56.8812	17.00
56.9016	18.00
56.9221	23.00
56.9426	13.00
56.963	26.00
56.9835	22.00
57.004	20.00
57.0244	31.00
57.0449	24.00
57.0654	29.00
57.0858	42.00
57.1063	36.00
57.1267	38.00
57.1472	48.00
57.1677	57.00
57.1881	59.00
57.2086	82.00
57.2291	112.00
57.2495	149.00
57.27	200.00
57.2904	220.00
57.3109	241.00
57.3314	238.00
57.3518	206.00
57.3723	186.00
57.3928	183.00
57.4132	200.00
57.4337	185.00
57.4542	181.00
57.4746	174.00
57.4951	158.00
57.5155	133.00
57.536	117.00
57.5565	110.00
57.5769	86.00
57.5974	81.00
57.6179	86.00
57.6383	60.00
57.6588	46.00
57.6792	44.00
57.6997	46.00
57.7202	47.00
57.7406	36.00
57.7611	30.00
57.7816	25.00
57.802	41.00
57.8225	35.00
57.843	21.00
57.8634	29.00
57.8839	28.00
57.9043	23.00
57.9248	18.00
57.9453	18.00
57.9657	17.00
57.9862	31.00
58.0067	14.00
58.0271	12.00
58.0476	18.00
58.068	18.00
58.0885	10.00
58.109	12.00
58.1294	17.00
58.1499	15.00
58.1704	16.00
58.1908	19.00
58.2113	12.00
58.2318	23.00
58.2522	19.00
58.2727	14.00
58.2931	16.00
58.3136	9.00
58.3341	8.00
58.3545	19.00
58.375	18.00
58.3955	11.00
58.4159	19.00
58.4364	10.00
58.4568	11.00
58.4773	11.00
58.4978	9.00
58.5182	12.00
58.5387	10.00
58.5592	7.00
58.5796	10.00
58.6001	9.00
58.6206	18.00
58.641	11.00
58.6615	6.00
58.6819	10.00
58.7024	9.00
58.7229	13.00
58.7433	12.00
58.7638	12.00
58.7843	7.00
58.8047	12.00
58.8252	14.00
58.8456	6.00
58.8661	10.00
58.8866	9.00
58.907	9.00
58.9275	11.00
58.948	6.00
58.9684	9.00
58.9889	10.00
59.0094	12.00
59.0298	13.00
59.0503	10.00
59.0707	12.00
59.0912	12.00
59.1117	11.00
59.1321	12.00
59.1526	9.00
59.1731	14.00
59.1935	11.00
59.214	8.00
59.2344	12.00
59.2549	8.00
59.2754	10.00
59.2958	9.00
59.3163	11.00
59.3368	12.00
59.3572	12.00
59.3777	7.00
59.3982	10.00
59.4186	13.00
59.4391	11.00
59.4595	14.00
59.48	14.00
59.5005	13.00
59.5209	6.00
59.5414	9.00
59.5619	10.00
59.5823	11.00
59.6028	10.00
59.6232	14.00
59.6437	9.00
59.6642	8.00
59.6846	10.00
59.7051	7.00
59.7256	16.00
59.746	10.00
59.7665	12.00
59.787	9.00
59.8074	16.00
59.8279	9.00
59.8483	11.00
59.8688	11.00
59.8893	16.00
59.9097	15.00
59.9302	17.00
59.9507	9.00
59.9711	15.00
59.9916	6.00
60.012	11.00
60.0325	9.00
60.053	13.00
60.0734	12.00
60.0939	8.00
60.1144	10.00
60.1348	12.00
60.1553	11.00
60.1758	12.00
60.1962	13.00
60.2167	9.00
60.2371	8.00
60.2576	10.00
60.2781	9.00
60.2985	7.00
60.319	15.00
60.3395	12.00
60.3599	21.00
60.3804	11.00
60.4008	20.00
60.4213	13.00
60.4418	11.00
60.4622	10.00
60.4827	12.00
60.5032	9.00
60.5236	17.00
60.5441	10.00
60.5646	14.00
60.585	15.00
60.6055	16.00
60.6259	18.00
60.6464	11.00
60.6669	12.00
60.6873	16.00
60.7078	14.00
60.7283	26.00
60.7487	15.00
60.7692	18.00
60.7896	21.00
60.8101	18.00
60.8306	21.00
60.851	24.00
60.8715	23.00
60.892	20.00
60.9124	23.00
60.9329	17.00
60.9534	23.00
60.9738	27.00
60.9943	21.00
61.0147	22.00
61.0352	21.00
61.0557	29.00
61.0761	35.00
61.0966	25.00
61.1171	23.00
61.1375	22.00
61.158	22.00
61.1784	26.00
61.1989	25.00
61.2194	26.00
61.2398	28.00
61.2603	18.00
61.2808	28.00
61.3012	19.00
61.3217	18.00
61.3422	22.00
61.3626	18.00
61.3831	17.00
61.4035	13.00
61.424	22.00
61.4445	19.00
61.4649	17.00
61.4854	22.00
61.5059	24.00
61.5263	16.00
61.5468	21.00
61.5672	19.00
61.5877	20.00
61.6082	21.00
61.6286	9.00
61.6491	19.00
61.6696	26.00
61.69	18.00
61.7105	21.00
61.731	23.00
61.7514	12.00
61.7719	16.00
61.7923	21.00
61.8128	21.00
61.8333	17.00
61.8537	21.00
61.8742	17.00
61.8947	17.00
61.9151	17.00
61.9356	23.00
61.956	14.00
61.9765	13.00
61.997	14.00
62.0174	15.00
62.0379	13.00
62.0584	13.00
62.0788	15.00
62.0993	24.00
62.1198	14.00
62.1402	12.00
62.1607	9.00
62.1811	12.00
62.2016	9.00
62.2221	14.00
62.2425	10.00
62.263	10.00
62.2835	17.00
62.3039	12.00
62.3244	21.00
62.3448	21.00
62.3653	20.00
62.3858	21.00
62.4062	15.00
62.4267	18.00
62.4472	21.00
62.4676	27.00
62.4881	22.00
62.5086	21.00
62.529	28.00
62.5495	33.00
62.5699	33.00
62.5904	35.00
62.6109	37.00
62.6313	39.00
62.6518	30.00
62.6723	60.00
62.6927	59.00
62.7132	61.00
62.7336	72.00
62.7541	95.00
62.7746	99.00
62.795	111.00
62.8155	192.00
62.836	236.00
62.8564	282.00
62.8769	295.00
62.8974	280.00
62.9178	284.00
62.9383	267.00
62.9587	271.00
62.9792	268.00
62.9997	211.00
63.0201	240.00
63.0406	243.00
63.0611	259.00
63.0815	233.00
63.102	211.00
63.1224	162.00
63.1429	162.00
63.1634	152.00
63.1838	106.00
63.2043	86.00
63.2248	80.00
63.2452	89.00
63.2657	64.00
63.2862	53.00
63.3066	58.00
63.3271	55.00
63.3475	47.00
63.368	35.00
63.3885	33.00
63.4089	47.00
63.4294	31.00
63.4499	38.00
63.4703	38.00
63.4908	34.00
63.5112	28.00
63.5317	34.00
63.5522	19.00
63.5726	16.00
63.5931	22.00
63.6136	22.00
63.634	17.00
63.6545	17.00
63.675	16.00
63.6954	11.00
63.7159	18.00
63.7363	16.00
63.7568	18.00
63.7773	19.00
63.7977	12.00
63.8182	17.00
63.8387	11.00
63.8591	11.00
63.8796	14.00
63.9	17.00
63.9205	9.00
63.941	13.00
63.9614	17.00
63.9819	14.00
64.0024	12.00
64.0228	17.00
64.0433	14.00
64.0638	12.00
64.0842	18.00
64.1047	18.00
64.1251	20.00
64.1456	17.00
64.1661	13.00
64.1865	7.00
64.207	24.00
64.2275	11.00
64.2479	18.00
64.2684	14.00
64.2888	18.00
64.3093	13.00
64.3298	14.00
64.3502	12.00
64.3707	13.00
64.3912	12.00
64.4116	14.00
64.4321	19.00
64.4526	11.00
64.473	16.00
64.4935	11.00
64.5139	11.00
64.5344	11.00
64.5549	12.00
64.5753	12.00
64.5958	13.00
64.6163	15.00
64.6367	10.00
64.6572	9.00
64.6776	7.00
64.6981	5.00
64.7186	9.00
64.739	4.00
64.7595	8.00
64.78	9.00
64.8004	11.00
64.8209	8.00
64.8414	9.00
64.8618	11.00
64.8823	9.00
64.9027	7.00
64.9232	12.00
64.9437	9.00
64.9641	9.00
64.9846	3.00
65.0051	12.00
65.0255	11.00
65.046	15.00
65.0664	15.00
65.0869	7.00
65.1074	11.00
65.1278	7.00
65.1483	13.00
65.1688	5.00
65.1892	13.00
65.2097	10.00
65.2302	3.00
65.2506	8.00
65.2711	10.00
65.2915	9.00
65.312	10.00
65.3325	7.00
65.3529	15.00
65.3734	10.00
65.3939	4.00
65.4143	11.00
65.4348	5.00
65.4552	12.00
65.4757	9.00
65.4962	8.00
65.5166	9.00
65.5371	4.00
65.5576	8.00
65.578	4.00
65.5985	5.00
65.619	5.00
65.6394	8.00
65.6599	12.00
65.6803	7.00
65.7008	11.00
65.7213	7.00
65.7417	12.00
65.7622	9.00
65.7827	6.00
65.8031	11.00
65.8236	9.00
65.844	5.00
65.8645	9.00
65.885	7.00
65.9054	9.00
65.9259	12.00
65.9464	10.00
65.9668	12.00
65.9873	17.00
66.0078	11.00
66.0282	6.00
66.0487	12.00
66.0691	19.00
66.0896	15.00
66.1101	12.00
66.1305	11.00
66.151	11.00
66.1715	14.00
66.1919	9.00
66.2124	8.00
66.2328	20.00
66.2533	5.00
66.2738	7.00
66.2942	8.00
66.3147	17.00
66.3352	10.00
66.3556	5.00
66.3761	10.00
66.3966	10.00
66.417	11.00
66.4375	11.00
66.4579	11.00
66.4784	10.00
66.4989	9.00
66.5193	10.00
66.5398	9.00
66.5603	9.00
66.5807	6.00
66.6012	11.00
66.6216	9.00
66.6421	9.00
66.6626	9.00
66.683	9.00
66.7035	8.00
66.724	7.00
66.7444	5.00
66.7649	15.00
66.7854	7.00
66.8058	5.00
66.8263	8.00
66.8467	11.00
66.8672	2.00
66.8877	8.00
66.9081	7.00
66.9286	10.00
66.9491	8.00
66.9695	6.00
66.99	7.00
67.0104	10.00
67.0309	5.00
67.0514	6.00
67.0718	3.00
67.0923	4.00
67.1128	11.00
67.1332	10.00
67.1537	7.00
67.1742	10.00
67.1946	5.00
67.2151	5.00
67.2355	13.00
67.256	8.00
67.2765	9.00
67.2969	10.00
67.3174	9.00
67.3379	3.00
67.3583	9.00
67.3788	9.00
67.3992	5.00
67.4197	8.00
67.4402	10.00
67.4606	7.00
67.4811	4.00
67.5016	6.00
67.522	7.00
67.5425	12.00
67.563	4.00
67.5834	4.00
67.6039	7.00
67.6243	3.00
67.6448	9.00
67.6653	5.00
67.6857	6.00
67.7062	11.00
67.7267	14.00
67.7471	8.00
67.7676	5.00
67.788	8.00
67.8085	7.00
67.829	8.00
67.8494	7.00
67.8699	1.00
67.8904	2.00
67.9108	3.00
67.9313	5.00
67.9518	6.00
67.9722	4.00
67.9927	11.00
68.0131	8.00
68.0336	8.00
68.0541	10.00
68.0745	8.00
68.095	4.00
68.1155	7.00
68.1359	13.00
68.1564	6.00
68.1768	7.00
68.1973	3.00
68.2178	4.00
68.2382	5.00
68.2587	4.00
68.2792	7.00
68.2996	2.00
68.3201	5.00
68.3406	8.00
68.361	7.00
68.3815	4.00
68.4019	7.00
68.4224	6.00
68.4429	7.00
68.4633	6.00
68.4838	5.00
68.5043	9.00
68.5247	5.00
68.5452	3.00
68.5656	13.00
68.5861	9.00
68.6066	10.00
68.627	10.00
68.6475	9.00
68.668	9.00
68.6884	8.00
68.7089	8.00
68.7294	9.00
68.7498	7.00
68.7703	5.00
68.7907	7.00
68.8112	6.00
68.8317	5.00
68.8521	5.00
68.8726	6.00
68.8931	13.00
68.9135	8.00
68.934	8.00
68.9544	4.00
68.9749	2.00
68.9954	10.00
69.0158	7.00
69.0363	8.00
69.0568	7.00
69.0772	5.00
69.0977	5.00
69.1182	3.00
69.1386	15.00
69.1591	10.00
69.1795	13.00
69.2	3.00
69.2205	4.00
69.2409	5.00
69.2614	6.00
69.2819	4.00
69.3023	9.00
69.3228	8.00
69.3432	5.00
69.3637	7.00
69.3842	5.00
69.4046	6.00
69.4251	7.00
69.4456	4.00
69.466	4.00
69.4865	10.00
69.507	9.00
69.5274	5.00
69.5479	8.00
69.5683	6.00
69.5888	11.00
69.6093	8.00
69.6297	6.00
69.6502	7.00
69.6707	6.00
69.6911	11.00
69.7116	4.00
69.732	7.00
69.7525	2.00
69.773	9.00
69.7934	5.00
69.8139	4.00
69.8344	7.00
69.8548	6.00
69.8753	8.00
69.8958	9.00
69.9162	5.00
69.9367	5.00
69.9571	3.00
69.9776	6.00
69.9981	1.00
70.0185	7.00
70.039	9.00
70.0595	10.00
70.0799	10.00
70.1004	8.00
70.1208	6.00
70.1413	6.00
70.1618	7.00
70.1822	8.00
70.2027	10.00
70.2232	8.00
70.2436	5.00
70.2641	8.00
70.2846	6.00
70.305	14.00
70.3255	6.00
70.3459	5.00
70.3664	11.00
70.3869	6.00
70.4073	7.00
70.4278	8.00
70.4483	8.00
70.4687	4.00
70.4892	11.00
70.5096	8.00
70.5301	8.00
70.5506	6.00
70.571	10.00
70.5915	7.00
70.612	16.00
70.6324	4.00
70.6529	7.00
70.6734	8.00
70.6938	6.00
70.7143	11.00
70.7347	7.00
70.7552	8.00
70.7757	7.00
70.7961	6.00
70.8166	6.00
70.8371	7.00
70.8575	8.00
70.878	11.00
70.8984	9.00
70.9189	9.00
70.9394	9.00
70.9598	6.00
70.9803	6.00
71.0008	11.00
71.0212	12.00
71.0417	14.00
71.0622	9.00
71.0826	9.00
71.1031	13.00
71.1235	12.00
71.144	12.00
71.1645	6.00
71.1849	23.00
71.2054	19.00
71.2259	16.00
71.2463	24.00
71.2668	31.00
71.2872	24.00
71.3077	30.00
71.3282	23.00
71.3486	22.00
71.3691	25.00
71.3896	18.00
71.41	22.00
71.4305	18.00
71.451	28.00
71.4714	19.00
71.4919	24.00
71.5123	25.00
71.5328	16.00
71.5533	23.00
71.5737	14.00
71.5942	23.00
71.6147	7.00
71.6351	13.00
71.6556	13.00
71.676	13.00
71.6965	14.00
71.717	10.00
71.7374	6.00
71.7579	8.00
71.7784	7.00
71.7988	8.00
71.8193	10.00
71.8398	14.00
71.8602	6.00
71.8807	9.00
71.9011	10.00
71.9216	4.00
71.9421	13.00
71.9625	6.00
71.983	5.00
72.0035	12.00
72.0239	7.00
72.0444	11.00
72.0648	8.00
72.0853	9.00
72.1058	5.00
72.1262	9.00
72.1467	9.00
72.1672	16.00
72.1876	6.00
72.2081	8.00
72.2285	12.00
72.249	9.00
72.2695	12.00
72.2899	10.00
72.3104	12.00
72.3309	10.00
72.3513	7.00
72.3718	6.00
72.3923	13.00
72.4127	13.00
72.4332	10.00
72.4536	9.00
72.4741	4.00
72.4946	7.00
72.515	18.00
72.5355	8.00
72.556	11.00
72.5764	11.00
72.5969	11.00
72.6173	14.00
72.6378	10.00
72.6583	9.00
72.6787	11.00
72.6992	15.00
72.7197	9.00
72.7401	13.00
72.7606	9.00
72.7811	10.00
72.8015	8.00
72.822	14.00
72.8424	4.00
72.8629	9.00
72.8834	13.00
72.9038	3.00
72.9243	10.00
72.9448	6.00
72.9652	7.00
72.9857	4.00
73.0061	8.00
73.0266	9.00
73.0471	14.00
73.0675	4.00
73.088	11.00
73.1085	10.00
73.1289	8.00
73.1494	7.00
73.1699	10.00
73.1903	11.00
73.2108	11.00
73.2312	7.00
73.2517	10.00
73.2722	11.00
73.2926	10.00
73.3131	13.00
73.3336	12.00
73.354	15.00
73.3745	4.00
73.3949	12.00
73.4154	7.00
73.4359	12.00
73.4563	11.00
73.4768	11.00
73.4973	13.00
73.5177	9.00
73.5382	8.00
73.5587	6.00
73.5791	10.00
73.5996	9.00
73.62	11.00
73.6405	17.00
73.661	9.00
73.6814	16.00
73.7019	12.00
73.7224	6.00
73.7428	16.00
73.7633	11.00
73.7837	9.00
73.8042	9.00
73.8247	6.00
73.8451	6.00
73.8656	15.00
73.8861	7.00
73.9065	10.00
73.927	10.00
73.9475	2.00
73.9679	15.00
73.9884	12.00
74.0088	14.00
74.0293	16.00
74.0498	19.00
74.0702	9.00
74.0907	14.00
74.1112	13.00
74.1316	10.00
74.1521	14.00
74.1725	17.00
74.193	23.00
74.2135	29.00
74.2339	29.00
74.2544	38.00
74.2749	50.00
74.2953	59.00
74.3158	58.00
74.3363	42.00
74.3567	54.00
74.3772	56.00
74.3976	42.00
74.4181	32.00
74.4386	35.00
74.459	40.00
74.4795	45.00
74.5	48.00
74.5204	43.00
74.5409	45.00
74.5613	41.00
74.5818	28.00
74.6023	40.00
74.6227	39.00
74.6432	27.00
74.6637	33.00
74.6841	23.00
74.7046	20.00
74.7251	31.00
74.7455	21.00
74.766	16.00
74.7864	16.00
74.8069	15.00
74.8274	13.00
74.8478	8.00
74.8683	3.00
74.8888	12.00
74.9092	18.00
74.9297	11.00
74.9501	13.00
74.9706	17.00
74.9911	9.00
75.0115	8.00
75.032	11.00
75.0525	7.00
75.0729	9.00
75.0934	10.00
75.1139	8.00
75.1343	17.00
75.1548	14.00
75.1752	15.00
75.1957	16.00
75.2162	15.00
75.2366	15.00
75.2571	17.00
75.2776	29.00
75.298	34.00
75.3185	34.00
75.3389	28.00
75.3594	21.00
75.3799	24.00
75.4003	17.00
75.4208	23.00
75.4413	14.00
75.4617	20.00
75.4822	22.00
75.5027	19.00
75.5231	17.00
75.5436	19.00
75.564	13.00
75.5845	23.00
75.605	17.00
75.6254	17.00
75.6459	15.00
75.6664	14.00
75.6868	11.00
75.7073	14.00
75.7277	15.00
75.7482	9.00
75.7687	11.00
75.7891	13.00
75.8096	9.00
75.8301	12.00
75.8505	4.00
75.871	4.00
75.8915	7.00
75.9119	13.00
75.9324	6.00
75.9528	5.00
75.9733	8.00
75.9938	4.00
76.0142	8.00
76.0347	8.00
76.0552	6.00
76.0756	11.00
76.0961	15.00
76.1165	9.00
76.137	4.00
76.1575	7.00
76.1779	8.00
76.1984	10.00
76.2189	10.00
76.2393	2.00
76.2598	16.00
76.2803	7.00
76.3007	8.00
76.3212	12.00
76.3416	5.00
76.3621	9.00
76.3826	6.00
76.403	9.00
76.4235	6.00
76.444	7.00
76.4644	7.00
76.4849	7.00
76.5053	11.00
76.5258	8.00
76.5463	11.00
76.5667	8.00
76.5872	6.00
76.6077	8.00
76.6281	6.00
76.6486	7.00
76.6691	5.00
76.6895	7.00
76.71	11.00
76.7304	14.00
76.7509	9.00
76.7714	7.00
76.7918	13.00
76.8123	9.00
76.8328	2.00
76.8532	6.00
76.8737	10.00
76.8941	8.00
76.9146	8.00
76.9351	10.00
76.9555	7.00
76.976	8.00
76.9965	6.00
77.0169	9.00
77.0374	7.00
77.0579	3.00
77.0783	2.00
77.0988	10.00
77.1192	5.00
77.1397	4.00
77.1602	6.00
77.1806	6.00
77.2011	4.00
77.2216	5.00
77.242	8.00
77.2625	7.00
77.2829	5.00
77.3034	5.00
77.3239	9.00
77.3443	9.00
77.3648	4.00
77.3853	4.00
77.4057	6.00
77.4262	5.00
77.4467	10.00
77.4671	6.00
77.4876	4.00
77.508	3.00
77.5285	6.00
77.549	3.00
77.5694	6.00
77.5899	4.00
77.6104	5.00
77.6308	8.00
77.6513	3.00
77.6717	6.00
77.6922	8.00
77.7127	7.00
77.7331	8.00
77.7536	5.00
77.7741	7.00
77.7945	8.00
77.815	6.00
77.8355	6.00
77.8559	2.00
77.8764	5.00
77.8968	7.00
77.9173	9.00
77.9378	5.00
77.9582	6.00
77.9787	5.00
77.9992	6.00
78.0196	3.00
78.0401	3.00
78.0605	4.00
78.081	5.00
78.1015	8.00
78.1219	5.00
78.1424	5.00
78.1629	10.00
78.1833	6.00
78.2038	5.00
78.2243	5.00
78.2447	5.00
78.2652	7.00
78.2856	4.00
78.3061	7.00
78.3266	4.00
78.347	7.00
78.3675	4.00
78.388	4.00
78.4084	8.00
78.4289	5.00
78.4493	4.00
78.4698	7.00
78.4903	4.00
78.5107	6.00
78.5312	11.00
78.5517	4.00
78.5721	7.00
78.5926	9.00
78.6131	4.00
78.6335	3.00
78.654	1.00
78.6744	6.00
78.6949	5.00
78.7154	3.00
78.7358	5.00
78.7563	8.00
78.7768	3.00
78.7972	3.00
78.8177	3.00
78.8381	3.00
78.8586	9.00
78.8791	6.00
78.8995	9.00
78.92	11.00
78.9405	5.00
78.9609	6.00
78.9814	8.00
79.0019	3.00
79.0223	10.00
79.0428	6.00
79.0632	3.00
79.0837	6.00
79.1042	10.00
79.1246	11.00
79.1451	3.00
79.1656	8.00
79.186	13.00
79.2065	13.00
79.2269	27.00
79.2474	14.00
79.2679	18.00
79.2883	13.00
79.3088	17.00
79.3293	25.00
79.3497	13.00
79.3702	16.00
79.3907	15.00
79.4111	13.00
79.4316	17.00
79.452	16.00
79.4725	26.00
79.493	16.00
79.5134	20.00
79.5339	10.00
79.5544	13.00
79.5748	14.00
79.5953	15.00
79.6157	18.00
79.6362	14.00
79.6567	12.00
79.6771	4.00
79.6976	13.00
79.7181	11.00
79.7385	9.00
79.759	10.00
79.7795	12.00
79.7999	7.00
79.8204	3.00
79.8408	7.00
79.8613	8.00
79.8818	7.00
79.9022	5.00
79.9227	6.00
79.9432	7.00
79.9636	9.00
79.9841	6.00
80.0045	8.00
