COMMANDER Sample ID
Wavelength = 1.54059
10.0001	421.00
10.0206	412.00
10.041	379.00
10.0615	373.00
10.082	407.00
10.1024	422.00
10.1229	399.00
10.1433	417.00
10.1638	384.00
10.1843	410.00
10.2047	439.00
10.2252	357.00
10.2457	404.00
10.2661	360.00
10.2866	368.00
10.3071	345.00
10.3275	396.00
10.348	373.00
10.3684	396.00
10.3889	377.00
10.4094	369.00
10.4298	404.00
10.4503	373.00
10.4708	368.00
10.4912	396.00
10.5117	385.00
10.5321	388.00
10.5526	359.00
10.5731	352.00
10.5935	344.00
10.614	384.00
10.6345	355.00
10.6549	370.00
10.6754	370.00
10.6959	377.00
10.7163	355.00
10.7368	370.00
10.7572	324.00
10.7777	365.00
10.7982	400.00
10.8186	324.00
10.8391	362.00
10.8596	329.00
10.88	357.00
10.9005	338.00
10.9209	368.00
10.9414	373.00
10.9619	351.00
10.9823	313.00
11.0028	358.00
11.0233	348.00
11.0437	351.00
11.0642	351.00
11.0847	355.00
11.1051	349.00
11.1256	329.00
11.146	364.00
11.1665	332.00
11.187	354.00
11.2074	313.00
11.2279	326.00
11.2484	360.00
11.2688	317.00
11.2893	306.00
11.3097	372.00
11.3302	346.00
11.3507	313.00
11.3711	300.00
11.3916	363.00
11.4121	331.00
11.4325	311.00
11.453	334.00
11.4735	325.00
11.4939	304.00
11.5144	352.00
11.5348	316.00
11.5553	309.00
11.5758	333.00
11.5962	336.00
11.6167	326.00
11.6372	360.00
11.6576	354.00
11.6781	328.00
11.6985	332.00
11.719	309.00
11.7395	334.00
11.7599	343.00
11.7804	318.00
11.8009	282.00
11.8213	327.00
11.8418	337.00
11.8623	298.00
11.8827	278.00
11.9032	330.00
11.9236	292.00
11.9441	321.00
11.9646	285.00
11.985	286.00
12.0055	313.00
12.026	293.00
12.0464	271.00
12.0669	314.00
12.0873	307.00
12.1078	307.00
12.1283	315.00
12.1487	294.00
12.1692	308.00
12.1897	296.00
12.2101	305.00
12.2306	257.00
12.2511	288.00
12.2715	286.00
12.292	302.00
12.3124	302.00
12.3329	303.00
12.3534	273.00
12.3738	297.00
12.3943	286.00
12.4148	299.00
12.4352	265.00
12.4557	277.00
12.4761	285.00
12.4966	266.00
12.5171	281.00
12.5375	278.00
12.558	291.00
12.5785	304.00
12.5989	285.00
12.6194	270.00
12.6399	290.00
12.6603	285.00
12.6808	283.00
12.7012	273.00
12.7217	274.00
12.7422	242.00
12.7626	292.00
12.7831	263.00
12.8036	290.00
12.824	234.00
12.8445	284.00
12.8649	279.00
12.8854	261.00
12.9059	259.00
12.9263	251.00
12.9468	285.00
12.9673	265.00
12.9877	279.00
13.0082	285.00
13.0287	262.00
13.0491	279.00
13.0696	261.00
13.09	274.00
13.1105	273.00
13.131	299.00
13.1514	270.00
13.1719	274.00
13.1924	263.00
13.2128	293.00
13.2333	284.00
13.2537	277.00
13.2742	283.00
13.2947	279.00
13.3151	292.00
13.3356	271.00
13.3561	278.00
13.3765	296.00
13.397	268.00
13.4175	261.00
13.4379	262.00
13.4584	251.00
13.4788	258.00
13.4993	238.00
13.5198	301.00
13.5402	277.00
13.5607	272.00
13.5812	254.00
13.6016	247.00
13.6221	285.00
13.6425	268.00
13.663	269.00
13.6835	270.00
13.7039	269.00
13.7244	264.00
13.7449	284.00
13.7653	263.00
13.7858	248.00
13.8063	282.00
13.8267	290.00
13.8472	280.00
13.8676	297.00
13.8881	267.00
13.9086	248.00
13.929	274.00
13.9495	241.00
13.97	238.00
13.9904	265.00
14.0109	246.00
14.0313	257.00
14.0518	249.00
14.0723	248.00
14.0927	280.00
14.1132	237.00
14.1337	209.00
14.1541	269.00
14.1746	235.00
14.1951	229.00
14.2155	232.00
14.236	238.00
14.2564	235.00
14.2769	222.00
14.2974	219.00
14.3178	244.00
14.3383	217.00
14.3588	224.00
14.3792	235.00
14.3997	239.00
14.4201	239.00
14.4406	240.00
14.4611	220.00
14.4815	211.00
14.502	227.00
14.5225	224.00
14.5429	230.00
14.5634	221.00
14.5839	217.00
14.6043	208.00
14.6248	184.00
14.6452	231.00
14.6657	228.00
14.6862	240.00
14.7066	197.00
14.7271	193.00
14.7476	202.00
14.768	224.00
14.7885	196.00
14.8089	184.00
14.8294	221.00
14.8499	213.00
14.8703	209.00
14.8908	236.00
14.9113	190.00
14.9317	199.00
14.9522	214.00
14.9727	235.00
14.9931	218.00
15.0136	187.00
15.034	199.00
15.0545	219.00
15.075	179.00
15.0954	222.00
15.1159	228.00
15.1364	182.00
15.1568	207.00
15.1773	210.00
15.1977	202.00
15.2182	174.00
15.2387	193.00
15.2591	206.00
15.2796	190.00
15.3001	206.00
15.3205	200.00
15.341	198.00
15.3615	195.00
15.3819	181.00
15.4024	201.00
15.4228	175.00
15.4433	198.00
15.4638	175.00
15.4842	169.00
15.5047	167.00
15.5252	185.00
15.5456	191.00
15.5661	169.00
15.5865	175.00
15.607	183.00
15.6275	169.00
15.6479	192.00
15.6684	190.00
15.6889	175.00
15.7093	179.00
15.7298	204.00
15.7503	182.00
15.7707	166.00
15.7912	172.00
15.8116	208.00
15.8321	192.00
15.8526	200.00
15.873	182.00
15.8935	169.00
15.914	179.00
15.9344	175.00
15.9549	193.00
15.9753	177.00
15.9958	190.00
16.0163	154.00
16.0367	169.00
16.0572	171.00
16.0777	173.00
16.0981	163.00
16.1186	182.00
16.1391	180.00
16.1595	166.00
16.18	162.00
16.2004	170.00
16.2209	179.00
16.2414	172.00
16.2618	167.00
16.2823	170.00
16.3028	173.00
16.3232	196.00
16.3437	155.00
16.3641	166.00
16.3846	187.00
16.4051	159.00
16.4255	171.00
16.446	172.00
16.4665	157.00
16.4869	171.00
16.5074	168.00
16.5279	171.00
16.5483	165.00
16.5688	120.00
16.5892	162.00
16.6097	177.00
16.6302	169.00
16.6506	157.00
16.6711	166.00
16.6916	164.00
16.712	160.00
16.7325	155.00
16.7529	157.00
16.7734	160.00
16.7939	157.00
16.8143	187.00
16.8348	167.00
16.8553	181.00
16.8757	156.00
16.8962	170.00
16.9167	169.00
16.9371	170.00
16.9576	159.00
16.978	175.00
16.9985	163.00
17.019	157.00
17.0394	177.00
17.0599	172.00
17.0804	166.00
17.1008	207.00
17.1213	157.00
17.1417	205.00
17.1622	186.00
17.1827	177.00
17.2031	175.00
17.2236	157.00
17.2441	176.00
17.2645	193.00
17.285	156.00
17.3055	173.00
17.3259	194.00
17.3464	169.00
17.3668	167.00
17.3873	165.00
17.4078	175.00
17.4282	149.00
17.4487	181.00
17.4692	157.00
17.4896	167.00
17.5101	208.00
17.5305	162.00
17.551	147.00
17.5715	163.00
17.5919	156.00
17.6124	159.00
17.6329	168.00
17.6533	158.00
17.6738	166.00
17.6943	157.00
17.7147	161.00
17.7352	174.00
17.7556	158.00
17.7761	148.00
17.7966	155.00
17.817	135.00
17.8375	181.00
17.858	159.00
17.8784	155.00
17.8989	156.00
17.9193	158.00
17.9398	155.00
17.9603	151.00
17.9807	152.00
18.0012	151.00
18.0217	184.00
18.0421	165.00
18.0626	162.00
18.0831	162.00
18.1035	130.00
18.124	152.00
18.1444	178.00
18.1649	141.00
18.1854	151.00
18.2058	157.00
18.2263	168.00
18.2468	153.00
18.2672	169.00
18.2877	144.00
18.3081	163.00
18.3286	166.00
18.3491	156.00
18.3695	198.00
18.39	172.00
18.4105	211.00
18.4309	213.00
18.4514	225.00
18.4719	235.00
18.4923	253.00
18.5128	251.00
18.5332	233.00
18.5537	197.00
18.5742	213.00
18.5946	169.00
18.6151	182.00
18.6356	137.00
18.656	168.00
18.6765	167.00
18.6969	148.00
18.7174	164.00
18.7379	145.00
18.7583	145.00
18.7788	172.00
18.7993	152.00
18.8197	139.00
18.8402	145.00
18.8606	152.00
18.8811	127.00
18.9016	129.00
18.922	139.00
18.9425	138.00
18.963	129.00
18.9834	140.00
19.0039	133.00
19.0244	115.00
19.0448	146.00
19.0653	134.00
19.0857	154.00
19.1062	155.00
19.1267	139.00
19.1471	112.00
19.1676	123.00
19.1881	128.00
19.2085	139.00
19.229	142.00
19.2494	122.00
19.2699	141.00
19.2904	124.00
19.3108	123.00
19.3313	120.00
19.3518	125.00
19.3722	143.00
19.3927	142.00
19.4132	136.00
19.4336	120.00
19.4541	125.00
19.4745	103.00
19.495	136.00
19.5155	140.00
19.5359	106.00
19.5564	130.00
19.5769	133.00
19.5973	132.00
19.6178	134.00
19.6382	141.00
19.6587	129.00
19.6792	132.00
19.6996	147.00
19.7201	128.00
19.7406	140.00
19.761	130.00
19.7815	120.00
19.802	130.00
19.8224	130.00
19.8429	126.00
19.8633	125.00
19.8838	128.00
19.9043	100.00
19.9247	107.00
19.9452	104.00
19.9657	130.00
19.9861	114.00
20.0066	104.00
20.027	108.00
20.0475	118.00
20.068	120.00
20.0884	131.00
20.1089	111.00
20.1294	96.00
20.1498	125.00
20.1703	114.00
20.1908	130.00
20.2112	132.00
20.2317	123.00
20.2521	126.00
20.2726	106.00
20.2931	116.00
20.3135	103.00
20.334	117.00
20.3545	98.00
20.3749	139.00
20.3954	122.00
20.4158	126.00
20.4363	103.00
20.4568	127.00
20.4772	125.00
20.4977	128.00
20.5182	107.00
20.5386	135.00
20.5591	133.00
20.5796	125.00
20.6	102.00
20.6205	101.00
20.6409	113.00
20.6614	127.00
20.6819	120.00
20.7023	114.00
20.7228	114.00
20.7433	124.00
20.7637	119.00
20.7842	113.00
20.8046	120.00
20.8251	112.00
20.8456	121.00
20.866	111.00
20.8865	114.00
20.907	116.00
20.9274	120.00
20.9479	100.00
20.9684	110.00
20.9888	89.00
21.0093	113.00
21.0297	116.00
21.0502	113.00
21.0707	120.00
21.0911	108.00
21.1116	98.00
21.1321	117.00
21.1525	100.00
21.173	119.00
21.1934	105.00
21.2139	112.00
21.2344	106.00
21.2548	119.00
21.2753	111.00
21.2958	112.00
21.3162	112.00
21.3367	113.00
21.3572	120.00
21.3776	129.00
21.3981	103.00
21.4185	114.00
21.439	110.00
21.4595	124.00
21.4799	110.00
21.5004	106.00
21.5209	116.00
21.5413	115.00
21.5618	128.00
21.5822	121.00
21.6027	107.00
21.6232	91.00
21.6436	98.00
21.6641	106.00
21.6846	85.00
21.705	94.00
21.7255	104.00
21.746	97.00
21.7664	91.00
21.7869	100.00
21.8073	91.00
21.8278	107.00
21.8483	114.00
21.8687	104.00
21.8892	102.00
21.9097	89.00
21.9301	105.00
21.9506	99.00
21.971	113.00
21.9915	83.00
22.012	106.00
22.0324	93.00
22.0529	108.00
22.0734	77.00
22.0938	96.00
22.1143	96.00
22.1348	85.00
22.1552	120.00
22.1757	108.00
22.1961	97.00
22.2166	92.00
22.2371	88.00
22.2575	80.00
22.278	99.00
22.2985	103.00
22.3189	98.00
22.3394	94.00
22.3598	94.00
22.3803	94.00
22.4008	115.00
22.4212	83.00
22.4417	91.00
22.4622	108.00
22.4826	90.00
22.5031	79.00
22.5236	71.00
22.544	108.00
22.5645	81.00
22.5849	93.00
22.6054	101.00
22.6259	91.00
22.6463	95.00
22.6668	99.00
22.6873	106.00
22.7077	87.00
22.7282	87.00
22.7486	75.00
22.7691	104.00
22.7896	86.00
22.81	107.00
22.8305	101.00
22.851	101.00
22.8714	79.00
22.8919	92.00
22.9124	99.00
22.9328	88.00
22.9533	84.00
22.9737	75.00
22.9942	85.00
23.0147	101.00
23.0351	78.00
23.0556	94.00
23.0761	87.00
23.0965	96.00
23.117	80.00
23.1374	76.00
23.1579	93.00
23.1784	92.00
23.1988	90.00
23.2193	81.00
23.2398	99.00
23.2602	94.00
23.2807	94.00
23.3012	79.00
23.3216	76.00
23.3421	79.00
23.3625	94.00
23.383	93.00
23.4035	106.00
23.4239	97.00
23.4444	81.00
23.4649	86.00
23.4853	88.00
23.5058	108.00
23.5262	83.00
23.5467	85.00
23.5672	91.00
23.5876	91.00
23.6081	86.00
23.6286	80.00
23.649	85.00
23.6695	89.00
23.69	78.00
23.7104	80.00
23.7309	89.00
23.7513	93.00
23.7718	93.00
23.7923	72.00
23.8127	79.00
23.8332	82.00
23.8537	74.00
23.8741	73.00
23.8946	80.00
23.915	72.00
23.9355	72.00
23.956	82.00
23.9764	80.00
23.9969	95.00
24.0174	89.00
24.0378	91.00
24.0583	95.00
24.0788	80.00
24.0992	70.00
24.1197	84.00
24.1401	72.00
24.1606	92.00
24.1811	84.00
24.2015	84.00
24.222	88.00
24.2425	81.00
24.2629	93.00
24.2834	82.00
24.3038	86.00
24.3243	90.00
24.3448	90.00
24.3652	96.00
24.3857	82.00
24.4062	95.00
24.4266	73.00
24.4471	84.00
24.4676	71.00
24.488	83.00
24.5085	80.00
24.5289	92.00
24.5494	84.00
24.5699	101.00
24.5903	62.00
24.6108	77.00
24.6313	76.00
24.6517	80.00
24.6722	79.00
24.6926	85.00
24.7131	76.00
24.7336	62.00
24.754	59.00
24.7745	74.00
24.795	78.00
24.8154	73.00
24.8359	99.00
24.8564	66.00
24.8768	69.00
24.8973	80.00
24.9177	71.00
24.9382	68.00
24.9587	65.00
24.9791	70.00
24.9996	73.00
25.0201	74.00
25.0405	66.00
25.061	69.00
25.0814	64.00
25.1019	78.00
25.1224	78.00
25.1428	75.00
25.1633	57.00
25.1838	79.00
25.2042	80.00
25.2247	83.00
25.2452	81.00
25.2656	65.00
25.2861	71.00
25.3065	70.00
25.327	86.00
25.3475	74.00
25.3679	77.00
25.3884	64.00
25.4089	66.00
25.4293	71.00
25.4498	54.00
25.4702	70.00
25.4907	76.00
25.5112	66.00
25.5316	76.00
25.5521	72.00
25.5726	53.00
25.593	60.00
25.6135	67.00
25.634	54.00
25.6544	56.00
25.6749	69.00
25.6953	77.00
25.7158	73.00
25.7363	60.00
25.7567	70.00
25.7772	65.00
25.7977	57.00
25.8181	58.00
25.8386	61.00
25.859	66.00
25.8795	61.00
25.9	57.00
25.9204	66.00
25.9409	72.00
25.9614	76.00
25.9818	64.00
26.0023	71.00
26.0228	63.00
26.0432	54.00
26.0637	57.00
26.0841	67.00
26.1046	77.00
26.1251	61.00
26.1455	63.00
26.166	56.00
26.1865	71.00
26.2069	66.00
26.2274	54.00
26.2478	53.00
26.2683	70.00
26.2888	73.00
26.3092	65.00
26.3297	59.00
26.3502	64.00
26.3706	83.00
26.3911	59.00
26.4116	76.00
26.432	58.00
26.4525	68.00
26.4729	74.00
26.4934	67.00
26.5139	55.00
26.5343	65.00
26.5548	63.00
26.5753	53.00
26.5957	69.00
26.6162	52.00
26.6366	56.00
26.6571	63.00
26.6776	68.00
26.698	73.00
26.7185	74.00
26.739	67.00
26.7594	77.00
26.7799	81.00
26.8004	69.00
26.8208	62.00
26.8413	53.00
26.8617	48.00
26.8822	67.00
26.9027	60.00
26.9231	60.00
26.9436	45.00
26.9641	62.00
26.9845	51.00
27.005	49.00
27.0254	67.00
27.0459	58.00
27.0664	61.00
27.0868	68.00
27.1073	57.00
27.1278	51.00
27.1482	59.00
27.1687	46.00
27.1892	57.00
27.2096	53.00
27.2301	48.00
27.2505	61.00
27.271	57.00
27.2915	64.00
27.3119	43.00
27.3324	48.00
27.3529	51.00
27.3733	58.00
27.3938	56.00
27.4142	59.00
27.4347	56.00
27.4552	48.00
27.4756	60.00
27.4961	47.00
27.5166	51.00
27.537	64.00
27.5575	50.00
27.578	57.00
27.5984	45.00
27.6189	71.00
27.6393	47.00
27.6598	57.00
27.6803	49.00
27.7007	55.00
27.7212	54.00
27.7417	60.00
27.7621	47.00
27.7826	50.00
27.803	45.00
27.8235	37.00
27.844	47.00
27.8644	55.00
27.8849	46.00
27.9054	39.00
27.9258	47.00
27.9463	47.00
27.9668	51.00
27.9872	63.00
28.0077	30.00
28.0281	41.00
28.0486	56.00
28.0691	46.00
28.0895	64.00
28.11	39.00
28.1305	41.00
28.1509	50.00
28.1714	39.00
28.1918	31.00
28.2123	43.00
28.2328	53.00
28.2532	57.00
28.2737	44.00
28.2942	51.00
28.3146	55.00
28.3351	45.00
28.3556	35.00
28.376	39.00
28.3965	50.00
28.4169	41.00
28.4374	52.00
28.4579	56.00
28.4783	48.00
28.4988	45.00
28.5193	48.00
28.5397	45.00
28.5602	48.00
28.5806	49.00
28.6011	47.00
28.6216	47.00
28.642	43.00
28.6625	44.00
28.683	37.00
28.7034	28.00
28.7239	34.00
28.7444	51.00
28.7648	48.00
28.7853	53.00
28.8057	41.00
28.8262	35.00
28.8467	45.00
28.8671	42.00
28.8876	44.00
28.9081	34.00
28.9285	31.00
28.949	44.00
28.9694	41.00
28.9899	34.00
29.0104	38.00
29.0308	47.00
29.0513	41.00
29.0718	42.00
29.0922	36.00
29.1127	37.00
29.1332	44.00
29.1536	53.00
29.1741	40.00
29.1945	41.00
29.215	44.00
29.2355	31.00
29.2559	47.00
29.2764	47.00
29.2969	35.00
29.3173	36.00
29.3378	31.00
29.3582	41.00
29.3787	44.00
29.3992	35.00
29.4196	35.00
29.4401	43.00
29.4606	46.00
29.481	36.00
29.5015	45.00
29.522	40.00
29.5424	40.00
29.5629	53.00
29.5833	42.00
29.6038	41.00
29.6243	45.00
29.6447	41.00
29.6652	42.00
29.6857	40.00
29.7061	43.00
29.7266	35.00
29.747	34.00
29.7675	48.00
29.788	57.00
29.8084	51.00
29.8289	44.00
29.8494	50.00
29.8698	48.00
29.8903	52.00
29.9108	53.00
29.9312	43.00
29.9517	43.00
29.9721	43.00
29.9926	57.00
30.0131	50.00
30.0335	51.00
30.054	61.00
30.0745	55.00
30.0949	68.00
30.1154	67.00
30.1358	71.00
30.1563	77.00
30.1768	76.00
30.1972	124.00
30.2177	167.00
30.2382	256.00
30.2586	318.00
30.2791	417.00
30.2996	391.00
30.32	361.00
30.3405	338.00
30.3609	290.00
30.3814	261.00
30.4019	205.00
30.4223	152.00
30.4428	127.00
30.4633	110.00
30.4837	107.00
30.5042	91.00
30.5246	71.00
30.5451	64.00
30.5656	72.00
30.586	65.00
30.6065	55.00
30.627	47.00
30.6474	43.00
30.6679	45.00
30.6884	51.00
30.7088	44.00
30.7293	48.00
30.7497	40.00
30.7702	50.00
30.7907	38.00
30.8111	43.00
30.8316	43.00
30.8521	39.00
30.8725	39.00
30.893	43.00
30.9134	41.00
30.9339	51.00
30.9544	52.00
30.9748	45.00
30.9953	39.00
31.0158	52.00
31.0362	34.00
31.0567	40.00
31.0772	35.00
31.0976	36.00
31.1181	29.00
31.1385	33.00
31.159	42.00
31.1795	39.00
31.1999	27.00
31.2204	42.00
31.2409	35.00
31.2613	39.00
31.2818	45.00
31.3022	34.00
31.3227	24.00
31.3432	30.00
31.3636	28.00
31.3841	31.00
31.4046	35.00
31.425	40.00
31.4455	39.00
31.466	31.00
31.4864	30.00
31.5069	30.00
31.5273	39.00
31.5478	44.00
31.5683	31.00
31.5887	47.00
31.6092	31.00
31.6297	39.00
31.6501	36.00
31.6706	36.00
31.691	29.00
31.7115	35.00
31.732	39.00
31.7524	38.00
31.7729	31.00
31.7934	35.00
31.8138	46.00
31.8343	38.00
31.8548	37.00
31.8752	32.00
31.8957	28.00
31.9161	32.00
31.9366	31.00
31.9571	35.00
31.9775	29.00
31.998	33.00
32.0185	40.00
32.0389	35.00
32.0594	30.00
32.0798	36.00
32.1003	43.00
32.1208	39.00
32.1412	29.00
32.1617	36.00
32.1822	31.00
32.2026	41.00
32.2231	28.00
32.2436	45.00
32.264	31.00
32.2845	37.00
32.3049	31.00
32.3254	34.00
32.3459	41.00
32.3663	44.00
32.3868	36.00
32.4073	37.00
32.4277	46.00
32.4482	39.00
32.4686	37.00
32.4891	36.00
32.5096	38.00
32.53	35.00
32.5505	29.00
32.571	33.00
32.5914	28.00
32.6119	31.00
32.6324	29.00
32.6528	34.00
32.6733	36.00
32.6937	37.00
32.7142	34.00
32.7347	32.00
32.7551	34.00
32.7756	31.00
32.7961	32.00
32.8165	25.00
32.837	27.00
32.8574	36.00
32.8779	38.00
32.8984	32.00
32.9188	34.00
32.9393	40.00
32.9598	37.00
32.9802	23.00
33.0007	26.00
33.0212	32.00
33.0416	33.00
33.0621	30.00
33.0825	36.00
33.103	33.00
33.1235	36.00
33.1439	43.00
33.1644	33.00
33.1849	38.00
33.2053	28.00
33.2258	53.00
33.2462	36.00
33.2667	57.00
33.2872	58.00
33.3076	57.00
33.3281	47.00
33.3486	57.00
33.369	52.00
33.3895	50.00
33.41	52.00
33.4304	51.00
33.4509	38.00
33.4713	43.00
33.4918	41.00
33.5123	35.00
33.5327	58.00
33.5532	32.00
33.5737	40.00
33.5941	27.00
33.6146	39.00
33.635	29.00
33.6555	30.00
33.676	29.00
33.6964	36.00
33.7169	36.00
33.7374	36.00
33.7578	28.00
33.7783	28.00
33.7988	29.00
33.8192	40.00
33.8397	22.00
33.8601	39.00
33.8806	35.00
33.9011	29.00
33.9215	31.00
33.942	38.00
33.9625	30.00
33.9829	42.00
34.0034	28.00
34.0238	31.00
34.0443	32.00
34.0648	35.00
34.0852	29.00
34.1057	40.00
34.1262	33.00
34.1466	36.00
34.1671	43.00
34.1876	37.00
34.208	27.00
34.2285	40.00
34.2489	34.00
34.2694	41.00
34.2899	23.00
34.3103	36.00
34.3308	27.00
34.3513	28.00
34.3717	32.00
34.3922	33.00
34.4126	38.00
34.4331	31.00
34.4536	30.00
34.474	36.00
34.4945	24.00
34.515	36.00
34.5354	28.00
34.5559	25.00
34.5764	27.00
34.5968	29.00
34.6173	28.00
34.6377	50.00
34.6582	34.00
34.6787	26.00
34.6991	36.00
34.7196	41.00
34.7401	25.00
34.7605	26.00
34.781	32.00
34.8014	40.00
34.8219	25.00
34.8424	46.00
34.8628	32.00
34.8833	45.00
34.9038	48.00
34.9242	48.00
34.9447	44.00
34.9652	29.00
34.9856	37.00
35.0061	31.00
35.0265	37.00
35.047	27.00
35.0675	47.00
35.0879	48.00
35.1084	41.00
35.1289	39.00
35.1493	32.00
35.1698	58.00
35.1902	35.00
35.2107	50.00
35.2312	39.00
35.2516	57.00
35.2721	56.00
35.2926	48.00
35.313	50.00
35.3335	71.00
35.354	59.00
35.3744	80.00
35.3949	74.00
35.4153	110.00
35.4358	100.00
35.4563	125.00
35.4767	128.00
35.4972	168.00
35.5177	195.00
35.5381	293.00
35.5586	416.00
35.579	582.00
35.5995	760.00
35.62	1000.00
35.6404	1081.00
35.6609	1057.00
35.6814	953.00
35.7018	912.00
35.7223	922.00
35.7428	721.00
35.7632	656.00
35.7837	505.00
35.8041	435.00
35.8246	333.00
35.8451	328.00
35.8655	217.00
35.886	208.00
35.9065	175.00
35.9269	157.00
35.9474	135.00
35.9678	117.00
35.9883	115.00
36.0088	92.00
36.0292	97.00
36.0497	88.00
36.0702	94.00
36.0906	67.00
36.1111	77.00
36.1316	68.00
36.152	84.00
36.1725	51.00
36.1929	59.00
36.2134	74.00
36.2339	63.00
36.2543	72.00
36.2748	65.00
36.2953	59.00
36.3157	57.00
36.3362	70.00
36.3566	55.00
36.3771	45.00
36.3976	54.00
36.418	51.00
36.4385	53.00
36.459	53.00
36.4794	48.00
36.4999	45.00
36.5203	41.00
36.5408	45.00
36.5613	37.00
36.5817	36.00
36.6022	45.00
36.6227	41.00
36.6431	41.00
36.6636	38.00
36.6841	50.00
36.7045	43.00
36.725	32.00
36.7454	40.00
36.7659	28.00
36.7864	45.00
36.8068	33.00
36.8273	29.00
36.8478	40.00
36.8682	47.00
36.8887	31.00
36.9091	45.00
36.9296	20.00
36.9501	31.00
36.9705	31.00
36.991	41.00
37.0115	38.00
37.0319	34.00
37.0524	41.00
37.0729	44.00
37.0933	33.00
37.1138	26.00
37.1342	26.00
37.1547	29.00
37.1752	48.00
37.1956	47.00
37.2161	61.00
37.2366	79.00
37.257	92.00
37.2775	81.00
37.2979	72.00
37.3184	72.00
37.3389	87.00
37.3593	75.00
37.3798	55.00
37.4003	47.00
37.4207	55.00
37.4412	49.00
37.4617	37.00
37.4821	42.00
37.5026	37.00
37.523	30.00
37.5435	30.00
37.564	19.00
37.5844	22.00
37.6049	42.00
37.6254	28.00
37.6458	27.00
37.6663	16.00
37.6867	21.00
37.7072	21.00
37.7277	18.00
37.7481	31.00
37.7686	27.00
37.7891	20.00
37.8095	24.00
37.83	18.00
37.8505	22.00
37.8709	23.00
37.8914	23.00
37.9118	45.00
37.9323	22.00
37.9528	16.00
37.9732	32.00
37.9937	37.00
38.0142	20.00
38.0346	21.00
38.0551	18.00
38.0755	23.00
38.096	17.00
38.1165	20.00
38.1369	22.00
38.1574	9.00
38.1779	31.00
38.1983	27.00
38.2188	17.00
38.2393	21.00
38.2597	28.00
38.2802	25.00
38.3006	20.00
38.3211	27.00
38.3416	19.00
38.362	22.00
38.3825	27.00
38.403	21.00
38.4234	24.00
38.4439	23.00
38.4643	23.00
38.4848	23.00
38.5053	17.00
38.5257	13.00
38.5462	24.00
38.5667	29.00
38.5871	18.00
38.6076	15.00
38.6281	27.00
38.6485	13.00
38.669	17.00
38.6894	18.00
38.7099	25.00
38.7304	25.00
38.7508	15.00
38.7713	24.00
38.7918	11.00
38.8122	10.00
38.8327	25.00
38.8531	23.00
38.8736	19.00
38.8941	18.00
38.9145	21.00
38.935	15.00
38.9555	19.00
38.9759	15.00
38.9964	15.00
39.0169	15.00
39.0373	18.00
39.0578	18.00
39.0782	20.00
39.0987	18.00
39.1192	21.00
39.1396	22.00
39.1601	18.00
39.1806	14.00
39.201	13.00
39.2215	16.00
39.2419	17.00
39.2624	16.00
39.2829	18.00
39.3033	14.00
39.3238	20.00
39.3443	25.00
39.3647	17.00
39.3852	25.00
39.4057	13.00
39.4261	20.00
39.4466	20.00
39.467	19.00
39.4875	18.00
39.508	22.00
39.5284	20.00
39.5489	23.00
39.5694	14.00
39.5898	14.00
39.6103	26.00
39.6307	16.00
39.6512	17.00
39.6717	13.00
39.6921	23.00
39.7126	32.00
39.7331	32.00
39.7535	13.00
39.774	26.00
39.7945	22.00
39.8149	27.00
39.8354	19.00
39.8558	14.00
39.8763	16.00
39.8968	23.00
39.9172	20.00
39.9377	12.00
39.9582	16.00
39.9786	22.00
39.9991	21.00
40.0195	26.00
40.04	22.00
40.0605	20.00
40.0809	18.00
40.1014	17.00
40.1219	17.00
40.1423	20.00
40.1628	18.00
40.1833	28.00
40.2037	15.00
40.2242	19.00
40.2446	25.00
40.2651	14.00
40.2856	19.00
40.306	13.00
40.3265	14.00
40.347	25.00
40.3674	26.00
40.3879	18.00
40.4083	22.00
40.4288	20.00
40.4493	15.00
40.4697	15.00
40.4902	18.00
40.5107	17.00
40.5311	18.00
40.5516	23.00
40.5721	20.00
40.5925	16.00
40.613	15.00
40.6334	12.00
40.6539	18.00
40.6744	17.00
40.6948	19.00
40.7153	24.00
40.7358	12.00
40.7562	18.00
40.7767	17.00
40.7971	18.00
40.8176	16.00
40.8381	24.00
40.8585	21.00
40.879	27.00
40.8995	19.00
40.9199	21.00
40.9404	20.00
40.9609	23.00
40.9813	22.00
41.0018	24.00
41.0222	32.00
41.0427	24.00
41.0632	18.00
41.0836	18.00
41.1041	22.00
41.1246	25.00
41.145	15.00
41.1655	25.00
41.1859	16.00
41.2064	18.00
41.2269	10.00
41.2473	29.00
41.2678	20.00
41.2883	19.00
41.3087	17.00
41.3292	24.00
41.3497	28.00
41.3701	25.00
41.3906	29.00
41.411	23.00
41.4315	25.00
41.452	19.00
41.4724	27.00
41.4929	19.00
41.5134	15.00
41.5338	18.00
41.5543	25.00
41.5747	20.00
41.5952	27.00
41.6157	28.00
41.6361	31.00
41.6566	31.00
41.6771	31.00
41.6975	30.00
41.718	24.00
41.7385	21.00
41.7589	40.00
41.7794	41.00
41.7998	55.00
41.8203	49.00
41.8408	42.00
41.8612	52.00
41.8817	51.00
41.9022	56.00
41.9226	45.00
41.9431	55.00
41.9635	55.00
41.984	53.00
42.0045	48.00
42.0249	72.00
42.0454	61.00
42.0659	63.00
42.0863	51.00
42.1068	52.00
42.1273	49.00
42.1477	64.00
42.1682	57.00
42.1886	55.00
42.2091	63.00
42.2296	52.00
42.25	64.00
42.2705	58.00
42.291	49.00
42.3114	45.00
42.3319	48.00
42.3523	44.00
42.3728	42.00
42.3933	33.00
42.4137	46.00
42.4342	45.00
42.4547	33.00
42.4751	31.00
42.4956	46.00
42.5161	19.00
42.5365	33.00
42.557	28.00
42.5774	30.00
42.5979	25.00
42.6184	26.00
42.6388	21.00
42.6593	32.00
42.6798	26.00
42.7002	28.00
42.7207	20.00
42.7411	31.00
42.7616	22.00
42.7821	22.00
42.8025	14.00
42.823	25.00
42.8435	23.00
42.8639	31.00
42.8844	28.00
42.9049	18.00
42.9253	30.00
42.9458	26.00
42.9662	20.00
42.9867	25.00
43.0072	33.00
43.0276	36.00
43.0481	40.00
43.0686	36.00
43.089	48.00
43.1095	32.00
43.1299	53.00
43.1504	45.00
43.1709	77.00
43.1913	99.00
43.2118	141.00
43.2323	172.00
43.2527	195.00
43.2732	242.00
43.2937	208.00
43.3141	216.00
43.3346	218.00
43.355	180.00
43.3755	171.00
43.396	154.00
43.4164	138.00
43.4369	109.00
43.4574	78.00
43.4778	86.00
43.4983	79.00
43.5187	67.00
43.5392	51.00
43.5597	35.00
43.5801	53.00
43.6006	43.00
43.6211	40.00
43.6415	36.00
43.662	34.00
43.6825	29.00
43.7029	23.00
43.7234	25.00
43.7438	23.00
43.7643	12.00
43.7848	19.00
43.8052	25.00
43.8257	19.00
43.8462	17.00
43.8666	28.00
43.8871	26.00
43.9075	22.00
43.928	23.00
43.9485	15.00
43.9689	15.00
43.9894	18.00
44.0099	11.00
44.0303	23.00
44.0508	19.00
44.0713	11.00
44.0917	14.00
44.1122	19.00
44.1326	12.00
44.1531	21.00
44.1736	17.00
44.194	19.00
44.2145	17.00
44.235	15.00
44.2554	16.00
44.2759	13.00
44.2963	14.00
44.3168	17.00
44.3373	15.00
44.3577	16.00
44.3782	15.00
44.3987	15.00
44.4191	12.00
44.4396	17.00
44.4601	15.00
44.4805	14.00
44.501	12.00
44.5214	25.00
44.5419	14.00
44.5624	19.00
44.5828	14.00
44.6033	19.00
44.6238	8.00
44.6442	15.00
44.6647	15.00
44.6851	14.00
44.7056	19.00
44.7261	15.00
44.7465	18.00
44.767	7.00
44.7875	21.00
44.8079	19.00
44.8284	19.00
44.8489	16.00
44.8693	14.00
44.8898	19.00
44.9102	14.00
44.9307	13.00
44.9512	16.00
44.9716	12.00
44.9921	16.00
45.0126	13.00
45.033	16.00
45.0535	8.00
45.0739	8.00
45.0944	14.00
45.1149	19.00
45.1353	9.00
45.1558	20.00
45.1763	7.00
45.1967	14.00
45.2172	11.00
45.2377	13.00
45.2581	10.00
45.2786	13.00
45.299	15.00
45.3195	17.00
45.34	14.00
45.3604	9.00
45.3809	13.00
45.4014	17.00
45.4218	14.00
45.4423	12.00
45.4627	9.00
45.4832	10.00
45.5037	12.00
45.5241	16.00
45.5446	13.00
45.5651	11.00
45.5855	16.00
45.606	16.00
45.6265	11.00
45.6469	8.00
45.6674	13.00
45.6878	14.00
45.7083	14.00
45.7288	10.00
45.7492	14.00
45.7697	12.00
45.7902	10.00
45.8106	14.00
45.8311	16.00
45.8515	8.00
45.872	17.00
45.8925	8.00
45.9129	9.00
45.9334	11.00
45.9539	21.00
45.9743	13.00
45.9948	11.00
46.0153	11.00
46.0357	15.00
46.0562	13.00
46.0766	15.00
46.0971	9.00
46.1176	17.00
46.138	12.00
46.1585	16.00
46.179	16.00
46.1994	13.00
46.2199	14.00
46.2403	13.00
46.2608	12.00
46.2813	15.00
46.3017	9.00
46.3222	12.00
46.3427	13.00
46.3631	15.00
46.3836	14.00
46.4041	16.00
46.4245	9.00
46.445	10.00
46.4654	13.00
46.4859	10.00
46.5064	13.00
46.5268	8.00
46.5473	18.00
46.5678	13.00
46.5882	12.00
46.6087	11.00
46.6291	19.00
46.6496	8.00
46.6701	12.00
46.6905	10.00
46.711	17.00
46.7315	7.00
46.7519	16.00
46.7724	6.00
46.7929	9.00
46.8133	12.00
46.8338	19.00
46.8542	14.00
46.8747	9.00
46.8952	10.00
46.9156	10.00
46.9361	5.00
46.9566	9.00
46.977	14.00
46.9975	7.00
47.0179	11.00
47.0384	19.00
47.0589	13.00
47.0793	13.00
47.0998	12.00
47.1203	12.00
47.1407	17.00
47.1612	7.00
47.1817	13.00
47.2021	13.00
47.2226	14.00
47.243	6.00
47.2635	10.00
47.284	13.00
47.3044	20.00
47.3249	17.00
47.3454	9.00
47.3658	13.00
47.3863	11.00
47.4067	14.00
47.4272	13.00
47.4477	8.00
47.4681	14.00
47.4886	17.00
47.5091	13.00
47.5295	14.00
47.55	8.00
47.5705	14.00
47.5909	12.00
47.6114	15.00
47.6318	14.00
47.6523	12.00
47.6728	13.00
47.6932	15.00
47.7137	17.00
47.7342	10.00
47.7546	12.00
47.7751	10.00
47.7955	14.00
47.816	14.00
47.8365	9.00
47.8569	8.00
47.8774	13.00
47.8979	8.00
47.9183	12.00
47.9388	12.00
47.9593	6.00
47.9797	13.00
48.0002	13.00
48.0206	14.00
48.0411	11.00
48.0616	14.00
48.082	12.00
48.1025	10.00
48.123	10.00
48.1434	13.00
48.1639	5.00
48.1843	13.00
48.2048	13.00
48.2253	6.00
48.2457	7.00
48.2662	14.00
48.2867	11.00
48.3071	11.00
48.3276	12.00
48.3481	10.00
48.3685	11.00
48.389	8.00
48.4094	12.00
48.4299	10.00
48.4504	11.00
48.4708	11.00
48.4913	20.00
48.5118	12.00
48.5322	10.00
48.5527	14.00
48.5731	10.00
48.5936	24.00
48.6141	14.00
48.6345	9.00
48.655	5.00
48.6755	3.00
48.6959	7.00
48.7164	9.00
48.7369	5.00
48.7573	15.00
48.7778	10.00
48.7982	11.00
48.8187	9.00
48.8392	11.00
48.8596	8.00
48.8801	7.00
48.9006	11.00
48.921	8.00
48.9415	10.00
48.9619	7.00
48.9824	11.00
49.0029	6.00
49.0233	10.00
49.0438	7.00
49.0643	15.00
49.0847	10.00
49.1052	10.00
49.1257	10.00
49.1461	12.00
49.1666	9.00
49.187	9.00
49.2075	11.00
49.228	16.00
49.2484	8.00
49.2689	14.00
49.2894	15.00
49.3098	11.00
49.3303	10.00
49.3507	10.00
49.3712	13.00
49.3917	12.00
49.4121	11.00
49.4326	15.00
49.4531	14.00
49.4735	13.00
49.494	9.00
49.5145	15.00
49.5349	21.00
49.5554	18.00
49.5758	25.00
49.5963	15.00
49.6168	19.00
49.6372	16.00
49.6577	19.00
49.6782	15.00
49.6986	17.00
49.7191	12.00
49.7395	14.00
49.76	15.00
49.7805	18.00
49.8009	12.00
49.8214	9.00
49.8419	11.00
49.8623	11.00
49.8828	13.00
49.9033	8.00
49.9237	13.00
49.9442	11.00
49.9646	6.00
49.9851	13.00
50.0056	8.00
50.026	12.00
50.0465	13.00
50.067	10.00
50.0874	7.00
50.1079	8.00
50.1283	12.00
50.1488	11.00
50.1693	15.00
50.1897	13.00
50.2102	5.00
50.2307	5.00
50.2511	9.00
50.2716	9.00
50.2921	13.00
50.3125	13.00
50.333	7.00
50.3534	10.00
50.3739	15.00
50.3944	10.00
50.4148	14.00
50.4353	10.00
50.4558	10.00
50.4762	10.00
50.4967	17.00
50.5171	15.00
50.5376	8.00
50.5581	8.00
50.5785	8.00
50.599	9.00
50.6195	13.00
50.6399	12.00
50.6604	15.00
50.6809	16.00
50.7013	14.00
50.7218	5.00
50.7422	6.00
50.7627	17.00
50.7832	9.00
50.8036	15.00
50.8241	11.00
50.8446	9.00
50.865	8.00
50.8855	18.00
50.9059	5.00
50.9264	8.00
50.9469	10.00
50.9673	10.00
50.9878	7.00
51.0083	10.00
51.0287	8.00
51.0492	11.00
51.0697	9.00
51.0901	7.00
51.1106	6.00
51.131	12.00
51.1515	14.00
51.172	19.00
51.1924	6.00
51.2129	9.00
51.2334	8.00
51.2538	11.00
51.2743	10.00
51.2947	8.00
51.3152	13.00
51.3357	13.00
51.3561	9.00
51.3766	8.00
51.3971	14.00
51.4175	10.00
51.438	6.00
51.4585	13.00
51.4789	11.00
51.4994	9.00
51.5198	7.00
51.5403	8.00
51.5608	15.00
51.5812	8.00
51.6017	6.00
51.6222	10.00
51.6426	10.00
51.6631	7.00
51.6835	13.00
51.704	12.00
51.7245	9.00
51.7449	9.00
51.7654	13.00
51.7859	15.00
51.8063	15.00
51.8268	7.00
51.8473	10.00
51.8677	10.00
51.8882	7.00
51.9086	12.00
51.9291	9.00
51.9496	13.00
51.97	10.00
51.9905	11.00
52.011	9.00
52.0314	4.00
52.0519	8.00
52.0723	10.00
52.0928	11.00
52.1133	10.00
52.1337	7.00
52.1542	9.00
52.1747	14.00
52.1951	8.00
52.2156	8.00
52.2361	12.00
52.2565	8.00
52.277	9.00
52.2974	7.00
52.3179	11.00
52.3384	12.00
52.3588	13.00
52.3793	11.00
52.3998	10.00
52.4202	14.00
52.4407	10.00
52.4611	8.00
52.4816	18.00
52.5021	14.00
52.5225	6.00
52.543	5.00
52.5635	10.00
52.5839	12.00
52.6044	9.00
52.6249	6.00
52.6453	5.00
52.6658	9.00
52.6862	9.00
52.7067	7.00
52.7272	9.00
52.7476	3.00
52.7681	8.00
52.7886	9.00
52.809	11.00
52.8295	13.00
52.8499	12.00
52.8704	12.00
52.8909	7.00
52.9113	7.00
52.9318	10.00
52.9523	13.00
52.9727	16.00
52.9932	14.00
53.0137	10.00
53.0341	10.00
53.0546	13.00
53.075	5.00
53.0955	13.00
53.116	6.00
53.1364	13.00
53.1569	19.00
53.1774	11.00
53.1978	15.00
53.2183	16.00
53.2387	12.00
53.2592	14.00
53.2797	20.00
53.3001	18.00
53.3206	20.00
53.3411	16.00
53.3615	18.00
53.382	16.00
53.4025	17.00
53.4229	15.00
53.4434	36.00
53.4638	21.00
53.4843	21.00
53.5048	33.00
53.5252	35.00
53.5457	48.00
53.5662	53.00
53.5866	65.00
53.6071	92.00
53.6275	81.00
53.648	74.00
53.6685	90.00
53.6889	74.00
53.7094	71.00
53.7299	67.00
53.7503	65.00
53.7708	82.00
53.7913	57.00
53.8117	63.00
53.8322	71.00
53.8526	37.00
53.8731	41.00
53.8936	34.00
53.914	32.00
53.9345	31.00
53.955	23.00
53.9754	29.00
53.9959	23.00
54.0163	22.00
54.0368	17.00
54.0573	18.00
54.0777	27.00
54.0982	18.00
54.1187	24.00
54.1391	21.00
54.1596	26.00
54.18	35.00
54.2005	28.00
54.221	31.00
54.2414	24.00
54.2619	26.00
54.2824	20.00
54.3028	25.00
54.3233	20.00
54.3438	22.00
54.3642	22.00
54.3847	22.00
54.4051	17.00
54.4256	23.00
54.4461	15.00
54.4665	10.00
54.487	10.00
54.5075	18.00
54.5279	9.00
54.5484	19.00
54.5688	13.00
54.5893	14.00
54.6098	14.00
54.6302	11.00
54.6507	12.00
54.6712	10.00
54.6916	11.00
54.7121	26.00
54.7326	8.00
54.753	11.00
54.7735	14.00
54.7939	17.00
54.8144	13.00
54.8349	13.00
54.8553	2.00
54.8758	15.00
54.8963	15.00
54.9167	13.00
54.9372	13.00
54.9576	8.00
54.9781	15.00
54.9986	9.00
55.019	13.00
55.0395	12.00
55.06	4.00
55.0804	8.00
55.1009	15.00
55.1214	11.00
55.1418	12.00
55.1623	13.00
55.1827	14.00
55.2032	8.00
55.2237	8.00
55.2441	9.00
55.2646	7.00
55.2851	10.00
55.3055	7.00
55.326	15.00
55.3464	7.00
55.3669	12.00
55.3874	13.00
55.4078	10.00
55.4283	9.00
55.4488	12.00
55.4692	11.00
55.4897	4.00
55.5102	12.00
55.5306	14.00
55.5511	8.00
55.5715	14.00
55.592	12.00
55.6125	8.00
55.6329	15.00
55.6534	22.00
55.6739	16.00
55.6943	9.00
55.7148	13.00
55.7352	10.00
55.7557	11.00
55.7762	6.00
55.7966	7.00
55.8171	8.00
55.8376	15.00
55.858	15.00
55.8785	18.00
55.899	12.00
55.9194	16.00
55.9399	11.00
55.9603	20.00
55.9808	15.00
56.0013	13.00
56.0217	6.00
56.0422	13.00
56.0627	6.00
56.0831	17.00
56.1036	13.00
56.124	16.00
56.1445	9.00
56.165	12.00
56.1854	4.00
56.2059	16.00
56.2264	8.00
56.2468	15.00
56.2673	21.00
56.2878	15.00
56.3082	9.00
56.3287	19.00
56.3491	17.00
56.3696	15.00
56.3901	14.00
56.4105	16.00
56.431	12.00
56.4515	20.00
56.4719	12.00
56.4924	18.00
56.5128	12.00
56.5333	6.00
56.5538	15.00
56.5742	16.00
56.5947	17.00
56.6152	11.00
56.6356	16.00
56.6561	14.00
56.6766	14.00
56.697	14.00
56.7175	14.00
56.7379	18.00
56.7584	18.00
56.7789	26.00
56.7993	25.00
56.8198	26.00
56.8403	36.00
56.8607	18.00
56.8812	31.00
56.9016	30.00
56.9221	36.00
56.9426	38.00
56.963	50.00
56.9835	43.00
57.004	57.00
57.0244	56.00
57.0449	71.00
57.0654	111.00
57.0858	128.00
57.1063	184.00
57.1267	215.00
57.1472	229.00
57.1677	269.00
57.1881	239.00
57.2086	177.00
57.2291	192.00
57.2495	187.00
57.27	206.00
57.2904	226.00
57.3109	210.00
57.3314	151.00
57.3518	118.00
57.3723	128.00
57.3928	126.00
57.4132	111.00
57.4337	95.00
57.4542	61.00
57.4746	66.00
57.4951	57.00
57.5155	47.00
57.536	49.00
57.5565	36.00
57.5769	38.00
57.5974	30.00
57.6179	30.00
57.6383	29.00
57.6588	25.00
57.6792	34.00
57.6997	25.00
57.7202	16.00
57.7406	19.00
57.7611	24.00
57.7816	25.00
57.802	15.00
57.8225	22.00
57.843	19.00
57.8634	24.00
57.8839	15.00
57.9043	23.00
57.9248	13.00
57.9453	14.00
57.9657	15.00
57.9862	14.00
58.0067	9.00
58.0271	18.00
58.0476	8.00
58.068	8.00
58.0885	16.00
58.109	14.00
58.1294	16.00
58.1499	6.00
58.1704	20.00
58.1908	9.00
58.2113	14.00
58.2318	11.00
58.2522	16.00
58.2727	14.00
58.2931	13.00
58.3136	11.00
58.3341	8.00
58.3545	10.00
58.375	8.00
58.3955	10.00
58.4159	11.00
58.4364	12.00
58.4568	15.00
58.4773	11.00
58.4978	10.00
58.5182	14.00
58.5387	12.00
58.5592	11.00
58.5796	6.00
58.6001	15.00
58.6206	9.00
58.641	8.00
58.6615	8.00
58.6819	8.00
58.7024	5.00
58.7229	11.00
58.7433	12.00
58.7638	7.00
58.7843	15.00
58.8047	7.00
58.8252	10.00
58.8456	8.00
58.8661	16.00
58.8866	9.00
58.907	7.00
58.9275	8.00
58.948	9.00
58.9684	17.00
58.9889	14.00
59.0094	13.00
59.0298	10.00
59.0503	10.00
59.0707	22.00
59.0912	8.00
59.1117	19.00
59.1321	10.00
59.1526	7.00
59.1731	18.00
59.1935	12.00
59.214	15.00
59.2344	14.00
59.2549	11.00
59.2754	15.00
59.2958	16.00
59.3163	11.00
59.3368	9.00
59.3572	8.00
59.3777	15.00
59.3982	6.00
59.4186	7.00
59.4391	11.00
59.4595	14.00
59.48	11.00
59.5005	12.00
59.5209	9.00
59.5414	15.00
59.5619	15.00
59.5823	9.00
59.6028	12.00
59.6232	16.00
59.6437	4.00
59.6642	12.00
59.6846	14.00
59.7051	4.00
59.7256	10.00
59.746	15.00
59.7665	11.00
59.787	18.00
59.8074	10.00
59.8279	16.00
59.8483	10.00
59.8688	5.00
59.8893	16.00
59.9097	6.00
59.9302	12.00
59.9507	21.00
59.9711	10.00
59.9916	10.00
60.012	18.00
60.0325	12.00
60.053	12.00
60.0734	9.00
60.0939	8.00
60.1144	7.00
60.1348	14.00
60.1553	11.00
60.1758	10.00
60.1962	10.00
60.2167	16.00
60.2371	15.00
60.2576	12.00
60.2781	12.00
60.2985	12.00
60.319	11.00
60.3395	21.00
60.3599	18.00
60.3804	14.00
60.4008	15.00
60.4213	16.00
60.4418	18.00
60.4622	16.00
60.4827	19.00
60.5032	21.00
60.5236	20.00
60.5441	20.00
60.5646	17.00
60.585	11.00
60.6055	18.00
60.6259	19.00
60.6464	32.00
60.6669	18.00
60.6873	15.00
60.7078	24.00
60.7283	10.00
60.7487	22.00
60.7692	20.00
60.7896	21.00
60.8101	32.00
60.8306	20.00
60.851	19.00
60.8715	30.00
60.892	18.00
60.9124	20.00
60.9329	23.00
60.9534	20.00
60.9738	29.00
60.9943	24.00
61.0147	18.00
61.0352	23.00
61.0557	16.00
61.0761	17.00
61.0966	18.00
61.1171	22.00
61.1375	17.00
61.158	17.00
61.1784	20.00
61.1989	18.00
61.2194	26.00
61.2398	21.00
61.2603	26.00
61.2808	25.00
61.3012	22.00
61.3217	18.00
61.3422	19.00
61.3626	24.00
61.3831	18.00
61.4035	16.00
61.424	14.00
61.4445	18.00
61.4649	18.00
61.4854	18.00
61.5059	24.00
61.5263	16.00
61.5468	18.00
61.5672	18.00
61.5877	19.00
61.6082	22.00
61.6286	22.00
61.6491	15.00
61.6696	22.00
61.69	13.00
61.7105	19.00
61.731	15.00
61.7514	19.00
61.7719	11.00
61.7923	15.00
61.8128	13.00
61.8333	17.00
61.8537	18.00
61.8742	7.00
61.8947	28.00
61.9151	18.00
61.9356	22.00
61.956	16.00
61.9765	18.00
61.997	9.00
62.0174	18.00
62.0379	9.00
62.0584	10.00
62.0788	28.00
62.0993	10.00
62.1198	13.00
62.1402	13.00
62.1607	26.00
62.1811	22.00
62.2016	23.00
62.2221	22.00
62.2425	15.00
62.263	26.00
62.2835	31.00
62.3039	15.00
62.3244	26.00
62.3448	27.00
62.3653	22.00
62.3858	35.00
62.4062	18.00
62.4267	31.00
62.4472	40.00
62.4676	36.00
62.4881	48.00
62.5086	34.00
62.529	56.00
62.5495	50.00
62.5699	60.00
62.5904	82.00
62.6109	88.00
62.6313	94.00
62.6518	153.00
62.6723	178.00
62.6927	237.00
62.7132	288.00
62.7336	303.00
62.7541	315.00
62.7746	296.00
62.795	252.00
62.8155	243.00
62.836	261.00
62.8564	239.00
62.8769	250.00
62.8974	252.00
62.9178	259.00
62.9383	208.00
62.9587	199.00
62.9792	156.00
62.9997	136.00
63.0201	125.00
63.0406	112.00
63.0611	116.00
63.0815	109.00
63.102	73.00
63.1224	69.00
63.1429	64.00
63.1634	53.00
63.1838	59.00
63.2043	47.00
63.2248	48.00
63.2452	37.00
63.2657	31.00
63.2862	36.00
63.3066	35.00
63.3271	29.00
63.3475	35.00
63.368	34.00
63.3885	22.00
63.4089	28.00
63.4294	17.00
63.4499	20.00
63.4703	19.00
63.4908	15.00
63.5112	25.00
63.5317	17.00
63.5522	17.00
63.5726	14.00
63.5931	14.00
63.6136	32.00
63.634	22.00
63.6545	26.00
63.675	12.00
63.6954	14.00
63.7159	14.00
63.7363	10.00
63.7568	18.00
63.7773	11.00
63.7977	18.00
63.8182	14.00
63.8387	16.00
63.8591	14.00
63.8796	11.00
63.9	13.00
63.9205	16.00
63.941	10.00
63.9614	12.00
63.9819	16.00
64.0024	12.00
64.0228	8.00
64.0433	17.00
64.0638	18.00
64.0842	17.00
64.1047	12.00
64.1251	14.00
64.1456	15.00
64.1661	13.00
64.1865	8.00
64.207	11.00
64.2275	10.00
64.2479	13.00
64.2684	11.00
64.2888	12.00
64.3093	13.00
64.3298	12.00
64.3502	14.00
64.3707	22.00
64.3912	11.00
64.4116	13.00
64.4321	11.00
64.4526	10.00
64.473	12.00
64.4935	7.00
64.5139	13.00
64.5344	12.00
64.5549	10.00
64.5753	7.00
64.5958	4.00
64.6163	10.00
64.6367	11.00
64.6572	11.00
64.6776	5.00
64.6981	9.00
64.7186	4.00
64.739	10.00
64.7595	9.00
64.78	15.00
64.8004	9.00
64.8209	10.00
64.8414	11.00
64.8618	8.00
64.8823	4.00
64.9027	5.00
64.9232	5.00
64.9437	11.00
64.9641	6.00
64.9846	6.00
65.0051	14.00
65.0255	8.00
65.046	10.00
65.0664	7.00
65.0869	12.00
65.1074	12.00
65.1278	16.00
65.1483	3.00
65.1688	10.00
65.1892	10.00
65.2097	9.00
65.2302	6.00
65.2506	14.00
65.2711	4.00
65.2915	3.00
65.312	10.00
65.3325	5.00
65.3529	7.00
65.3734	6.00
65.3939	4.00
65.4143	5.00
65.4348	8.00
65.4552	6.00
65.4757	9.00
65.4962	7.00
65.5166	9.00
65.5371	12.00
65.5576	8.00
65.578	9.00
65.5985	7.00
65.619	4.00
65.6394	8.00
65.6599	13.00
65.6803	6.00
65.7008	14.00
65.7213	15.00
65.7417	10.00
65.7622	10.00
65.7827	6.00
65.8031	7.00
65.8236	11.00
65.844	9.00
65.8645	9.00
65.885	13.00
65.9054	15.00
65.9259	7.00
65.9464	14.00
65.9668	13.00
65.9873	12.00
66.0078	8.00
66.0282	15.00
66.0487	14.00
66.0691	12.00
66.0896	16.00
66.1101	5.00
66.1305	11.00
66.151	11.00
66.1715	14.00
66.1919	13.00
66.2124	14.00
66.2328	7.00
66.2533	8.00
66.2738	12.00
66.2942	7.00
66.3147	8.00
66.3352	6.00
66.3556	7.00
66.3761	4.00
66.3966	6.00
66.417	5.00
66.4375	8.00
66.4579	10.00
66.4784	5.00
66.4989	11.00
66.5193	12.00
66.5398	7.00
66.5603	7.00
66.5807	5.00
66.6012	7.00
66.6216	11.00
66.6421	6.00
66.6626	7.00
66.683	5.00
66.7035	5.00
66.724	15.00
66.7444	7.00
66.7649	9.00
66.7854	12.00
66.8058	8.00
66.8263	5.00
66.8467	6.00
66.8672	7.00
66.8877	8.00
66.9081	8.00
66.9286	7.00
66.9491	12.00
66.9695	8.00
66.99	15.00
67.0104	9.00
67.0309	8.00
67.0514	8.00
67.0718	15.00
67.0923	7.00
67.1128	11.00
67.1332	9.00
67.1537	10.00
67.1742	6.00
67.1946	4.00
67.2151	8.00
67.2355	6.00
67.256	9.00
67.2765	8.00
67.2969	11.00
67.3174	6.00
67.3379	11.00
67.3583	11.00
67.3788	4.00
67.3992	7.00
67.4197	7.00
67.4402	7.00
67.4606	6.00
67.4811	7.00
67.5016	6.00
67.522	12.00
67.5425	10.00
67.563	3.00
67.5834	7.00
67.6039	9.00
67.6243	4.00
67.6448	6.00
67.6653	9.00
67.6857	4.00
67.7062	7.00
67.7267	9.00
67.7471	6.00
67.7676	7.00
67.788	5.00
67.8085	7.00
67.829	5.00
67.8494	5.00
67.8699	7.00
67.8904	10.00
67.9108	6.00
67.9313	10.00
67.9518	4.00
67.9722	3.00
67.9927	7.00
68.0131	6.00
68.0336	7.00
68.0541	7.00
68.0745	7.00
68.095	10.00
68.1155	9.00
68.1359	9.00
68.1564	9.00
68.1768	5.00
68.1973	5.00
68.2178	4.00
68.2382	11.00
68.2587	12.00
68.2792	9.00
68.2996	2.00
68.3201	3.00
68.3406	5.00
68.361	3.00
68.3815	6.00
68.4019	3.00
68.4224	8.00
68.4429	7.00
68.4633	1.00
68.4838	8.00
68.5043	8.00
68.5247	4.00
68.5452	4.00
68.5656	10.00
68.5861	7.00
68.6066	4.00
68.627	6.00
68.6475	4.00
68.668	6.00
68.6884	9.00
68.7089	6.00
68.7294	8.00
68.7498	12.00
68.7703	14.00
68.7907	6.00
68.8112	3.00
68.8317	4.00
68.8521	10.00
68.8726	5.00
68.8931	11.00
68.9135	5.00
68.934	6.00
68.9544	7.00
68.9749	4.00
68.9954	7.00
69.0158	10.00
69.0363	7.00
69.0568	10.00
69.0772	4.00
69.0977	2.00
69.1182	6.00
69.1386	5.00
69.1591	6.00
69.1795	12.00
69.2	5.00
69.2205	11.00
69.2409	4.00
69.2614	4.00
69.2819	7.00
69.3023	5.00
69.3228	7.00
69.3432	8.00
69.3637	2.00
69.3842	7.00
69.4046	6.00
69.4251	6.00
69.4456	8.00
69.466	8.00
69.4865	6.00
69.507	6.00
69.5274	7.00
69.5479	8.00
69.5683	8.00
69.5888	8.00
69.6093	5.00
69.6297	9.00
69.6502	2.00
69.6707	10.00
69.6911	9.00
69.7116	12.00
69.732	10.00
69.7525	5.00
69.773	3.00
69.7934	14.00
69.8139	9.00
69.8344	10.00
69.8548	11.00
69.8753	5.00
69.8958	10.00
69.9162	5.00
69.9367	9.00
69.9571	8.00
69.9776	7.00
69.9981	9.00
70.0185	3.00
70.039	7.00
70.0595	6.00
70.0799	6.00
70.1004	8.00
70.1208	8.00
70.1413	7.00
70.1618	3.00
70.1822	11.00
70.2027	6.00
70.2232	9.00
70.2436	3.00
70.2641	3.00
70.2846	7.00
70.305	9.00
70.3255	4.00
70.3459	4.00
70.3664	6.00
70.3869	9.00
70.4073	5.00
70.4278	6.00
70.4483	4.00
70.4687	3.00
70.4892	7.00
70.5096	5.00
70.5301	11.00
70.5506	8.00
70.571	6.00
70.5915	6.00
70.612	12.00
70.6324	6.00
70.6529	3.00
70.6734	6.00
70.6938	11.00
70.7143	10.00
70.7347	7.00
70.7552	6.00
70.7757	4.00
70.7961	8.00
70.8166	13.00
70.8371	9.00
70.8575	13.00
70.878	7.00
70.8984	4.00
70.9189	12.00
70.9394	10.00
70.9598	8.00
70.9803	8.00
71.0008	18.00
71.0212	16.00
71.0417	17.00
71.0622	18.00
71.0826	23.00
71.1031	21.00
71.1235	24.00
71.144	35.00
71.1645	25.00
71.1849	24.00
71.2054	23.00
71.2259	26.00
71.2463	18.00
71.2668	15.00
71.2872	23.00
71.3077	23.00
71.3282	15.00
71.3486	18.00
71.3691	23.00
71.3896	18.00
71.41	8.00
71.4305	15.00
71.451	14.00
71.4714	20.00
71.4919	11.00
71.5123	14.00
71.5328	18.00
71.5533	13.00
71.5737	10.00
71.5942	12.00
71.6147	6.00
71.6351	14.00
71.6556	13.00
71.676	9.00
71.6965	14.00
71.717	8.00
71.7374	11.00
71.7579	11.00
71.7784	11.00
71.7988	11.00
71.8193	13.00
71.8398	13.00
71.8602	8.00
71.8807	9.00
71.9011	7.00
71.9216	13.00
71.9421	14.00
71.9625	15.00
71.983	5.00
72.0035	8.00
72.0239	7.00
72.0444	7.00
72.0648	6.00
72.0853	14.00
72.1058	9.00
72.1262	9.00
72.1467	8.00
72.1672	14.00
72.1876	19.00
72.2081	14.00
72.2285	9.00
72.249	5.00
72.2695	12.00
72.2899	7.00
72.3104	7.00
72.3309	12.00
72.3513	7.00
72.3718	12.00
72.3923	11.00
72.4127	4.00
72.4332	13.00
72.4536	10.00
72.4741	8.00
72.4946	5.00
72.515	9.00
72.5355	11.00
72.556	9.00
72.5764	10.00
72.5969	3.00
72.6173	8.00
72.6378	13.00
72.6583	11.00
72.6787	14.00
72.6992	17.00
72.7197	12.00
72.7401	10.00
72.7606	8.00
72.7811	12.00
72.8015	4.00
72.822	11.00
72.8424	13.00
72.8629	15.00
72.8834	12.00
72.9038	11.00
72.9243	6.00
72.9448	10.00
72.9652	13.00
72.9857	11.00
73.0061	14.00
73.0266	8.00
73.0471	13.00
73.0675	9.00
73.088	13.00
73.1085	8.00
73.1289	9.00
73.1494	8.00
73.1699	16.00
73.1903	12.00
73.2108	13.00
73.2312	12.00
73.2517	11.00
73.2722	8.00
73.2926	17.00
73.3131	7.00
73.3336	12.00
73.354	8.00
73.3745	9.00
73.3949	10.00
73.4154	11.00
73.4359	7.00
73.4563	10.00
73.4768	11.00
73.4973	9.00
73.5177	12.00
73.5382	5.00
73.5587	7.00
73.5791	9.00
73.5996	9.00
73.62	10.00
73.6405	3.00
73.661	9.00
73.6814	11.00
73.7019	12.00
73.7224	7.00
73.7428	8.00
73.7633	1.00
73.7837	9.00
73.8042	11.00
73.8247	10.00
73.8451	18.00
73.8656	13.00
73.8861	9.00
73.9065	10.00
73.927	15.00
73.9475	20.00
73.9679	16.00
73.9884	13.00
74.0088	22.00
74.0293	31.00
74.0498	25.00
74.0702	29.00
74.0907	27.00
74.1112	50.00
74.1316	55.00
74.1521	54.00
74.1725	43.00
74.193	56.00
74.2135	48.00
74.2339	38.00
74.2544	42.00
74.2749	38.00
74.2953	48.00
74.3158	49.00
74.3363	44.00
74.3567	57.00
74.3772	37.00
74.3976	37.00
74.4181	56.00
74.4386	33.00
74.459	31.00
74.4795	30.00
74.5	25.00
74.5204	17.00
74.5409	18.00
74.5613	27.00
74.5818	20.00
74.6023	20.00
74.6227	16.00
74.6432	19.00
74.6637	15.00
74.6841	18.00
74.7046	11.00
74.7251	8.00
74.7455	16.00
74.766	10.00
74.7864	19.00
74.8069	17.00
74.8274	12.00
74.8478	7.00
74.8683	9.00
74.8888	13.00
74.9092	14.00
74.9297	13.00
74.9501	13.00
74.9706	10.00
74.9911	9.00
75.0115	15.00
75.032	13.00
75.0525	18.00
75.0729	12.00
75.0934	20.00
75.1139	23.00
75.1343	26.00
75.1548	18.00
75.1752	32.00
75.1957	31.00
75.2162	29.00
75.2366	24.00
75.2571	20.00
75.2776	25.00
75.298	21.00
75.3185	23.00
75.3389	16.00
75.3594	19.00
75.3799	23.00
75.4003	14.00
75.4208	28.00
75.4413	17.00
75.4617	22.00
75.4822	12.00
75.5027	15.00
75.5231	10.00
75.5436	16.00
75.564	7.00
75.5845	14.00
75.605	10.00
75.6254	8.00
75.6459	5.00
75.6664	11.00
75.6868	15.00
75.7073	12.00
75.7277	6.00
75.7482	19.00
75.7687	15.00
75.7891	9.00
75.8096	9.00
75.8301	9.00
75.8505	8.00
75.871	8.00
75.8915	5.00
75.9119	7.00
75.9324	9.00
75.9528	7.00
75.9733	9.00
75.9938	7.00
76.0142	12.00
76.0347	15.00
76.0552	8.00
76.0756	6.00
76.0961	10.00
76.1165	8.00
76.137	8.00
76.1575	10.00
76.1779	11.00
76.1984	9.00
76.2189	11.00
76.2393	9.00
76.2598	9.00
76.2803	4.00
76.3007	8.00
76.3212	13.00
76.3416	6.00
76.3621	10.00
76.3826	9.00
76.403	7.00
76.4235	4.00
76.444	9.00
76.4644	7.00
76.4849	5.00
76.5053	12.00
76.5258	12.00
76.5463	4.00
76.5667	6.00
76.5872	5.00
76.6077	8.00
76.6281	9.00
76.6486	7.00
76.6691	10.00
76.6895	10.00
76.71	6.00
76.7304	4.00
76.7509	8.00
76.7714	8.00
76.7918	7.00
76.8123	13.00
76.8328	11.00
76.8532	4.00
76.8737	12.00
76.8941	6.00
76.9146	6.00
76.9351	6.00
76.9555	16.00
76.976	2.00
76.9965	10.00
77.0169	6.00
77.0374	7.00
77.0579	5.00
77.0783	11.00
77.0988	7.00
77.1192	9.00
77.1397	6.00
77.1602	7.00
77.1806	6.00
77.2011	8.00
77.2216	4.00
77.242	8.00
77.2625	6.00
77.2829	10.00
77.3034	6.00
77.3239	8.00
77.3443	5.00
77.3648	4.00
77.3853	6.00
77.4057	6.00
77.4262	11.00
77.4467	2.00
77.4671	6.00
77.4876	6.00
77.508	7.00
77.5285	5.00
77.549	3.00
77.5694	7.00
77.5899	8.00
77.6104	9.00
77.6308	5.00
77.6513	8.00
77.6717	4.00
77.6922	4.00
77.7127	8.00
77.7331	5.00
77.7536	4.00
77.7741	12.00
77.7945	4.00
77.815	4.00
77.8355	7.00
77.8559	8.00
77.8764	5.00
77.8968	6.00
77.9173	1.00
77.9378	12.00
77.9582	7.00
77.9787	7.00
77.9992	4.00
78.0196	8.00
78.0401	2.00
78.0605	7.00
78.081	7.00
78.1015	6.00
78.1219	4.00
78.1424	3.00
78.1629	9.00
78.1833	9.00
78.2038	6.00
78.2243	6.00
78.2447	9.00
78.2652	3.00
78.2856	5.00
78.3061	3.00
78.3266	10.00
78.347	3.00
78.3675	9.00
78.388	8.00
78.4084	4.00
78.4289	4.00
78.4493	9.00
78.4698	8.00
78.4903	5.00
78.5107	3.00
78.5312	6.00
78.5517	4.00
78.5721	5.00
78.5926	3.00
78.6131	5.00
78.6335	4.00
78.654	4.00
78.6744	4.00
78.6949	5.00
78.7154	7.00
78.7358	2.00
78.7563	4.00
78.7768	10.00
78.7972	6.00
78.8177	7.00
78.8381	5.00
78.8586	6.00
78.8791	13.00
78.8995	10.00
78.92	4.00
78.9405	7.00
78.9609	8.00
78.9814	12.00
79.0019	10.00
79.0223	14.00
79.0428	9.00
79.0632	7.00
79.0837	24.00
79.1042	23.00
79.1246	25.00
79.1451	17.00
79.1656	28.00
79.186	17.00
79.2065	20.00
79.2269	12.00
79.2474	13.00
79.2679	12.00
79.2883	15.00
79.3088	16.00
79.3293	14.00
79.3497	19.00
79.3702	18.00
79.3907	12.00
79.4111	10.00
79.4316	10.00
79.452	9.00
79.4725	13.00
79.493	9.00
79.5134	7.00
79.5339	11.00
79.5544	8.00
79.5748	8.00
79.5953	6.00
79.6157	3.00
79.6362	3.00
79.6567	9.00
79.6771	6.00
79.6976	13.00
79.7181	6.00
79.7385	6.00
79.759	10.00
79.7795	9.00
79.7999	4.00
79.8204	5.00
79.8408	8.00
79.8613	9.00
79.8818	2.00
79.9022	5.00
79.9227	8.00
79.9432	5.00
79.9636	2.00
79.9841	9.00
80.0045	11.00
