test
Wavelength = 1.54059
10	14.00
10.02	14.00
10.04	12.00
10.06	16.00
10.08	14.00
10.1	8.00
10.12	14.00
10.14	22.00
10.16	10.00
10.18	12.00
10.2	10.00
10.22	10.00
10.24	12.00
10.26	14.00
10.28	16.00
10.3	16.00
10.32	12.00
10.34	12.00
10.36	10.00
10.38	14.00
10.4	14.00
10.42	10.00
10.44	2.00
10.46	8.00
10.48	10.00
10.5	16.00
10.52	14.00
10.54	16.00
10.56	14.00
10.58	14.00
10.6	18.00
10.62	20.00
10.64	20.00
10.66	16.00
10.68	8.00
10.7	8.00
10.72	10.00
10.74	8.00
10.76	12.00
10.78	8.00
10.8	10.00
10.82	12.00
10.84	8.00
10.86	10.00
10.88	10.00
10.9	8.00
10.92	18.00
10.94	8.00
10.96	16.00
10.98	10.00
11	16.00
11.02	12.00
11.04	16.00
11.06	16.00
11.08	10.00
11.1	8.00
11.12	10.00
11.14	12.00
11.16	14.00
11.18	10.00
11.2	12.00
11.22	14.00
11.24	16.00
11.26	16.00
11.28	14.00
11.3	12.00
11.32	6.00
11.34	12.00
11.36	14.00
11.38	14.00
11.4	12.00
11.42	12.00
11.44	12.00
11.46	10.00
11.48	8.00
11.5	18.00
11.52	10.00
11.54	12.00
11.56	8.00
11.58	16.00
11.6	12.00
11.62	12.00
11.64	18.00
11.66	16.00
11.68	12.00
11.7	14.00
11.72	8.00
11.74	12.00
11.76	12.00
11.78	18.00
11.8	8.00
11.82	12.00
11.84	14.00
11.86	14.00
11.88	22.00
11.9	14.00
11.92	12.00
11.94	12.00
11.96	16.00
11.98	12.00
12	12.00
12.02	14.00
12.04	18.00
12.06	8.00
12.08	16.00
12.1	22.00
12.12	12.00
12.14	14.00
12.16	12.00
12.18	18.00
12.2	16.00
12.22	12.00
12.24	12.00
12.26	22.00
12.28	24.00
12.3	14.00
12.32	8.00
12.34	20.00
12.36	30.00
12.38	28.00
12.4	34.00
12.42	40.00
12.44	54.00
12.46	68.00
12.48	50.00
12.5	84.00
12.52	86.00
12.54	148.00
12.56	126.00
12.58	178.00
12.6	284.00
12.62	452.00
12.64	760.00
12.66	1006.00
12.68	1486.00
12.7	1988.00
12.72	2320.00
12.74	2458.00
12.76	2498.00
12.78	2526.00
12.8	2398.00
12.82	2444.00
12.84	2584.00
12.86	2560.00
12.88	2574.00
12.9	2494.00
12.92	2454.00
12.94	2408.00
12.96	2168.00
12.98	1752.00
13	1232.00
13.02	738.00
13.04	402.00
13.06	230.00
13.08	160.00
13.1	158.00
13.12	140.00
13.14	136.00
13.16	110.00
13.18	78.00
13.2	52.00
13.22	50.00
13.24	28.00
13.26	24.00
13.28	20.00
13.3	14.00
13.32	16.00
13.34	22.00
13.36	26.00
13.38	14.00
13.4	16.00
13.42	10.00
13.44	14.00
13.46	16.00
13.48	22.00
13.5	20.00
13.52	14.00
13.54	20.00
13.56	20.00
13.58	18.00
13.6	10.00
13.62	14.00
13.64	22.00
13.66	16.00
13.68	20.00
13.7	18.00
13.72	8.00
13.74	10.00
13.76	10.00
13.78	10.00
13.8	10.00
13.82	14.00
13.84	10.00
13.86	20.00
13.88	10.00
13.9	12.00
13.92	14.00
13.94	10.00
13.96	10.00
13.98	12.00
14	12.00
14.02	18.00
14.04	16.00
14.06	18.00
14.08	12.00
14.1	14.00
14.12	6.00
14.14	10.00
14.16	14.00
14.18	14.00
14.2	10.00
14.22	6.00
14.24	12.00
14.26	18.00
14.28	8.00
14.3	16.00
14.32	14.00
14.34	10.00
14.36	10.00
14.38	18.00
14.4	10.00
14.42	8.00
14.44	18.00
14.46	12.00
14.48	14.00
14.5	10.00
14.52	18.00
14.54	12.00
14.56	14.00
14.58	20.00
14.6	12.00
14.62	18.00
14.64	20.00
14.66	12.00
14.68	12.00
14.7	16.00
14.72	8.00
14.74	14.00
14.76	8.00
14.78	10.00
14.8	10.00
14.82	16.00
14.84	12.00
14.86	20.00
14.88	16.00
14.9	10.00
14.92	8.00
14.94	12.00
14.96	16.00
14.98	14.00
15	18.00
15.02	8.00
15.04	20.00
15.06	14.00
15.08	14.00
15.1	14.00
15.12	18.00
15.14	18.00
15.16	10.00
15.18	8.00
15.2	20.00
15.22	14.00
15.24	12.00
15.26	16.00
15.28	16.00
15.3	14.00
15.32	14.00
15.34	12.00
15.36	10.00
15.38	24.00
15.4	18.00
15.42	22.00
15.44	16.00
15.46	14.00
15.48	12.00
15.5	12.00
15.52	18.00
15.54	22.00
15.56	16.00
15.58	10.00
15.6	20.00
15.62	8.00
15.64	14.00
15.66	20.00
15.68	22.00
15.7	12.00
15.72	14.00
15.74	18.00
15.76	18.00
15.78	10.00
15.8	16.00
15.82	12.00
15.84	20.00
15.86	14.00
15.88	20.00
15.9	16.00
15.92	10.00
15.94	22.00
15.96	20.00
15.98	12.00
16	14.00
16.02	16.00
16.04	20.00
16.06	14.00
16.08	16.00
16.1	12.00
16.12	10.00
16.14	14.00
16.16	18.00
16.18	12.00
16.2	14.00
16.22	14.00
16.24	18.00
16.26	12.00
16.28	22.00
16.3	14.00
16.32	14.00
16.34	16.00
16.36	14.00
16.38	18.00
16.4	14.00
16.42	16.00
16.44	12.00
16.46	14.00
16.48	16.00
16.5	18.00
16.52	14.00
16.54	12.00
16.56	14.00
16.58	18.00
16.6	14.00
16.62	18.00
16.64	10.00
16.66	18.00
16.68	20.00
16.7	14.00
16.72	14.00
16.74	12.00
16.76	20.00
16.78	18.00
16.8	12.00
16.82	18.00
16.84	16.00
16.86	14.00
16.88	18.00
16.9	22.00
16.92	20.00
16.94	10.00
16.96	20.00
16.98	22.00
17	20.00
17.02	14.00
17.04	14.00
17.06	28.00
17.08	26.00
17.1	22.00
17.12	12.00
17.14	8.00
17.16	20.00
17.18	14.00
17.2	18.00
17.22	18.00
17.24	24.00
17.26	26.00
17.28	20.00
17.3	18.00
17.32	18.00
17.34	20.00
17.36	20.00
17.38	10.00
17.4	18.00
17.42	22.00
17.44	14.00
17.46	14.00
17.48	26.00
17.5	24.00
17.52	20.00
17.54	20.00
17.56	18.00
17.58	18.00
17.6	22.00
17.62	12.00
17.64	26.00
17.66	12.00
17.68	20.00
17.7	22.00
17.72	16.00
17.74	18.00
17.76	12.00
17.78	16.00
17.8	24.00
17.82	20.00
17.84	20.00
17.86	20.00
17.88	22.00
17.9	16.00
17.92	22.00
17.94	16.00
17.96	20.00
17.98	24.00
18	20.00
18.02	22.00
18.04	22.00
18.06	28.00
18.08	18.00
18.1	12.00
18.12	22.00
18.14	20.00
18.16	20.00
18.18	22.00
18.2	30.00
18.22	20.00
18.24	20.00
18.26	20.00
18.28	22.00
18.3	28.00
18.32	22.00
18.34	26.00
18.36	30.00
18.38	22.00
18.4	16.00
18.42	20.00
18.44	24.00
18.46	16.00
18.48	22.00
18.5	18.00
18.52	26.00
18.54	22.00
18.56	24.00
18.58	18.00
18.6	20.00
18.62	26.00
18.64	20.00
18.66	24.00
18.68	20.00
18.7	16.00
18.72	18.00
18.74	22.00
18.76	20.00
18.78	18.00
18.8	16.00
18.82	18.00
18.84	30.00
18.86	28.00
18.88	20.00
18.9	24.00
18.92	14.00
18.94	34.00
18.96	24.00
18.98	22.00
19	20.00
19.02	18.00
19.04	22.00
19.06	28.00
19.08	22.00
19.1	22.00
19.12	24.00
19.14	32.00
19.16	22.00
19.18	26.00
19.2	24.00
19.22	24.00
19.24	16.00
19.26	26.00
19.28	16.00
19.3	28.00
19.32	22.00
19.34	34.00
19.36	24.00
19.38	20.00
19.4	16.00
19.42	28.00
19.44	32.00
19.46	32.00
19.48	28.00
19.5	26.00
19.52	24.00
19.54	22.00
19.56	28.00
19.58	24.00
19.6	20.00
19.62	26.00
19.64	30.00
19.66	22.00
19.68	20.00
19.7	24.00
19.72	22.00
19.74	26.00
19.76	30.00
19.78	26.00
19.8	24.00
19.82	24.00
19.84	24.00
19.86	26.00
19.88	32.00
19.9	34.00
19.92	26.00
19.94	16.00
19.96	26.00
19.98	34.00
20	34.00
20.02	18.00
20.04	32.00
20.06	26.00
20.08	20.00
20.1	30.00
20.12	24.00
20.14	30.00
20.16	28.00
20.18	20.00
20.2	24.00
20.22	24.00
20.24	26.00
20.26	34.00
20.28	30.00
20.3	34.00
20.32	34.00
20.34	30.00
20.36	32.00
20.38	28.00
20.4	28.00
20.42	22.00
20.44	20.00
20.46	38.00
20.48	26.00
20.5	26.00
20.52	32.00
20.54	28.00
20.56	32.00
20.58	32.00
20.6	34.00
20.62	26.00
20.64	36.00
20.66	30.00
20.68	28.00
20.7	18.00
20.72	34.00
20.74	28.00
20.76	32.00
20.78	20.00
20.8	42.00
20.82	24.00
20.84	38.00
20.86	36.00
20.88	34.00
20.9	18.00
20.92	28.00
20.94	34.00
20.96	38.00
20.98	30.00
21	26.00
21.02	30.00
21.04	22.00
21.06	40.00
21.08	20.00
21.1	30.00
21.12	32.00
21.14	26.00
21.16	28.00
21.18	28.00
21.2	34.00
21.22	40.00
21.24	28.00
21.26	30.00
21.28	28.00
21.3	30.00
21.32	34.00
21.34	20.00
21.36	32.00
21.38	36.00
21.4	32.00
21.42	20.00
21.44	44.00
21.46	34.00
21.48	34.00
21.5	30.00
21.52	30.00
21.54	24.00
21.56	30.00
21.58	36.00
21.6	44.00
21.62	30.00
21.64	28.00
21.66	34.00
21.68	30.00
21.7	30.00
21.72	28.00
21.74	28.00
21.76	26.00
21.78	32.00
21.8	26.00
21.82	30.00
21.84	42.00
21.86	26.00
21.88	28.00
21.9	36.00
21.92	38.00
21.94	32.00
21.96	40.00
21.98	32.00
22	26.00
22.02	36.00
22.04	22.00
22.06	28.00
22.08	30.00
22.1	30.00
22.12	30.00
22.14	46.00
22.16	38.00
22.18	44.00
22.2	40.00
22.22	34.00
22.24	34.00
22.26	34.00
22.28	24.00
22.3	36.00
22.32	24.00
22.34	36.00
22.36	32.00
22.38	28.00
22.4	36.00
22.42	24.00
22.44	28.00
22.46	28.00
22.48	36.00
22.5	42.00
22.52	26.00
22.54	26.00
22.56	42.00
22.58	40.00
22.6	34.00
22.62	30.00
22.64	38.00
22.66	34.00
22.68	38.00
22.7	34.00
22.72	38.00
22.74	26.00
22.76	40.00
22.78	28.00
22.8	30.00
22.82	26.00
22.84	42.00
22.86	28.00
22.88	32.00
22.9	26.00
22.92	34.00
22.94	42.00
22.96	38.00
22.98	32.00
23	32.00
23.02	32.00
23.04	30.00
23.06	42.00
23.08	36.00
23.1	38.00
23.12	36.00
23.14	30.00
23.16	28.00
23.18	34.00
23.2	38.00
23.22	44.00
23.24	48.00
23.26	42.00
23.28	38.00
23.3	44.00
23.32	40.00
23.34	44.00
23.36	36.00
23.38	34.00
23.4	44.00
23.42	32.00
23.44	52.00
23.46	34.00
23.48	38.00
23.5	44.00
23.52	40.00
23.54	44.00
23.56	42.00
23.58	42.00
23.6	42.00
23.62	36.00
23.64	26.00
23.66	34.00
23.68	36.00
23.7	42.00
23.72	32.00
23.74	40.00
23.76	32.00
23.78	24.00
23.8	38.00
23.82	30.00
23.84	20.00
23.86	28.00
23.88	38.00
23.9	36.00
23.92	34.00
23.94	34.00
23.96	32.00
23.98	24.00
24	24.00
24.02	22.00
24.04	24.00
24.06	32.00
24.08	38.00
24.1	32.00
24.12	36.00
24.14	34.00
24.16	30.00
24.18	30.00
24.2	32.00
24.22	38.00
24.24	38.00
24.26	34.00
24.28	32.00
24.3	26.00
24.32	38.00
24.34	28.00
24.36	30.00
24.38	26.00
24.4	36.00
24.42	42.00
24.44	30.00
24.46	32.00
24.48	28.00
24.5	36.00
24.52	32.00
24.54	36.00
24.56	34.00
24.58	34.00
24.6	36.00
24.62	50.00
24.64	36.00
24.66	44.00
24.68	32.00
24.7	32.00
24.72	40.00
24.74	36.00
24.76	38.00
24.78	36.00
24.8	40.00
24.82	50.00
24.84	36.00
24.86	34.00
24.88	40.00
24.9	26.00
24.92	38.00
24.94	26.00
24.96	50.00
24.98	44.00
25	40.00
25.02	32.00
25.04	34.00
25.06	42.00
25.08	38.00
25.1	44.00
25.12	36.00
25.14	36.00
25.16	42.00
25.18	50.00
25.2	32.00
25.22	42.00
25.24	46.00
25.26	56.00
25.28	52.00
25.3	48.00
25.32	76.00
25.34	62.00
25.36	74.00
25.38	92.00
25.4	114.00
25.42	128.00
25.44	150.00
25.46	192.00
25.48	252.00
25.5	286.00
25.52	406.00
25.54	532.00
25.56	874.00
25.58	1256.00
25.6	1740.00
25.62	2140.00
25.64	2568.00
25.66	2904.00
25.68	3244.00
25.7	3288.00
25.72	3362.00
25.74	3472.00
25.76	3538.00
25.78	3492.00
25.8	3484.00
25.82	3362.00
25.84	3460.00
25.86	3212.00
25.88	3072.00
25.9	2660.00
25.92	2250.00
25.94	1596.00
25.96	1150.00
25.98	866.00
26	598.00
26.02	362.00
26.04	298.00
26.06	274.00
26.08	218.00
26.1	190.00
26.12	162.00
26.14	124.00
26.16	94.00
26.18	88.00
26.2	66.00
26.22	58.00
26.24	62.00
26.26	58.00
26.28	54.00
26.3	56.00
26.32	38.00
26.34	48.00
26.36	58.00
26.38	50.00
26.4	46.00
26.42	46.00
26.44	40.00
26.46	38.00
26.48	40.00
26.5	28.00
26.52	44.00
26.54	42.00
26.56	38.00
26.58	34.00
26.6	32.00
26.62	52.00
26.64	42.00
26.66	38.00
26.68	44.00
26.7	38.00
26.72	34.00
26.74	34.00
26.76	48.00
26.78	38.00
26.8	30.00
26.82	34.00
26.84	46.00
26.86	44.00
26.88	34.00
26.9	42.00
26.92	30.00
26.94	22.00
26.96	46.00
26.98	40.00
27	30.00
27.02	34.00
27.04	28.00
27.06	26.00
27.08	32.00
27.1	24.00
27.12	32.00
27.14	34.00
27.16	36.00
27.18	42.00
27.2	36.00
27.22	40.00
27.24	36.00
27.26	32.00
27.28	34.00
27.3	32.00
27.32	28.00
27.34	28.00
27.36	30.00
27.38	32.00
27.4	34.00
27.42	36.00
27.44	36.00
27.46	32.00
27.48	34.00
27.5	32.00
27.52	34.00
27.54	48.00
27.56	34.00
27.58	32.00
27.6	30.00
27.62	28.00
27.64	26.00
27.66	30.00
27.68	32.00
27.7	32.00
27.72	28.00
27.74	36.00
27.76	40.00
27.78	26.00
27.8	32.00
27.82	38.00
27.84	30.00
27.86	30.00
27.88	28.00
27.9	42.00
27.92	22.00
27.94	28.00
27.96	34.00
27.98	34.00
28	30.00
28.02	30.00
28.04	32.00
28.06	30.00
28.08	28.00
28.1	36.00
28.12	30.00
28.14	34.00
28.16	36.00
28.18	38.00
28.2	24.00
28.22	36.00
28.24	16.00
28.26	30.00
28.28	22.00
28.3	24.00
28.32	32.00
28.34	36.00
28.36	32.00
28.38	36.00
28.4	20.00
28.42	24.00
28.44	34.00
28.46	30.00
28.48	20.00
28.5	20.00
28.52	24.00
28.54	30.00
28.56	24.00
28.58	28.00
28.6	38.00
28.62	36.00
28.64	30.00
28.66	36.00
28.68	16.00
28.7	30.00
28.72	28.00
28.74	32.00
28.76	28.00
28.78	32.00
28.8	32.00
28.82	30.00
28.84	30.00
28.86	30.00
28.88	32.00
28.9	36.00
28.92	26.00
28.94	34.00
28.96	32.00
28.98	34.00
29	24.00
29.02	20.00
29.04	22.00
29.06	34.00
29.08	24.00
29.1	24.00
29.12	28.00
29.14	30.00
29.16	28.00
29.18	30.00
29.2	34.00
29.22	32.00
29.24	26.00
29.26	38.00
29.28	34.00
29.3	22.00
29.32	40.00
29.34	20.00
29.36	40.00
29.38	28.00
29.4	30.00
29.42	24.00
29.44	26.00
29.46	28.00
29.48	20.00
29.5	28.00
29.52	28.00
29.54	32.00
29.56	36.00
29.58	28.00
29.6	26.00
29.62	30.00
29.64	30.00
29.66	30.00
29.68	32.00
29.7	26.00
29.72	30.00
29.74	24.00
29.76	46.00
29.78	22.00
29.8	28.00
29.82	22.00
29.84	22.00
29.86	24.00
29.88	34.00
29.9	26.00
29.92	32.00
29.94	28.00
29.96	30.00
29.98	24.00
30	26.00
30.02	26.00
30.04	34.00
30.06	28.00
30.08	26.00
30.1	24.00
30.12	32.00
30.14	24.00
30.16	26.00
30.18	24.00
30.2	22.00
30.22	38.00
30.24	26.00
30.26	28.00
30.28	36.00
30.3	20.00
30.32	30.00
30.34	32.00
30.36	24.00
30.38	36.00
30.4	26.00
30.42	24.00
30.44	30.00
30.46	28.00
30.48	24.00
30.5	30.00
30.52	36.00
30.54	28.00
30.56	28.00
30.58	22.00
30.6	32.00
30.62	30.00
30.64	14.00
30.66	20.00
30.68	24.00
30.7	28.00
30.72	16.00
30.74	38.00
30.76	34.00
30.78	28.00
30.8	24.00
30.82	30.00
30.84	24.00
30.86	16.00
30.88	40.00
30.9	22.00
30.92	28.00
30.94	18.00
30.96	26.00
30.98	20.00
31	24.00
31.02	24.00
31.04	20.00
31.06	20.00
31.08	24.00
31.1	36.00
31.12	30.00
31.14	24.00
31.16	30.00
31.18	24.00
31.2	26.00
31.22	30.00
31.24	24.00
31.26	26.00
31.28	24.00
31.3	26.00
31.32	22.00
31.34	28.00
31.36	22.00
31.38	20.00
31.4	26.00
31.42	22.00
31.44	32.00
31.46	24.00
31.48	28.00
31.5	30.00
31.52	32.00
31.54	18.00
31.56	30.00
31.58	26.00
31.6	32.00
31.62	32.00
31.64	26.00
31.66	22.00
31.68	22.00
31.7	28.00
31.72	24.00
31.74	36.00
31.76	28.00
31.78	20.00
31.8	20.00
31.82	26.00
31.84	24.00
31.86	28.00
31.88	30.00
31.9	28.00
31.92	24.00
31.94	22.00
31.96	24.00
31.98	26.00
32	26.00
32.02	34.00
32.04	32.00
32.06	20.00
32.08	20.00
32.1	34.00
32.12	26.00
32.14	28.00
32.16	18.00
32.18	32.00
32.2	32.00
32.22	26.00
32.24	24.00
32.26	16.00
32.28	28.00
32.3	26.00
32.32	28.00
32.34	22.00
32.36	30.00
32.38	16.00
32.4	20.00
32.42	16.00
32.44	24.00
32.46	34.00
32.48	18.00
32.5	20.00
32.52	22.00
32.54	34.00
32.56	30.00
32.58	28.00
32.6	22.00
32.62	22.00
32.64	24.00
32.66	28.00
32.68	16.00
32.7	18.00
32.72	26.00
32.74	24.00
32.76	16.00
32.78	18.00
32.8	22.00
32.82	26.00
32.84	24.00
32.86	24.00
32.88	26.00
32.9	24.00
32.92	18.00
32.94	20.00
32.96	30.00
32.98	24.00
33	30.00
33.02	32.00
33.04	26.00
33.06	18.00
33.08	28.00
33.1	18.00
33.12	20.00
33.14	26.00
33.16	18.00
33.18	18.00
33.2	22.00
33.22	20.00
33.24	18.00
33.26	18.00
33.28	30.00
33.3	26.00
33.32	22.00
33.34	16.00
33.36	32.00
33.38	26.00
33.4	16.00
33.42	28.00
33.44	24.00
33.46	22.00
33.48	20.00
33.5	22.00
33.52	24.00
33.54	22.00
33.56	18.00
33.58	28.00
33.6	16.00
33.62	10.00
33.64	24.00
33.66	16.00
33.68	16.00
33.7	20.00
33.72	22.00
33.74	22.00
33.76	20.00
33.78	20.00
33.8	20.00
33.82	20.00
33.84	26.00
33.86	22.00
33.88	18.00
33.9	18.00
33.92	20.00
33.94	22.00
33.96	20.00
33.98	18.00
34	20.00
34.02	18.00
34.04	20.00
34.06	20.00
34.08	26.00
34.1	18.00
34.12	26.00
34.14	20.00
34.16	24.00
34.18	28.00
34.2	14.00
34.22	18.00
34.24	24.00
34.26	12.00
34.28	16.00
34.3	22.00
34.32	22.00
34.34	24.00
34.36	16.00
34.38	22.00
34.4	22.00
34.42	26.00
34.44	20.00
34.46	14.00
34.48	18.00
34.5	28.00
34.52	22.00
34.54	16.00
34.56	16.00
34.58	18.00
34.6	20.00
34.62	20.00
34.64	14.00
34.66	18.00
34.68	20.00
34.7	28.00
34.72	18.00
34.74	16.00
34.76	18.00
34.78	20.00
34.8	24.00
34.82	10.00
34.84	26.00
34.86	22.00
34.88	16.00
34.9	10.00
34.92	18.00
34.94	14.00
34.96	16.00
34.98	24.00
35	18.00
35.02	16.00
35.04	22.00
35.06	20.00
35.08	22.00
35.1	14.00
35.12	18.00
35.14	24.00
35.16	12.00
35.18	22.00
35.2	22.00
35.22	28.00
35.24	14.00
35.26	22.00
35.28	22.00
35.3	20.00
35.32	28.00
35.34	18.00
35.36	20.00
35.38	18.00
35.4	12.00
35.42	18.00
35.44	22.00
35.46	14.00
35.48	18.00
35.5	16.00
35.52	22.00
35.54	26.00
35.56	22.00
35.58	20.00
35.6	16.00
35.62	20.00
35.64	20.00
35.66	16.00
35.68	20.00
35.7	16.00
35.72	14.00
35.74	8.00
35.76	22.00
35.78	20.00
35.8	12.00
35.82	16.00
35.84	16.00
35.86	14.00
35.88	12.00
35.9	24.00
35.92	18.00
35.94	20.00
35.96	16.00
35.98	14.00
36	20.00
36.02	12.00
36.04	14.00
36.06	16.00
36.08	14.00
36.1	20.00
36.12	18.00
36.14	12.00
36.16	18.00
36.18	18.00
36.2	10.00
36.22	8.00
36.24	18.00
36.26	16.00
36.28	10.00
36.3	18.00
36.32	16.00
36.34	18.00
36.36	10.00
36.38	16.00
36.4	18.00
36.42	22.00
36.44	14.00
36.46	14.00
36.48	12.00
36.5	18.00
36.52	14.00
36.54	20.00
36.56	14.00
36.58	12.00
36.6	18.00
36.62	18.00
36.64	14.00
36.66	16.00
36.68	20.00
36.7	12.00
36.72	14.00
36.74	16.00
36.76	14.00
36.78	22.00
36.8	20.00
36.82	12.00
36.84	18.00
36.86	18.00
36.88	20.00
36.9	14.00
36.92	20.00
36.94	16.00
36.96	18.00
36.98	22.00
37	18.00
37.02	12.00
37.04	12.00
37.06	22.00
37.08	16.00
37.1	12.00
37.12	18.00
37.14	16.00
37.16	22.00
37.18	18.00
37.2	12.00
37.22	16.00
37.24	14.00
37.26	10.00
37.28	14.00
37.3	14.00
37.32	8.00
37.34	22.00
37.36	18.00
37.38	16.00
37.4	8.00
37.42	16.00
37.44	12.00
37.46	14.00
37.48	14.00
37.5	12.00
37.52	20.00
37.54	14.00
37.56	20.00
37.58	18.00
37.6	12.00
37.62	16.00
37.64	22.00
37.66	16.00
37.68	18.00
37.7	18.00
37.72	12.00
37.74	14.00
37.76	20.00
37.78	12.00
37.8	18.00
37.82	18.00
37.84	10.00
37.86	20.00
37.88	16.00
37.9	20.00
37.92	18.00
37.94	14.00
37.96	22.00
37.98	20.00
38	16.00
38.02	18.00
38.04	14.00
38.06	28.00
38.08	20.00
38.1	16.00
38.12	14.00
38.14	16.00
38.16	20.00
38.18	20.00
38.2	12.00
38.22	18.00
38.24	14.00
38.26	20.00
38.28	14.00
38.3	24.00
38.32	18.00
38.34	18.00
38.36	24.00
38.38	20.00
38.4	22.00
38.42	22.00
38.44	22.00
38.46	34.00
38.48	24.00
38.5	22.00
38.52	34.00
38.54	32.00
38.56	26.00
38.58	32.00
38.6	40.00
38.62	44.00
38.64	58.00
38.66	64.00
38.68	78.00
38.7	100.00
38.72	106.00
38.74	116.00
38.76	176.00
38.78	190.00
38.8	334.00
38.82	426.00
38.84	620.00
38.86	852.00
38.88	1110.00
38.9	1446.00
38.92	1628.00
38.94	1856.00
38.96	1868.00
38.98	1944.00
39	2054.00
39.02	2144.00
39.04	2238.00
39.06	2282.00
39.08	2228.00
39.1	2212.00
39.12	2200.00
39.14	2186.00
39.16	2034.00
39.18	1660.00
39.2	1288.00
39.22	1118.00
39.24	870.00
39.26	744.00
39.28	620.00
39.3	464.00
39.32	308.00
39.34	202.00
39.36	166.00
39.38	124.00
39.4	122.00
39.42	86.00
39.44	74.00
39.46	62.00
39.48	50.00
39.5	40.00
39.52	38.00
39.54	42.00
39.56	48.00
39.58	22.00
39.6	28.00
39.62	38.00
39.64	22.00
39.66	26.00
39.68	26.00
39.7	26.00
39.72	22.00
39.74	22.00
39.76	16.00
39.78	20.00
39.8	24.00
39.82	22.00
39.84	18.00
39.86	22.00
39.88	26.00
39.9	30.00
39.92	24.00
39.94	22.00
39.96	24.00
39.98	18.00
40	12.00
40.02	18.00
40.04	20.00
40.06	20.00
40.08	26.00
40.1	10.00
40.12	26.00
40.14	16.00
40.16	14.00
40.18	16.00
40.2	24.00
40.22	12.00
40.24	14.00
40.26	12.00
40.28	20.00
40.3	20.00
40.32	20.00
40.34	16.00
40.36	18.00
40.38	20.00
40.4	18.00
40.42	16.00
40.44	18.00
40.46	26.00
40.48	18.00
40.5	16.00
40.52	20.00
40.54	16.00
40.56	14.00
40.58	12.00
40.6	10.00
40.62	22.00
40.64	12.00
40.66	16.00
40.68	14.00
40.7	14.00
40.72	12.00
40.74	18.00
40.76	6.00
40.78	8.00
40.8	18.00
40.82	20.00
40.84	18.00
40.86	22.00
40.88	14.00
40.9	10.00
40.92	18.00
40.94	20.00
40.96	12.00
40.98	16.00
41	16.00
41.02	14.00
41.04	22.00
41.06	24.00
41.08	8.00
41.1	16.00
41.12	16.00
41.14	16.00
41.16	12.00
41.18	14.00
41.2	14.00
41.22	20.00
41.24	10.00
41.26	18.00
41.28	12.00
41.3	12.00
41.32	16.00
41.34	20.00
41.36	14.00
41.38	24.00
41.4	16.00
41.42	18.00
41.44	22.00
41.46	14.00
41.48	10.00
41.5	12.00
41.52	14.00
41.54	12.00
41.56	8.00
41.58	12.00
41.6	10.00
41.62	16.00
41.64	14.00
41.66	18.00
41.68	8.00
41.7	16.00
41.72	24.00
41.74	12.00
41.76	10.00
41.78	18.00
41.8	10.00
41.82	14.00
41.84	14.00
41.86	8.00
41.88	14.00
41.9	8.00
41.92	14.00
41.94	14.00
41.96	16.00
41.98	14.00
42	12.00
42.02	14.00
42.04	12.00
42.06	20.00
42.08	16.00
42.1	12.00
42.12	6.00
42.14	8.00
42.16	14.00
42.18	16.00
42.2	16.00
42.22	16.00
42.24	18.00
42.26	8.00
42.28	16.00
42.3	12.00
42.32	4.00
42.34	20.00
42.36	10.00
42.38	16.00
42.4	18.00
42.42	12.00
42.44	16.00
42.46	16.00
42.48	8.00
42.5	10.00
42.52	12.00
42.54	14.00
42.56	10.00
42.58	16.00
42.6	14.00
42.62	6.00
42.64	16.00
42.66	14.00
42.68	12.00
42.7	16.00
42.72	12.00
42.74	10.00
42.76	18.00
42.78	14.00
42.8	14.00
42.82	10.00
42.84	14.00
42.86	16.00
42.88	16.00
42.9	14.00
42.92	14.00
42.94	20.00
42.96	12.00
42.98	14.00
43	10.00
43.02	16.00
43.04	10.00
43.06	18.00
43.08	16.00
43.1	14.00
43.12	10.00
43.14	12.00
43.16	8.00
43.18	14.00
43.2	14.00
43.22	12.00
43.24	18.00
43.26	24.00
43.28	8.00
43.3	10.00
43.32	20.00
43.34	16.00
43.36	18.00
43.38	14.00
43.4	18.00
43.42	10.00
43.44	12.00
43.46	20.00
43.48	12.00
43.5	16.00
43.52	14.00
43.54	20.00
43.56	12.00
43.58	8.00
43.6	10.00
43.62	16.00
43.64	12.00
43.66	14.00
43.68	12.00
43.7	18.00
43.72	10.00
43.74	12.00
43.76	10.00
43.78	8.00
43.8	12.00
43.82	14.00
43.84	14.00
43.86	8.00
43.88	16.00
43.9	14.00
43.92	12.00
43.94	8.00
43.96	12.00
43.98	10.00
44	12.00
44.02	14.00
44.04	10.00
44.06	20.00
44.08	12.00
44.1	10.00
44.12	16.00
44.14	16.00
44.16	6.00
44.18	10.00
44.2	12.00
44.22	14.00
44.24	12.00
44.26	14.00
44.28	14.00
44.3	18.00
44.32	12.00
44.34	18.00
44.36	10.00
44.38	18.00
44.4	14.00
44.42	12.00
44.44	10.00
44.46	16.00
44.48	16.00
44.5	12.00
44.52	12.00
44.54	8.00
44.56	8.00
44.58	26.00
44.6	8.00
44.62	12.00
44.64	14.00
44.66	14.00
44.68	12.00
44.7	14.00
44.72	18.00
44.74	14.00
44.76	6.00
44.78	12.00
44.8	8.00
44.82	12.00
44.84	12.00
44.86	8.00
44.88	12.00
44.9	10.00
44.92	18.00
44.94	18.00
44.96	14.00
44.98	16.00
45	16.00
45.02	8.00
45.04	22.00
45.06	10.00
45.08	16.00
45.1	14.00
45.12	20.00
45.14	18.00
45.16	10.00
45.18	12.00
45.2	16.00
45.22	14.00
45.24	6.00
45.26	16.00
45.28	20.00
45.3	14.00
45.32	12.00
45.34	18.00
45.36	10.00
45.38	14.00
45.4	6.00
45.42	14.00
45.44	8.00
45.46	10.00
45.48	14.00
45.5	16.00
45.52	16.00
45.54	10.00
45.56	16.00
45.58	14.00
45.6	12.00
45.62	18.00
45.64	14.00
45.66	20.00
45.68	12.00
45.7	10.00
45.72	16.00
45.74	14.00
45.76	6.00
45.78	14.00
45.8	12.00
45.82	6.00
45.84	6.00
45.86	20.00
45.88	12.00
45.9	12.00
45.92	10.00
45.94	10.00
45.96	14.00
45.98	14.00
46	8.00
46.02	6.00
46.04	10.00
46.06	12.00
46.08	18.00
46.1	16.00
46.12	14.00
46.14	10.00
46.16	10.00
46.18	14.00
46.2	18.00
46.22	8.00
46.24	10.00
46.26	20.00
46.28	14.00
46.3	26.00
46.32	16.00
46.34	10.00
46.36	22.00
46.38	24.00
46.4	10.00
46.42	22.00
46.44	20.00
46.46	14.00
46.48	16.00
46.5	22.00
46.52	8.00
46.54	10.00
46.56	20.00
46.58	12.00
46.6	12.00
46.62	10.00
46.64	12.00
46.66	14.00
46.68	14.00
46.7	14.00
46.72	12.00
46.74	6.00
46.76	16.00
46.78	10.00
46.8	10.00
46.82	10.00
46.84	4.00
46.86	14.00
46.88	8.00
46.9	14.00
46.92	10.00
46.94	12.00
46.96	12.00
46.98	10.00
47	14.00
47.02	8.00
47.04	14.00
47.06	12.00
47.08	10.00
47.1	14.00
47.12	12.00
47.14	10.00
47.16	16.00
47.18	10.00
47.2	16.00
47.22	8.00
47.24	16.00
47.26	16.00
47.28	12.00
47.3	10.00
47.32	10.00
47.34	8.00
47.36	16.00
47.38	12.00
47.4	12.00
47.42	12.00
47.44	16.00
47.46	12.00
47.48	10.00
47.5	12.00
47.52	14.00
47.54	12.00
47.56	12.00
47.58	8.00
47.6	14.00
47.62	8.00
47.64	10.00
47.66	8.00
47.68	16.00
47.7	12.00
47.72	8.00
47.74	16.00
47.76	12.00
47.78	24.00
47.8	6.00
47.82	16.00
47.84	10.00
47.86	12.00
47.88	14.00
47.9	12.00
47.92	20.00
47.94	14.00
47.96	14.00
47.98	10.00
48	12.00
48.02	14.00
48.04	10.00
48.06	10.00
48.08	14.00
48.1	14.00
48.12	16.00
48.14	14.00
48.16	12.00
48.18	18.00
48.2	6.00
48.22	14.00
48.24	12.00
48.26	10.00
48.28	12.00
48.3	10.00
48.32	12.00
48.34	24.00
48.36	14.00
48.38	8.00
48.4	16.00
48.42	14.00
48.44	12.00
48.46	12.00
48.48	8.00
48.5	10.00
48.52	10.00
48.54	10.00
48.56	6.00
48.58	16.00
48.6	14.00
48.62	2.00
48.64	10.00
48.66	20.00
48.68	8.00
48.7	10.00
48.72	16.00
48.74	14.00
48.76	18.00
48.78	20.00
48.8	12.00
48.82	6.00
48.84	20.00
48.86	14.00
48.88	6.00
48.9	12.00
48.92	8.00
48.94	12.00
48.96	14.00
48.98	18.00
49	16.00
49.02	8.00
49.04	10.00
49.06	12.00
49.08	10.00
49.1	6.00
49.12	14.00
49.14	10.00
49.16	18.00
49.18	14.00
49.2	6.00
49.22	16.00
49.24	12.00
49.26	12.00
49.28	10.00
49.3	6.00
49.32	8.00
49.34	14.00
49.36	6.00
49.38	10.00
49.4	12.00
49.42	16.00
49.44	14.00
49.46	8.00
49.48	8.00
49.5	16.00
49.52	10.00
49.54	14.00
49.56	16.00
49.58	12.00
49.6	10.00
49.62	10.00
49.64	8.00
49.66	10.00
49.68	12.00
49.7	8.00
49.72	12.00
49.74	18.00
49.76	18.00
49.78	6.00
49.8	8.00
49.82	12.00
49.84	6.00
49.86	10.00
49.88	12.00
49.9	10.00
49.92	6.00
49.94	14.00
49.96	10.00
49.98	14.00
50	16.00
50.02	12.00
50.04	16.00
50.06	6.00
50.08	10.00
50.1	16.00
50.12	12.00
50.14	8.00
50.16	8.00
50.18	12.00
50.2	12.00
50.22	10.00
50.24	12.00
50.26	12.00
50.28	12.00
50.3	10.00
50.32	8.00
50.34	20.00
50.36	10.00
50.38	10.00
50.4	10.00
50.42	14.00
50.44	8.00
50.46	10.00
50.48	12.00
50.5	8.00
50.52	16.00
50.54	12.00
50.56	14.00
50.58	12.00
50.6	6.00
50.62	8.00
50.64	12.00
50.66	6.00
50.68	14.00
50.7	6.00
50.72	12.00
50.74	6.00
50.76	8.00
50.78	16.00
50.8	6.00
50.82	4.00
50.84	10.00
50.86	12.00
50.88	14.00
50.9	14.00
50.92	12.00
50.94	6.00
50.96	12.00
50.98	16.00
51	12.00
51.02	10.00
51.04	10.00
51.06	18.00
51.08	6.00
51.1	12.00
51.12	16.00
51.14	6.00
51.16	10.00
51.18	20.00
51.2	10.00
51.22	10.00
51.24	18.00
51.26	12.00
51.28	16.00
51.3	10.00
51.32	16.00
51.34	14.00
51.36	10.00
51.38	8.00
51.4	14.00
51.42	8.00
51.44	8.00
51.46	18.00
51.48	12.00
51.5	8.00
51.52	10.00
51.54	14.00
51.56	12.00
51.58	8.00
51.6	8.00
51.62	12.00
51.64	8.00
51.66	10.00
51.68	10.00
51.7	12.00
51.72	12.00
51.74	16.00
51.76	8.00
51.78	10.00
51.8	12.00
51.82	12.00
51.84	14.00
51.86	10.00
51.88	10.00
51.9	12.00
51.92	14.00
51.94	4.00
51.96	8.00
51.98	12.00
52	12.00
52.02	14.00
52.04	16.00
52.06	10.00
52.08	12.00
52.1	8.00
52.12	14.00
52.14	16.00
52.16	8.00
52.18	12.00
52.2	16.00
52.22	12.00
52.24	10.00
52.26	12.00
52.28	6.00
52.3	6.00
52.32	8.00
52.34	6.00
52.36	12.00
52.38	8.00
52.4	14.00
52.42	10.00
52.44	10.00
52.46	8.00
52.48	12.00
52.5	12.00
52.52	12.00
52.54	8.00
52.56	16.00
52.58	12.00
52.6	16.00
52.62	16.00
52.64	12.00
52.66	20.00
52.68	18.00
52.7	18.00
52.72	22.00
52.74	28.00
52.76	32.00
52.78	32.00
52.8	44.00
52.82	32.00
52.84	38.00
52.86	30.00
52.88	42.00
52.9	46.00
52.92	46.00
52.94	22.00
52.96	40.00
52.98	28.00
53	42.00
53.02	48.00
53.04	34.00
53.06	28.00
53.08	32.00
53.1	28.00
53.12	16.00
53.14	20.00
53.16	20.00
53.18	14.00
53.2	22.00
53.22	20.00
53.24	16.00
53.26	12.00
53.28	8.00
53.3	8.00
53.32	8.00
53.34	14.00
53.36	10.00
53.38	14.00
53.4	8.00
53.42	12.00
53.44	10.00
53.46	16.00
53.48	16.00
53.5	10.00
53.52	14.00
53.54	10.00
53.56	8.00
53.58	12.00
53.6	4.00
53.62	12.00
53.64	14.00
53.66	8.00
53.68	10.00
53.7	12.00
53.72	20.00
53.74	12.00
53.76	12.00
53.78	16.00
53.8	12.00
53.82	10.00
53.84	10.00
53.86	10.00
53.88	8.00
53.9	8.00
53.92	8.00
53.94	14.00
53.96	12.00
53.98	14.00
54	14.00
54.02	16.00
54.04	6.00
54.06	10.00
54.08	10.00
54.1	8.00
54.12	12.00
54.14	12.00
54.16	4.00
54.18	20.00
54.2	12.00
54.22	10.00
54.24	18.00
54.26	12.00
54.28	10.00
54.3	14.00
54.32	14.00
54.34	14.00
54.36	10.00
54.38	10.00
54.4	12.00
54.42	12.00
54.44	12.00
54.46	6.00
54.48	18.00
54.5	8.00
54.52	8.00
54.54	8.00
54.56	16.00
54.58	14.00
54.6	14.00
54.62	8.00
54.64	14.00
54.66	10.00
54.68	18.00
54.7	6.00
54.72	16.00
54.74	20.00
54.76	6.00
54.78	12.00
54.8	14.00
54.82	10.00
54.84	10.00
54.86	12.00
54.88	8.00
54.9	10.00
54.92	16.00
54.94	12.00
54.96	10.00
54.98	14.00
55	20.00
55.02	12.00
55.04	8.00
55.06	14.00
55.08	12.00
55.1	10.00
55.12	12.00
55.14	10.00
55.16	10.00
55.18	8.00
55.2	6.00
55.22	12.00
55.24	10.00
55.26	8.00
55.28	12.00
55.3	12.00
55.32	12.00
55.34	12.00
55.36	18.00
55.38	10.00
55.4	12.00
55.42	10.00
55.44	6.00
55.46	10.00
55.48	10.00
55.5	14.00
55.52	14.00
55.54	14.00
55.56	12.00
55.58	8.00
55.6	12.00
55.62	14.00
55.64	12.00
55.66	10.00
55.68	8.00
55.7	8.00
55.72	8.00
55.74	12.00
55.76	10.00
55.78	16.00
55.8	16.00
55.82	12.00
55.84	10.00
55.86	12.00
55.88	14.00
55.9	14.00
55.92	14.00
55.94	12.00
55.96	18.00
55.98	4.00
56	14.00
56.02	10.00
56.04	20.00
56.06	10.00
56.08	14.00
56.1	8.00
56.12	6.00
56.14	14.00
56.16	12.00
56.18	20.00
56.2	12.00
56.22	10.00
56.24	14.00
56.26	12.00
56.28	12.00
56.3	12.00
56.32	16.00
56.34	20.00
56.36	10.00
56.38	10.00
56.4	16.00
56.42	14.00
56.44	8.00
56.46	10.00
56.48	10.00
56.5	8.00
56.52	10.00
56.54	12.00
56.56	8.00
56.58	6.00
56.6	10.00
56.62	6.00
56.64	8.00
56.66	10.00
56.68	8.00
56.7	14.00
56.72	12.00
56.74	10.00
56.76	16.00
56.78	6.00
56.8	8.00
56.82	14.00
56.84	14.00
56.86	16.00
56.88	12.00
56.9	6.00
56.92	6.00
56.94	12.00
56.96	12.00
56.98	8.00
57	12.00
57.02	14.00
57.04	12.00
57.06	12.00
57.08	10.00
57.1	8.00
57.12	16.00
57.14	8.00
57.16	10.00
57.18	14.00
57.2	10.00
57.22	16.00
57.24	14.00
57.26	8.00
57.28	4.00
57.3	16.00
57.32	14.00
57.34	14.00
57.36	12.00
57.38	18.00
57.4	8.00
57.42	8.00
57.44	18.00
57.46	18.00
57.48	8.00
57.5	12.00
57.52	12.00
57.54	14.00
57.56	10.00
57.58	12.00
57.6	16.00
57.62	16.00
57.64	12.00
57.66	18.00
57.68	20.00
57.7	8.00
57.72	14.00
57.74	10.00
57.76	14.00
57.78	12.00
57.8	14.00
57.82	16.00
57.84	14.00
57.86	16.00
57.88	10.00
57.9	12.00
57.92	10.00
57.94	18.00
57.96	12.00
57.98	12.00
58	10.00
58.02	12.00
58.04	14.00
58.06	6.00
58.08	14.00
58.1	18.00
58.12	14.00
58.14	14.00
58.16	10.00
58.18	18.00
58.2	6.00
58.22	12.00
58.24	14.00
58.26	18.00
58.28	8.00
58.3	14.00
58.32	18.00
58.34	12.00
58.36	10.00
58.38	10.00
58.4	20.00
58.42	8.00
58.44	10.00
58.46	16.00
58.48	10.00
58.5	10.00
58.52	12.00
58.54	18.00
58.56	8.00
58.58	10.00
58.6	12.00
58.62	12.00
58.64	12.00
58.66	14.00
58.68	8.00
58.7	14.00
58.72	10.00
58.74	10.00
58.76	12.00
58.78	8.00
58.8	8.00
58.82	12.00
58.84	10.00
58.86	12.00
58.88	12.00
58.9	14.00
58.92	6.00
58.94	16.00
58.96	16.00
58.98	14.00
59	10.00
59.02	16.00
59.04	12.00
59.06	14.00
59.08	10.00
59.1	22.00
59.12	10.00
59.14	12.00
59.16	16.00
59.18	14.00
59.2	14.00
59.22	10.00
59.24	4.00
59.26	6.00
59.28	10.00
59.3	8.00
59.32	6.00
59.34	10.00
59.36	14.00
59.38	12.00
59.4	12.00
59.42	12.00
59.44	8.00
59.46	14.00
59.48	12.00
59.5	14.00
59.52	14.00
59.54	14.00
59.56	14.00
59.58	18.00
59.6	18.00
59.62	16.00
59.64	14.00
59.66	10.00
59.68	8.00
59.7	6.00
59.72	20.00
59.74	14.00
59.76	14.00
59.78	14.00
59.8	8.00
59.82	12.00
59.84	16.00
59.86	14.00
59.88	10.00
59.9	12.00
59.92	16.00
59.94	10.00
59.96	10.00
59.98	18.00
60	10.00
60.02	12.00
60.04	6.00
60.06	14.00
60.08	12.00
60.1	8.00
60.12	16.00
60.14	12.00
60.16	12.00
60.18	12.00
60.2	10.00
60.22	12.00
60.24	16.00
60.26	14.00
60.28	12.00
60.3	6.00
60.32	8.00
60.34	18.00
60.36	12.00
60.38	18.00
60.4	16.00
60.42	6.00
60.44	14.00
60.46	14.00
60.48	14.00
60.5	16.00
60.52	10.00
60.54	14.00
60.56	8.00
60.58	12.00
60.6	16.00
60.62	12.00
60.64	18.00
60.66	14.00
60.68	10.00
60.7	18.00
60.72	14.00
60.74	14.00
60.76	12.00
60.78	14.00
60.8	12.00
60.82	10.00
60.84	12.00
60.86	8.00
60.88	10.00
60.9	12.00
60.92	6.00
60.94	10.00
60.96	4.00
60.98	12.00
61	16.00
61.02	8.00
61.04	10.00
61.06	12.00
61.08	10.00
61.1	24.00
61.12	10.00
61.14	16.00
61.16	12.00
61.18	12.00
61.2	8.00
61.22	4.00
61.24	14.00
61.26	14.00
61.28	6.00
61.3	6.00
61.32	14.00
61.34	12.00
61.36	16.00
61.38	8.00
61.4	10.00
61.42	8.00
61.44	12.00
61.46	10.00
61.48	14.00
61.5	8.00
61.52	14.00
61.54	10.00
61.56	6.00
61.58	14.00
61.6	18.00
61.62	14.00
61.64	14.00
61.66	12.00
61.68	18.00
61.7	6.00
61.72	14.00
61.74	14.00
61.76	8.00
61.78	10.00
61.8	16.00
61.82	18.00
61.84	12.00
61.86	12.00
61.88	6.00
61.9	14.00
61.92	10.00
61.94	12.00
61.96	10.00
61.98	12.00
62	10.00
62.02	12.00
62.04	6.00
62.06	10.00
62.08	6.00
62.1	10.00
62.12	8.00
62.14	16.00
62.16	12.00
62.18	10.00
62.2	14.00
62.22	4.00
62.24	10.00
62.26	14.00
62.28	12.00
62.3	10.00
62.32	12.00
62.34	10.00
62.36	10.00
62.38	10.00
62.4	14.00
62.42	14.00
62.44	10.00
62.46	16.00
62.48	8.00
62.5	10.00
62.52	10.00
62.54	12.00
62.56	12.00
62.58	16.00
62.6	14.00
62.62	16.00
62.64	10.00
62.66	6.00
62.68	16.00
62.7	10.00
62.72	16.00
62.74	12.00
62.76	16.00
62.78	14.00
62.8	10.00
62.82	12.00
62.84	18.00
62.86	6.00
62.88	8.00
62.9	10.00
62.92	10.00
62.94	10.00
62.96	20.00
62.98	12.00
63	14.00
63.02	12.00
63.04	12.00
63.06	8.00
63.08	14.00
63.1	14.00
63.12	16.00
63.14	16.00
63.16	14.00
63.18	18.00
63.2	12.00
63.22	12.00
63.24	10.00
63.26	8.00
63.28	14.00
63.3	10.00
63.32	14.00
63.34	16.00
63.36	10.00
63.38	12.00
63.4	10.00
63.42	14.00
63.44	14.00
63.46	6.00
63.48	14.00
63.5	14.00
63.52	8.00
63.54	14.00
63.56	16.00
63.58	20.00
63.6	8.00
63.62	12.00
63.64	16.00
63.66	10.00
63.68	14.00
63.7	8.00
63.72	14.00
63.74	14.00
63.76	8.00
63.78	14.00
63.8	8.00
63.82	10.00
63.84	12.00
63.86	10.00
63.88	16.00
63.9	12.00
63.92	12.00
63.94	6.00
63.96	8.00
63.98	16.00
64	16.00
64.02	12.00
64.04	14.00
64.06	14.00
64.08	12.00
64.1	8.00
64.12	16.00
64.14	16.00
64.16	10.00
64.18	8.00
64.2	12.00
64.22	8.00
64.24	14.00
64.26	12.00
64.28	12.00
64.3	6.00
64.32	10.00
64.34	12.00
64.36	12.00
64.38	8.00
64.4	4.00
64.42	14.00
64.44	8.00
64.46	10.00
64.48	16.00
64.5	12.00
64.52	12.00
64.54	6.00
64.56	12.00
64.58	14.00
64.6	10.00
64.62	14.00
64.64	14.00
64.66	10.00
64.68	8.00
64.7	16.00
64.72	10.00
64.74	8.00
64.76	14.00
64.78	14.00
64.8	10.00
64.82	8.00
64.84	8.00
64.86	16.00
64.88	10.00
64.9	8.00
64.92	8.00
64.94	16.00
64.96	10.00
64.98	10.00
65	10.00
65.02	14.00
65.04	10.00
65.06	14.00
65.08	10.00
65.1	10.00
65.12	8.00
65.14	8.00
65.16	18.00
65.18	16.00
65.2	6.00
65.22	8.00
65.24	12.00
65.26	10.00
65.28	14.00
65.3	10.00
65.32	10.00
65.34	8.00
65.36	2.00
65.38	6.00
65.4	12.00
65.42	8.00
65.44	6.00
65.46	14.00
65.48	16.00
65.5	16.00
65.52	8.00
65.54	8.00
65.56	14.00
65.58	10.00
65.6	8.00
65.62	8.00
65.64	8.00
65.66	10.00
65.68	16.00
65.7	12.00
65.72	10.00
65.74	6.00
65.76	10.00
65.78	16.00
65.8	14.00
65.82	10.00
65.84	14.00
65.86	8.00
65.88	4.00
65.9	14.00
65.92	14.00
65.94	8.00
65.96	14.00
65.98	12.00
66	6.00
66.02	14.00
66.04	8.00
66.06	8.00
66.08	6.00
66.1	14.00
66.12	10.00
66.14	12.00
66.16	10.00
66.18	10.00
66.2	6.00
66.22	14.00
66.24	12.00
66.26	6.00
66.28	12.00
66.3	14.00
66.32	14.00
66.34	10.00
66.36	10.00
66.38	10.00
66.4	10.00
66.42	12.00
66.44	6.00
66.46	14.00
66.48	8.00
66.5	10.00
66.52	12.00
66.54	10.00
66.56	14.00
66.58	18.00
66.6	10.00
66.62	14.00
66.64	10.00
66.66	8.00
66.68	14.00
66.7	8.00
66.72	12.00
66.74	14.00
66.76	12.00
66.78	8.00
66.8	14.00
66.82	10.00
66.84	8.00
66.86	6.00
66.88	16.00
66.9	10.00
66.92	14.00
66.94	8.00
66.96	12.00
66.98	16.00
67	16.00
67.02	12.00
67.04	12.00
67.06	16.00
67.08	14.00
67.1	16.00
67.12	14.00
67.14	28.00
67.16	16.00
67.18	18.00
67.2	12.00
67.22	18.00
67.24	22.00
67.26	26.00
67.28	26.00
67.3	34.00
67.32	42.00
67.34	42.00
67.36	58.00
67.38	68.00
67.4	86.00
67.42	132.00
67.44	150.00
67.46	196.00
67.48	218.00
67.5	244.00
67.52	228.00
67.54	284.00
67.56	282.00
67.58	290.00
67.6	296.00
67.62	338.00
67.64	306.00
67.66	318.00
67.68	374.00
67.7	372.00
67.72	336.00
67.74	290.00
67.76	250.00
67.78	214.00
67.8	188.00
67.82	182.00
67.84	166.00
67.86	164.00
67.88	140.00
67.9	130.00
67.92	110.00
67.94	68.00
67.96	70.00
67.98	56.00
68	56.00
68.02	36.00
68.04	22.00
68.06	26.00
68.08	28.00
68.1	20.00
68.12	22.00
68.14	22.00
68.16	18.00
68.18	16.00
68.2	14.00
68.22	24.00
68.24	16.00
68.26	18.00
68.28	16.00
68.3	12.00
68.32	16.00
68.34	14.00
68.36	16.00
68.38	16.00
68.4	16.00
68.42	16.00
68.44	10.00
68.46	12.00
68.48	10.00
68.5	12.00
68.52	14.00
68.54	22.00
68.56	14.00
68.58	12.00
68.6	12.00
68.62	6.00
68.64	12.00
68.66	10.00
68.68	10.00
68.7	14.00
68.72	8.00
68.74	8.00
68.76	10.00
68.78	14.00
68.8	10.00
68.82	6.00
68.84	10.00
68.86	8.00
68.88	4.00
68.9	10.00
68.92	10.00
68.94	12.00
68.96	6.00
68.98	6.00
69	8.00
69.02	10.00
69.04	8.00
69.06	8.00
69.08	12.00
69.1	12.00
69.12	12.00
69.14	10.00
69.16	14.00
69.18	10.00
69.2	12.00
69.22	14.00
69.24	12.00
69.26	12.00
69.28	12.00
69.3	12.00
69.32	14.00
69.34	12.00
69.36	10.00
69.38	12.00
69.4	8.00
69.42	8.00
69.44	14.00
69.46	12.00
69.48	12.00
69.5	4.00
69.52	12.00
69.54	12.00
69.56	8.00
69.58	10.00
69.6	14.00
69.62	10.00
69.64	12.00
69.66	8.00
69.68	10.00
69.7	10.00
69.72	8.00
69.74	20.00
69.76	10.00
69.78	6.00
69.8	10.00
69.82	12.00
69.84	12.00
69.86	8.00
69.88	8.00
69.9	10.00
69.92	10.00
69.94	14.00
69.96	10.00
69.98	6.00
70	12.00
70.02	10.00
70.04	10.00
70.06	10.00
70.08	10.00
70.1	12.00
70.12	10.00
70.14	8.00
70.16	12.00
70.18	12.00
70.2	12.00
70.22	6.00
70.24	6.00
70.26	18.00
70.28	8.00
70.3	14.00
70.32	8.00
70.34	6.00
70.36	6.00
70.38	14.00
70.4	10.00
70.42	10.00
70.44	8.00
70.46	10.00
70.48	4.00
70.5	6.00
70.52	6.00
70.54	12.00
70.56	6.00
70.58	12.00
70.6	12.00
70.62	16.00
70.64	6.00
70.66	14.00
70.68	12.00
70.7	14.00
70.72	4.00
70.74	8.00
70.76	16.00
70.78	8.00
70.8	10.00
70.82	6.00
70.84	10.00
70.86	8.00
70.88	8.00
70.9	8.00
70.92	12.00
70.94	8.00
70.96	8.00
70.98	2.00
71	16.00
71.02	10.00
71.04	10.00
71.06	4.00
71.08	8.00
71.1	8.00
71.12	18.00
71.14	12.00
71.16	14.00
71.18	10.00
71.2	10.00
71.22	6.00
71.24	8.00
71.26	10.00
71.28	12.00
71.3	6.00
71.32	6.00
71.34	10.00
71.36	14.00
71.38	10.00
71.4	8.00
71.42	10.00
71.44	12.00
71.46	8.00
71.48	4.00
71.5	12.00
71.52	12.00
71.54	8.00
71.56	4.00
71.58	18.00
71.6	4.00
71.62	12.00
71.64	8.00
71.66	2.00
71.68	8.00
71.7	12.00
71.72	8.00
71.74	12.00
71.76	10.00
71.78	12.00
71.8	14.00
71.82	4.00
71.84	12.00
71.86	6.00
71.88	6.00
71.9	8.00
71.92	8.00
71.94	10.00
71.96	10.00
71.98	10.00
72	12.00
72.02	10.00
72.04	8.00
72.06	12.00
72.08	10.00
72.1	12.00
72.12	10.00
72.14	10.00
72.16	10.00
72.18	6.00
72.2	6.00
72.22	6.00
72.24	8.00
72.26	6.00
72.28	10.00
72.3	8.00
72.32	10.00
72.34	12.00
72.36	6.00
72.38	4.00
72.4	10.00
72.42	12.00
72.44	8.00
72.46	8.00
72.48	4.00
72.5	10.00
72.52	10.00
72.54	6.00
72.56	6.00
72.58	4.00
72.6	12.00
72.62	10.00
72.64	10.00
72.66	6.00
72.68	10.00
72.7	10.00
72.72	12.00
72.74	8.00
72.76	8.00
72.78	8.00
72.8	8.00
72.82	14.00
72.84	14.00
72.86	6.00
72.88	10.00
72.9	6.00
72.92	4.00
72.94	6.00
72.96	8.00
72.98	14.00
73	10.00
73.02	6.00
73.04	10.00
73.06	10.00
73.08	8.00
73.1	4.00
73.12	8.00
73.14	6.00
73.16	10.00
73.18	4.00
73.2	10.00
73.22	10.00
73.24	14.00
73.26	6.00
73.28	14.00
73.3	6.00
73.32	6.00
73.34	10.00
73.36	10.00
73.38	6.00
73.4	8.00
73.42	6.00
73.44	6.00
73.46	4.00
73.48	16.00
73.5	10.00
73.52	8.00
73.54	12.00
73.56	8.00
73.58	8.00
73.6	4.00
73.62	10.00
73.64	4.00
73.66	8.00
73.68	6.00
73.7	4.00
73.72	16.00
73.74	10.00
73.76	6.00
73.78	10.00
73.8	10.00
73.82	6.00
73.84	10.00
73.86	12.00
73.88	10.00
73.9	10.00
73.92	6.00
73.94	10.00
73.96	8.00
73.98	10.00
74	10.00
74.02	12.00
74.04	6.00
74.06	4.00
74.08	6.00
74.1	8.00
74.12	12.00
74.14	10.00
74.16	6.00
74.18	12.00
74.2	10.00
74.22	10.00
74.24	6.00
74.26	12.00
74.28	8.00
74.3	12.00
74.32	6.00
74.34	8.00
74.36	6.00
74.38	6.00
74.4	8.00
74.42	10.00
74.44	12.00
74.46	10.00
74.48	6.00
74.5	6.00
74.52	10.00
74.54	16.00
74.56	8.00
74.58	4.00
74.6	8.00
74.62	10.00
74.64	14.00
74.66	6.00
74.68	8.00
74.7	10.00
74.72	8.00
74.74	12.00
74.76	0.00
74.78	6.00
74.8	14.00
74.82	6.00
74.84	10.00
74.86	4.00
74.88	10.00
74.9	10.00
74.92	4.00
74.94	6.00
74.96	8.00
74.98	6.00
75	8.00
75.02	10.00
75.04	10.00
75.06	10.00
75.08	6.00
75.1	4.00
75.12	6.00
75.14	6.00
75.16	10.00
75.18	14.00
75.2	8.00
75.22	4.00
75.24	10.00
75.26	10.00
75.28	14.00
75.3	8.00
75.32	10.00
75.34	10.00
75.36	12.00
75.38	6.00
75.4	10.00
75.42	10.00
75.44	12.00
75.46	4.00
75.48	4.00
75.5	2.00
75.52	4.00
75.54	10.00
75.56	8.00
75.58	12.00
75.6	12.00
75.62	8.00
75.64	14.00
75.66	4.00
75.68	10.00
75.7	8.00
75.72	8.00
75.74	10.00
75.76	4.00
75.78	10.00
75.8	6.00
75.82	12.00
75.84	6.00
75.86	8.00
75.88	10.00
75.9	8.00
75.92	10.00
75.94	8.00
75.96	2.00
75.98	10.00
76	10.00
76.02	10.00
76.04	12.00
76.06	8.00
76.08	8.00
76.1	10.00
76.12	4.00
76.14	4.00
76.16	6.00
76.18	12.00
76.2	8.00
76.22	14.00
76.24	6.00
76.26	10.00
76.28	2.00
76.3	6.00
76.32	14.00
76.34	6.00
76.36	6.00
76.38	8.00
76.4	8.00
76.42	12.00
76.44	12.00
76.46	12.00
76.48	6.00
76.5	8.00
76.52	2.00
76.54	10.00
76.56	10.00
76.58	8.00
76.6	14.00
76.62	10.00
76.64	4.00
76.66	6.00
76.68	10.00
76.7	6.00
76.72	4.00
76.74	4.00
76.76	14.00
76.78	6.00
76.8	2.00
76.82	6.00
76.84	8.00
76.86	8.00
76.88	4.00
76.9	12.00
76.92	8.00
76.94	6.00
76.96	8.00
76.98	10.00
77	8.00
77.02	6.00
77.04	4.00
77.06	4.00
77.08	8.00
77.1	6.00
77.12	10.00
77.14	8.00
77.16	8.00
77.18	10.00
77.2	6.00
77.22	14.00
77.24	6.00
77.26	8.00
77.28	6.00
77.3	6.00
77.32	6.00
77.34	4.00
77.36	8.00
77.38	4.00
77.4	16.00
77.42	8.00
77.44	8.00
77.46	6.00
77.48	6.00
77.5	4.00
77.52	8.00
77.54	4.00
77.56	8.00
77.58	10.00
77.6	10.00
77.62	4.00
77.64	8.00
77.66	10.00
77.68	6.00
77.7	6.00
77.72	6.00
77.74	6.00
77.76	8.00
77.78	10.00
77.8	8.00
77.82	8.00
77.84	6.00
77.86	6.00
77.88	6.00
77.9	12.00
77.92	12.00
77.94	4.00
77.96	12.00
77.98	6.00
78	6.00
78.02	14.00
78.04	16.00
78.06	6.00
78.08	6.00
78.1	4.00
78.12	8.00
78.14	10.00
78.16	4.00
78.18	10.00
78.2	4.00
78.22	10.00
78.24	4.00
78.26	4.00
78.28	8.00
78.3	4.00
78.32	8.00
78.34	8.00
78.36	2.00
78.38	10.00
78.4	6.00
78.42	8.00
78.44	2.00
78.46	12.00
78.48	10.00
78.5	8.00
78.52	12.00
78.54	12.00
78.56	2.00
78.58	4.00
78.6	2.00
78.62	8.00
78.64	6.00
78.66	12.00
78.68	6.00
78.7	6.00
78.72	8.00
78.74	10.00
78.76	10.00
78.78	4.00
78.8	6.00
78.82	4.00
78.84	2.00
78.86	4.00
78.88	6.00
78.9	4.00
78.92	10.00
78.94	6.00
78.96	6.00
78.98	8.00
79	8.00
79.02	8.00
79.04	6.00
79.06	8.00
79.08	2.00
79.1	8.00
79.12	10.00
79.14	12.00
79.16	4.00
79.18	6.00
79.2	8.00
79.22	6.00
79.24	8.00
79.26	4.00
79.28	8.00
79.3	8.00
79.32	6.00
79.34	10.00
79.36	6.00
79.38	14.00
79.4	10.00
79.42	12.00
79.44	12.00
79.46	6.00
79.48	8.00
79.5	4.00
79.52	6.00
79.54	2.00
79.56	10.00
79.58	4.00
79.6	6.00
79.62	12.00
79.64	4.00
79.66	6.00
79.68	10.00
79.7	6.00
79.72	12.00
79.74	12.00
79.76	6.00
79.78	10.00
79.8	2.00
79.82	6.00
79.84	8.00
79.86	10.00
79.88	4.00
79.9	8.00
79.92	12.00
79.94	4.00
79.96	8.00
79.98	6.00
80	2.00
