test
Wavelength = 1.54059
10	12.00
10.02	12.00
10.04	4.00
10.06	10.00
10.08	10.00
10.1	4.00
10.12	8.00
10.14	8.00
10.16	8.00
10.18	10.00
10.2	10.00
10.22	6.00
10.24	8.00
10.26	12.00
10.28	10.00
10.3	8.00
10.32	10.00
10.34	6.00
10.36	8.00
10.38	10.00
10.4	8.00
10.42	8.00
10.44	8.00
10.46	2.00
10.48	14.00
10.5	8.00
10.52	10.00
10.54	12.00
10.56	6.00
10.58	6.00
10.6	6.00
10.62	8.00
10.64	6.00
10.66	12.00
10.68	8.00
10.7	8.00
10.72	8.00
10.74	10.00
10.76	8.00
10.78	6.00
10.8	10.00
10.82	10.00
10.84	14.00
10.86	8.00
10.88	10.00
10.9	8.00
10.92	8.00
10.94	10.00
10.96	10.00
10.98	10.00
11	12.00
11.02	12.00
11.04	6.00
11.06	14.00
11.08	6.00
11.1	12.00
11.12	8.00
11.14	8.00
11.16	8.00
11.18	12.00
11.2	4.00
11.22	6.00
11.24	10.00
11.26	6.00
11.28	6.00
11.3	10.00
11.32	16.00
11.34	8.00
11.36	6.00
11.38	6.00
11.4	6.00
11.42	10.00
11.44	6.00
11.46	8.00
11.48	6.00
11.5	8.00
11.52	6.00
11.54	8.00
11.56	4.00
11.58	6.00
11.6	4.00
11.62	12.00
11.64	4.00
11.66	8.00
11.68	12.00
11.7	12.00
11.72	10.00
11.74	10.00
11.76	14.00
11.78	2.00
11.8	8.00
11.82	14.00
11.84	8.00
11.86	14.00
11.88	16.00
11.9	6.00
11.92	6.00
11.94	6.00
11.96	14.00
11.98	16.00
12	14.00
12.02	10.00
12.04	14.00
12.06	24.00
12.08	16.00
12.1	26.00
12.12	16.00
12.14	18.00
12.16	14.00
12.18	12.00
12.2	24.00
12.22	24.00
12.24	24.00
12.26	40.00
12.28	42.00
12.3	42.00
12.32	46.00
12.34	28.00
12.36	56.00
12.38	52.00
12.4	70.00
12.42	62.00
12.44	74.00
12.46	106.00
12.48	104.00
12.5	110.00
12.52	140.00
12.54	166.00
12.56	150.00
12.58	230.00
12.6	240.00
12.62	270.00
12.64	268.00
12.66	308.00
12.68	344.00
12.7	354.00
12.72	366.00
12.74	390.00
12.76	398.00
12.78	352.00
12.8	410.00
12.82	348.00
12.84	342.00
12.86	376.00
12.88	314.00
12.9	304.00
12.92	282.00
12.94	242.00
12.96	182.00
12.98	140.00
13	108.00
13.02	70.00
13.04	42.00
13.06	46.00
13.08	36.00
13.1	34.00
13.12	32.00
13.14	22.00
13.16	12.00
13.18	12.00
13.2	14.00
13.22	16.00
13.24	14.00
13.26	14.00
13.28	6.00
13.3	12.00
13.32	6.00
13.34	14.00
13.36	10.00
13.38	16.00
13.4	14.00
13.42	6.00
13.44	8.00
13.46	6.00
13.48	14.00
13.5	12.00
13.52	12.00
13.54	6.00
13.56	6.00
13.58	6.00
13.6	8.00
13.62	4.00
13.64	8.00
13.66	12.00
13.68	4.00
13.7	8.00
13.72	8.00
13.74	6.00
13.76	4.00
13.78	10.00
13.8	4.00
13.82	8.00
13.84	6.00
13.86	6.00
13.88	8.00
13.9	6.00
13.92	8.00
13.94	8.00
13.96	8.00
13.98	10.00
14	6.00
14.02	4.00
14.04	6.00
14.06	6.00
14.08	6.00
14.1	2.00
14.12	8.00
14.14	10.00
14.16	10.00
14.18	14.00
14.2	8.00
14.22	6.00
14.24	8.00
14.26	4.00
14.28	6.00
14.3	8.00
14.32	4.00
14.34	4.00
14.36	10.00
14.38	6.00
14.4	8.00
14.42	8.00
14.44	8.00
14.46	8.00
14.48	14.00
14.5	8.00
14.52	4.00
14.54	10.00
14.56	6.00
14.58	8.00
14.6	4.00
14.62	10.00
14.64	10.00
14.66	12.00
14.68	10.00
14.7	8.00
14.72	12.00
14.74	10.00
14.76	10.00
14.78	2.00
14.8	10.00
14.82	8.00
14.84	2.00
14.86	4.00
14.88	4.00
14.9	6.00
14.92	4.00
14.94	16.00
14.96	6.00
14.98	8.00
15	4.00
15.02	10.00
15.04	12.00
15.06	12.00
15.08	8.00
15.1	4.00
15.12	6.00
15.14	8.00
15.16	4.00
15.18	6.00
15.2	8.00
15.22	10.00
15.24	4.00
15.26	10.00
15.28	6.00
15.3	4.00
15.32	8.00
15.34	8.00
15.36	8.00
15.38	8.00
15.4	6.00
15.42	6.00
15.44	2.00
15.46	4.00
15.48	8.00
15.5	8.00
15.52	6.00
15.54	8.00
15.56	6.00
15.58	6.00
15.6	8.00
15.62	6.00
15.64	10.00
15.66	8.00
15.68	10.00
15.7	12.00
15.72	6.00
15.74	6.00
15.76	10.00
15.78	6.00
15.8	16.00
15.82	10.00
15.84	10.00
15.86	6.00
15.88	4.00
15.9	8.00
15.92	10.00
15.94	4.00
15.96	6.00
15.98	8.00
16	8.00
16.02	4.00
16.04	6.00
16.06	12.00
16.08	4.00
16.1	6.00
16.12	6.00
16.14	6.00
16.16	8.00
16.18	8.00
16.2	12.00
16.22	10.00
16.24	8.00
16.26	8.00
16.28	12.00
16.3	6.00
16.32	6.00
16.34	8.00
16.36	8.00
16.38	14.00
16.4	6.00
16.42	8.00
16.44	8.00
16.46	14.00
16.48	12.00
16.5	10.00
16.52	10.00
16.54	6.00
16.56	6.00
16.58	4.00
16.6	10.00
16.62	10.00
16.64	8.00
16.66	12.00
16.68	6.00
16.7	6.00
16.72	6.00
16.74	6.00
16.76	6.00
16.78	8.00
16.8	10.00
16.82	6.00
16.84	8.00
16.86	10.00
16.88	6.00
16.9	6.00
16.92	12.00
16.94	10.00
16.96	4.00
16.98	12.00
17	8.00
17.02	12.00
17.04	8.00
17.06	8.00
17.08	8.00
17.1	8.00
17.12	6.00
17.14	10.00
17.16	12.00
17.18	12.00
17.2	6.00
17.22	10.00
17.24	6.00
17.26	8.00
17.28	6.00
17.3	12.00
17.32	6.00
17.34	10.00
17.36	10.00
17.38	10.00
17.4	10.00
17.42	6.00
17.44	10.00
17.46	8.00
17.48	10.00
17.5	8.00
17.52	6.00
17.54	6.00
17.56	8.00
17.58	12.00
17.6	8.00
17.62	6.00
17.64	12.00
17.66	6.00
17.68	10.00
17.7	8.00
17.72	6.00
17.74	8.00
17.76	10.00
17.78	10.00
17.8	8.00
17.82	8.00
17.84	4.00
17.86	6.00
17.88	8.00
17.9	6.00
17.92	10.00
17.94	4.00
17.96	8.00
17.98	16.00
18	6.00
18.02	8.00
18.04	4.00
18.06	10.00
18.08	10.00
18.1	4.00
18.12	8.00
18.14	8.00
18.16	14.00
18.18	14.00
18.2	12.00
18.22	4.00
18.24	8.00
18.26	8.00
18.28	10.00
18.3	10.00
18.32	10.00
18.34	10.00
18.36	10.00
18.38	6.00
18.4	8.00
18.42	10.00
18.44	14.00
18.46	6.00
18.48	12.00
18.5	12.00
18.52	6.00
18.54	16.00
18.56	4.00
18.58	6.00
18.6	14.00
18.62	16.00
18.64	12.00
18.66	10.00
18.68	8.00
18.7	10.00
18.72	10.00
18.74	8.00
18.76	18.00
18.78	12.00
18.8	10.00
18.82	10.00
18.84	10.00
18.86	6.00
18.88	12.00
18.9	8.00
18.92	4.00
18.94	18.00
18.96	6.00
18.98	12.00
19	12.00
19.02	10.00
19.04	8.00
19.06	14.00
19.08	10.00
19.1	16.00
19.12	10.00
19.14	12.00
19.16	12.00
19.18	8.00
19.2	6.00
19.22	12.00
19.24	12.00
19.26	14.00
19.28	12.00
19.3	12.00
19.32	10.00
19.34	6.00
19.36	14.00
19.38	10.00
19.4	10.00
19.42	8.00
19.44	16.00
19.46	16.00
19.48	10.00
19.5	10.00
19.52	8.00
19.54	8.00
19.56	12.00
19.58	12.00
19.6	12.00
19.62	6.00
19.64	6.00
19.66	10.00
19.68	12.00
19.7	16.00
19.72	8.00
19.74	10.00
19.76	6.00
19.78	14.00
19.8	12.00
19.82	4.00
19.84	10.00
19.86	12.00
19.88	10.00
19.9	10.00
19.92	10.00
19.94	10.00
19.96	22.00
19.98	10.00
20	10.00
20.02	16.00
20.04	10.00
20.06	14.00
20.08	12.00
20.1	10.00
20.12	14.00
20.14	14.00
20.16	12.00
20.18	12.00
20.2	12.00
20.22	14.00
20.24	12.00
20.26	14.00
20.28	16.00
20.3	8.00
20.32	18.00
20.34	8.00
20.36	14.00
20.38	14.00
20.4	10.00
20.42	12.00
20.44	10.00
20.46	12.00
20.48	10.00
20.5	16.00
20.52	12.00
20.54	24.00
20.56	14.00
20.58	14.00
20.6	8.00
20.62	12.00
20.64	16.00
20.66	26.00
20.68	12.00
20.7	6.00
20.72	18.00
20.74	10.00
20.76	10.00
20.78	12.00
20.8	14.00
20.82	10.00
20.84	10.00
20.86	14.00
20.88	12.00
20.9	8.00
20.92	4.00
20.94	12.00
20.96	16.00
20.98	12.00
21	10.00
21.02	14.00
21.04	6.00
21.06	10.00
21.08	16.00
21.1	8.00
21.12	16.00
21.14	8.00
21.16	16.00
21.18	10.00
21.2	14.00
21.22	12.00
21.24	8.00
21.26	22.00
21.28	8.00
21.3	8.00
21.32	16.00
21.34	12.00
21.36	10.00
21.38	14.00
21.4	16.00
21.42	10.00
21.44	18.00
21.46	10.00
21.48	16.00
21.5	10.00
21.52	12.00
21.54	14.00
21.56	12.00
21.58	10.00
21.6	14.00
21.62	18.00
21.64	12.00
21.66	12.00
21.68	14.00
21.7	8.00
21.72	16.00
21.74	12.00
21.76	16.00
21.78	14.00
21.8	14.00
21.82	8.00
21.84	10.00
21.86	12.00
21.88	14.00
21.9	10.00
21.92	10.00
21.94	18.00
21.96	8.00
21.98	20.00
22	20.00
22.02	14.00
22.04	10.00
22.06	22.00
22.08	16.00
22.1	12.00
22.12	20.00
22.14	20.00
22.16	12.00
22.18	20.00
22.2	12.00
22.22	14.00
22.24	16.00
22.26	16.00
22.28	10.00
22.3	26.00
22.32	18.00
22.34	14.00
22.36	20.00
22.38	14.00
22.4	12.00
22.42	22.00
22.44	14.00
22.46	18.00
22.48	8.00
22.5	18.00
22.52	16.00
22.54	20.00
22.56	14.00
22.58	14.00
22.6	10.00
22.62	10.00
22.64	16.00
22.66	10.00
22.68	18.00
22.7	18.00
22.72	18.00
22.74	16.00
22.76	20.00
22.78	16.00
22.8	24.00
22.82	18.00
22.84	24.00
22.86	14.00
22.88	22.00
22.9	26.00
22.92	26.00
22.94	36.00
22.96	38.00
22.98	28.00
23	42.00
23.02	46.00
23.04	56.00
23.06	54.00
23.08	74.00
23.1	78.00
23.12	102.00
23.14	130.00
23.16	140.00
23.18	142.00
23.2	168.00
23.22	186.00
23.24	198.00
23.26	266.00
23.28	230.00
23.3	260.00
23.32	286.00
23.34	260.00
23.36	242.00
23.38	238.00
23.4	224.00
23.42	240.00
23.44	216.00
23.46	208.00
23.48	190.00
23.5	148.00
23.52	126.00
23.54	96.00
23.56	110.00
23.58	70.00
23.6	74.00
23.62	56.00
23.64	60.00
23.66	38.00
23.68	36.00
23.7	22.00
23.72	28.00
23.74	26.00
23.76	24.00
23.78	16.00
23.8	22.00
23.82	20.00
23.84	14.00
23.86	22.00
23.88	20.00
23.9	20.00
23.92	20.00
23.94	14.00
23.96	16.00
23.98	32.00
24	16.00
24.02	16.00
24.04	22.00
24.06	14.00
24.08	12.00
24.1	18.00
24.12	20.00
24.14	14.00
24.16	18.00
24.18	12.00
24.2	16.00
24.22	24.00
24.24	12.00
24.26	20.00
24.28	18.00
24.3	16.00
24.32	14.00
24.34	20.00
24.36	18.00
24.38	22.00
24.4	12.00
24.42	14.00
24.44	24.00
24.46	14.00
24.48	16.00
24.5	12.00
24.52	18.00
24.54	14.00
24.56	14.00
24.58	14.00
24.6	18.00
24.62	16.00
24.64	14.00
24.66	20.00
24.68	16.00
24.7	12.00
24.72	16.00
24.74	16.00
24.76	16.00
24.78	16.00
24.8	12.00
24.82	14.00
24.84	18.00
24.86	20.00
24.88	28.00
24.9	22.00
24.92	18.00
24.94	26.00
24.96	18.00
24.98	22.00
25	28.00
25.02	26.00
25.04	28.00
25.06	20.00
25.08	28.00
25.1	32.00
25.12	24.00
25.14	26.00
25.16	26.00
25.18	30.00
25.2	36.00
25.22	28.00
25.24	34.00
25.26	38.00
25.28	48.00
25.3	56.00
25.32	78.00
25.34	62.00
25.36	80.00
25.38	90.00
25.4	120.00
25.42	126.00
25.44	168.00
25.46	184.00
25.48	204.00
25.5	248.00
25.52	276.00
25.54	362.00
25.56	446.00
25.58	484.00
25.6	514.00
25.62	564.00
25.64	586.00
25.66	630.00
25.68	650.00
25.7	656.00
25.72	648.00
25.74	666.00
25.76	668.00
25.78	618.00
25.8	610.00
25.82	544.00
25.84	516.00
25.86	486.00
25.88	434.00
25.9	334.00
25.92	322.00
25.94	236.00
25.96	232.00
25.98	184.00
26	134.00
26.02	124.00
26.04	114.00
26.06	118.00
26.08	94.00
26.1	68.00
26.12	60.00
26.14	60.00
26.16	56.00
26.18	44.00
26.2	38.00
26.22	28.00
26.24	24.00
26.26	34.00
26.28	26.00
26.3	30.00
26.32	24.00
26.34	24.00
26.36	24.00
26.38	22.00
26.4	18.00
26.42	26.00
26.44	16.00
26.46	24.00
26.48	24.00
26.5	16.00
26.52	16.00
26.54	22.00
26.56	12.00
26.58	8.00
26.6	20.00
26.62	18.00
26.64	20.00
26.66	16.00
26.68	24.00
26.7	20.00
26.72	14.00
26.74	16.00
26.76	14.00
26.78	16.00
26.8	16.00
26.82	28.00
26.84	24.00
26.86	18.00
26.88	24.00
26.9	14.00
26.92	32.00
26.94	28.00
26.96	24.00
26.98	16.00
27	22.00
27.02	22.00
27.04	24.00
27.06	34.00
27.08	24.00
27.1	30.00
27.12	44.00
27.14	46.00
27.16	38.00
27.18	52.00
27.2	42.00
27.22	58.00
27.24	54.00
27.26	52.00
27.28	64.00
27.3	64.00
27.32	68.00
27.34	58.00
27.36	60.00
27.38	58.00
27.4	68.00
27.42	68.00
27.44	56.00
27.46	54.00
27.48	64.00
27.5	42.00
27.52	40.00
27.54	34.00
27.56	42.00
27.58	24.00
27.6	14.00
27.62	16.00
27.64	24.00
27.66	26.00
27.68	20.00
27.7	20.00
27.72	14.00
27.74	22.00
27.76	16.00
27.78	24.00
27.8	10.00
27.82	14.00
27.84	22.00
27.86	14.00
27.88	18.00
27.9	14.00
27.92	10.00
27.94	20.00
27.96	16.00
27.98	14.00
28	22.00
28.02	16.00
28.04	18.00
28.06	14.00
28.08	20.00
28.1	22.00
28.12	16.00
28.14	14.00
28.16	14.00
28.18	18.00
28.2	16.00
28.22	22.00
28.24	16.00
28.26	20.00
28.28	14.00
28.3	16.00
28.32	16.00
28.34	26.00
28.36	16.00
28.38	14.00
28.4	18.00
28.42	22.00
28.44	14.00
28.46	16.00
28.48	14.00
28.5	14.00
28.52	8.00
28.54	12.00
28.56	12.00
28.58	20.00
28.6	18.00
28.62	12.00
28.64	20.00
28.66	16.00
28.68	18.00
28.7	6.00
28.72	16.00
28.74	20.00
28.76	20.00
28.78	20.00
28.8	16.00
28.82	16.00
28.84	20.00
28.86	22.00
28.88	14.00
28.9	10.00
28.92	14.00
28.94	16.00
28.96	14.00
28.98	18.00
29	8.00
29.02	18.00
29.04	14.00
29.06	16.00
29.08	8.00
29.1	12.00
29.12	16.00
29.14	12.00
29.16	18.00
29.18	14.00
29.2	22.00
29.22	14.00
29.24	18.00
29.26	18.00
29.28	12.00
29.3	10.00
29.32	20.00
29.34	26.00
29.36	24.00
29.38	18.00
29.4	20.00
29.42	12.00
29.44	24.00
29.46	24.00
29.48	18.00
29.5	16.00
29.52	20.00
29.54	26.00
29.56	26.00
29.58	42.00
29.6	34.00
29.62	30.00
29.64	42.00
29.66	38.00
29.68	28.00
29.7	40.00
29.72	26.00
29.74	34.00
29.76	40.00
29.78	30.00
29.8	42.00
29.82	30.00
29.84	22.00
29.86	26.00
29.88	26.00
29.9	20.00
29.92	18.00
29.94	18.00
29.96	14.00
29.98	20.00
30	18.00
30.02	22.00
30.04	18.00
30.06	16.00
30.08	20.00
30.1	14.00
30.12	20.00
30.14	16.00
30.16	14.00
30.18	16.00
30.2	18.00
30.22	18.00
30.24	16.00
30.26	14.00
30.28	18.00
30.3	22.00
30.32	16.00
30.34	16.00
30.36	14.00
30.38	20.00
30.4	24.00
30.42	10.00
30.44	20.00
30.46	10.00
30.48	10.00
30.5	8.00
30.52	10.00
30.54	16.00
30.56	20.00
30.58	12.00
30.6	16.00
30.62	10.00
30.64	16.00
30.66	10.00
30.68	18.00
30.7	14.00
30.72	16.00
30.74	26.00
30.76	12.00
30.78	10.00
30.8	12.00
30.82	14.00
30.84	18.00
30.86	14.00
30.88	10.00
30.9	14.00
30.92	12.00
30.94	18.00
30.96	12.00
30.98	18.00
31	8.00
31.02	12.00
31.04	10.00
31.06	26.00
31.08	14.00
31.1	14.00
31.12	16.00
31.14	12.00
31.16	8.00
31.18	8.00
31.2	16.00
31.22	10.00
31.24	14.00
31.26	12.00
31.28	18.00
31.3	16.00
31.32	18.00
31.34	10.00
31.36	12.00
31.38	16.00
31.4	16.00
31.42	10.00
31.44	12.00
31.46	12.00
31.48	20.00
31.5	18.00
31.52	14.00
31.54	18.00
31.56	22.00
31.58	12.00
31.6	10.00
31.62	14.00
31.64	16.00
31.66	14.00
31.68	12.00
31.7	8.00
31.72	16.00
31.74	14.00
31.76	8.00
31.78	18.00
31.8	18.00
31.82	18.00
31.84	14.00
31.86	10.00
31.88	12.00
31.9	16.00
31.92	16.00
31.94	12.00
31.96	12.00
31.98	10.00
32	8.00
32.02	18.00
32.04	18.00
32.06	10.00
32.08	14.00
32.1	14.00
32.12	14.00
32.14	18.00
32.16	14.00
32.18	14.00
32.2	14.00
32.22	14.00
32.24	20.00
32.26	18.00
32.28	20.00
32.3	8.00
32.32	12.00
32.34	10.00
32.36	14.00
32.38	12.00
32.4	10.00
32.42	14.00
32.44	12.00
32.46	10.00
32.48	14.00
32.5	16.00
32.52	10.00
32.54	16.00
32.56	8.00
32.58	10.00
32.6	8.00
32.62	22.00
32.64	10.00
32.66	8.00
32.68	8.00
32.7	18.00
32.72	8.00
32.74	10.00
32.76	14.00
32.78	8.00
32.8	16.00
32.82	22.00
32.84	16.00
32.86	10.00
32.88	16.00
32.9	22.00
32.92	16.00
32.94	12.00
32.96	14.00
32.98	22.00
33	10.00
33.02	22.00
33.04	16.00
33.06	14.00
33.08	18.00
33.1	16.00
33.12	20.00
33.14	10.00
33.16	10.00
33.18	22.00
33.2	16.00
33.22	16.00
33.24	24.00
33.26	16.00
33.28	14.00
33.3	18.00
33.32	14.00
33.34	18.00
33.36	10.00
33.38	10.00
33.4	14.00
33.42	20.00
33.44	14.00
33.46	20.00
33.48	20.00
33.5	16.00
33.52	12.00
33.54	16.00
33.56	20.00
33.58	20.00
33.6	26.00
33.62	12.00
33.64	28.00
33.66	14.00
33.68	26.00
33.7	22.00
33.72	28.00
33.74	20.00
33.76	14.00
33.78	28.00
33.8	28.00
33.82	28.00
33.84	24.00
33.86	24.00
33.88	24.00
33.9	30.00
33.92	22.00
33.94	14.00
33.96	20.00
33.98	16.00
34	16.00
34.02	18.00
34.04	16.00
34.06	12.00
34.08	16.00
34.1	16.00
34.12	20.00
34.14	12.00
34.16	20.00
34.18	16.00
34.2	8.00
34.22	16.00
34.24	10.00
34.26	20.00
34.28	16.00
34.3	22.00
34.32	18.00
34.34	22.00
34.36	20.00
34.38	16.00
34.4	16.00
34.42	24.00
34.44	16.00
34.46	22.00
34.48	26.00
34.5	28.00
34.52	22.00
34.54	22.00
34.56	14.00
34.58	16.00
34.6	18.00
34.62	14.00
34.64	16.00
34.66	18.00
34.68	6.00
34.7	16.00
34.72	16.00
34.74	16.00
34.76	18.00
34.78	6.00
34.8	12.00
34.82	10.00
34.84	14.00
34.86	14.00
34.88	8.00
34.9	10.00
34.92	16.00
34.94	14.00
34.96	8.00
34.98	10.00
35	16.00
35.02	12.00
35.04	16.00
35.06	4.00
35.08	16.00
35.1	16.00
35.12	16.00
35.14	8.00
35.16	6.00
35.18	14.00
35.2	16.00
35.22	14.00
35.24	14.00
35.26	8.00
35.28	10.00
35.3	18.00
35.32	20.00
35.34	8.00
35.36	12.00
35.38	16.00
35.4	18.00
35.42	18.00
35.44	18.00
35.46	14.00
35.48	14.00
35.5	16.00
35.52	8.00
35.54	24.00
35.56	16.00
35.58	10.00
35.6	14.00
35.62	16.00
35.64	12.00
35.66	14.00
35.68	22.00
35.7	16.00
35.72	8.00
35.74	16.00
35.76	20.00
35.78	12.00
35.8	8.00
35.82	6.00
35.84	12.00
35.86	10.00
35.88	16.00
35.9	12.00
35.92	14.00
35.94	16.00
35.96	20.00
35.98	8.00
36	16.00
36.02	10.00
36.04	12.00
36.06	8.00
36.08	12.00
36.1	10.00
36.12	14.00
36.14	8.00
36.16	8.00
36.18	8.00
36.2	4.00
36.22	14.00
36.24	12.00
36.26	10.00
36.28	12.00
36.3	6.00
36.32	8.00
36.34	6.00
36.36	16.00
36.38	6.00
36.4	8.00
36.42	8.00
36.44	10.00
36.46	8.00
36.48	16.00
36.5	12.00
36.52	14.00
36.54	12.00
36.56	6.00
36.58	6.00
36.6	4.00
36.62	14.00
36.64	8.00
36.66	6.00
36.68	14.00
36.7	8.00
36.72	4.00
36.74	4.00
36.76	12.00
36.78	6.00
36.8	8.00
36.82	10.00
36.84	14.00
36.86	10.00
36.88	10.00
36.9	12.00
36.92	6.00
36.94	10.00
36.96	12.00
36.98	8.00
37	10.00
37.02	6.00
37.04	12.00
37.06	10.00
37.08	10.00
37.1	14.00
37.12	6.00
37.14	6.00
37.16	6.00
37.18	12.00
37.2	10.00
37.22	10.00
37.24	14.00
37.26	8.00
37.28	6.00
37.3	18.00
37.32	12.00
37.34	10.00
37.36	12.00
37.38	12.00
37.4	10.00
37.42	8.00
37.44	6.00
37.46	14.00
37.48	12.00
37.5	10.00
37.52	10.00
37.54	8.00
37.56	8.00
37.58	18.00
37.6	14.00
37.62	10.00
37.64	12.00
37.66	12.00
37.68	8.00
37.7	14.00
37.72	18.00
37.74	8.00
37.76	10.00
37.78	10.00
37.8	10.00
37.82	12.00
37.84	10.00
37.86	8.00
37.88	10.00
37.9	14.00
37.92	6.00
37.94	6.00
37.96	10.00
37.98	8.00
38	6.00
38.02	16.00
38.04	10.00
38.06	14.00
38.08	12.00
38.1	14.00
38.12	4.00
38.14	14.00
38.16	10.00
38.18	12.00
38.2	12.00
38.22	8.00
38.24	14.00
38.26	10.00
38.28	16.00
38.3	14.00
38.32	16.00
38.34	14.00
38.36	20.00
38.38	10.00
38.4	18.00
38.42	20.00
38.44	20.00
38.46	16.00
38.48	16.00
38.5	22.00
38.52	36.00
38.54	26.00
38.56	18.00
38.58	34.00
38.6	28.00
38.62	34.00
38.64	54.00
38.66	48.00
38.68	50.00
38.7	76.00
38.72	72.00
38.74	108.00
38.76	98.00
38.78	128.00
38.8	172.00
38.82	200.00
38.84	202.00
38.86	230.00
38.88	288.00
38.9	298.00
38.92	294.00
38.94	308.00
38.96	326.00
38.98	334.00
39	328.00
39.02	328.00
39.04	300.00
39.06	310.00
39.08	318.00
39.1	328.00
39.12	288.00
39.14	248.00
39.16	208.00
39.18	218.00
39.2	168.00
39.22	132.00
39.24	112.00
39.26	110.00
39.28	84.00
39.3	64.00
39.32	66.00
39.34	58.00
39.36	48.00
39.38	38.00
39.4	40.00
39.42	28.00
39.44	44.00
39.46	26.00
39.48	28.00
39.5	48.00
39.52	34.00
39.54	50.00
39.56	62.00
39.58	78.00
39.6	54.00
39.62	60.00
39.64	52.00
39.66	62.00
39.68	70.00
39.7	46.00
39.72	68.00
39.74	52.00
39.76	60.00
39.78	54.00
39.8	56.00
39.82	60.00
39.84	46.00
39.86	46.00
39.88	40.00
39.9	38.00
39.92	32.00
39.94	28.00
39.96	24.00
39.98	18.00
40	16.00
40.02	12.00
40.04	12.00
40.06	20.00
40.08	10.00
40.1	12.00
40.12	10.00
40.14	14.00
40.16	20.00
40.18	12.00
40.2	16.00
40.22	8.00
40.24	12.00
40.26	10.00
40.28	10.00
40.3	10.00
40.32	22.00
40.34	10.00
40.36	8.00
40.38	10.00
40.4	10.00
40.42	16.00
40.44	10.00
40.46	10.00
40.48	14.00
40.5	8.00
40.52	10.00
40.54	10.00
40.56	12.00
40.58	8.00
40.6	12.00
40.62	10.00
40.64	10.00
40.66	8.00
40.68	10.00
40.7	8.00
40.72	6.00
40.74	12.00
40.76	10.00
40.78	6.00
40.8	6.00
40.82	6.00
40.84	8.00
40.86	10.00
40.88	10.00
40.9	8.00
40.92	6.00
40.94	6.00
40.96	12.00
40.98	8.00
41	8.00
41.02	14.00
41.04	10.00
41.06	4.00
41.08	8.00
41.1	12.00
41.12	10.00
41.14	4.00
41.16	12.00
41.18	6.00
41.2	12.00
41.22	10.00
41.24	8.00
41.26	10.00
41.28	8.00
41.3	12.00
41.32	12.00
41.34	8.00
41.36	16.00
41.38	6.00
41.4	8.00
41.42	4.00
41.44	6.00
41.46	8.00
41.48	8.00
41.5	10.00
41.52	8.00
41.54	2.00
41.56	10.00
41.58	10.00
41.6	6.00
41.62	14.00
41.64	10.00
41.66	10.00
41.68	12.00
41.7	6.00
41.72	14.00
41.74	8.00
41.76	6.00
41.78	10.00
41.8	6.00
41.82	8.00
41.84	2.00
41.86	10.00
41.88	8.00
41.9	10.00
41.92	8.00
41.94	10.00
41.96	10.00
41.98	8.00
42	8.00
42.02	8.00
42.04	10.00
42.06	8.00
42.08	10.00
42.1	8.00
42.12	12.00
42.14	8.00
42.16	12.00
42.18	12.00
42.2	6.00
42.22	10.00
42.24	14.00
42.26	12.00
42.28	12.00
42.3	12.00
42.32	12.00
42.34	16.00
42.36	14.00
42.38	16.00
42.4	18.00
42.42	10.00
42.44	26.00
42.46	18.00
42.48	8.00
42.5	12.00
42.52	14.00
42.54	18.00
42.56	20.00
42.58	8.00
42.6	8.00
42.62	14.00
42.64	12.00
42.66	8.00
42.68	16.00
42.7	6.00
42.72	8.00
42.74	6.00
42.76	10.00
42.78	8.00
42.8	4.00
42.82	10.00
42.84	12.00
42.86	12.00
42.88	8.00
42.9	6.00
42.92	12.00
42.94	12.00
42.96	6.00
42.98	4.00
43	8.00
43.02	6.00
43.04	6.00
43.06	12.00
43.08	10.00
43.1	8.00
43.12	8.00
43.14	10.00
43.16	6.00
43.18	2.00
43.2	8.00
43.22	8.00
43.24	10.00
43.26	10.00
43.28	10.00
43.3	14.00
43.32	12.00
43.34	6.00
43.36	6.00
43.38	8.00
43.4	8.00
43.42	14.00
43.44	8.00
43.46	8.00
43.48	12.00
43.5	6.00
43.52	4.00
43.54	12.00
43.56	12.00
43.58	10.00
43.6	14.00
43.62	10.00
43.64	6.00
43.66	6.00
43.68	4.00
43.7	10.00
43.72	16.00
43.74	6.00
43.76	6.00
43.78	6.00
43.8	10.00
43.82	10.00
43.84	12.00
43.86	6.00
43.88	10.00
43.9	8.00
43.92	4.00
43.94	14.00
43.96	14.00
43.98	16.00
44	6.00
44.02	10.00
44.04	10.00
44.06	10.00
44.08	10.00
44.1	6.00
44.12	6.00
44.14	8.00
44.16	8.00
44.18	14.00
44.2	6.00
44.22	8.00
44.24	12.00
44.26	10.00
44.28	12.00
44.3	4.00
44.32	14.00
44.34	4.00
44.36	10.00
44.38	8.00
44.4	16.00
44.42	12.00
44.44	10.00
44.46	8.00
44.48	2.00
44.5	6.00
44.52	6.00
44.54	10.00
44.56	10.00
44.58	14.00
44.6	8.00
44.62	6.00
44.64	4.00
44.66	6.00
44.68	14.00
44.7	12.00
44.72	6.00
44.74	6.00
44.76	8.00
44.78	10.00
44.8	8.00
44.82	10.00
44.84	10.00
44.86	6.00
44.88	12.00
44.9	10.00
44.92	12.00
44.94	6.00
44.96	8.00
44.98	4.00
45	2.00
45.02	18.00
45.04	12.00
45.06	8.00
45.08	8.00
45.1	10.00
45.12	6.00
45.14	12.00
45.16	6.00
45.18	12.00
45.2	14.00
45.22	6.00
45.24	10.00
45.26	14.00
45.28	18.00
45.3	16.00
45.32	10.00
45.34	10.00
45.36	12.00
45.38	10.00
45.4	18.00
45.42	16.00
45.44	14.00
45.46	22.00
45.48	18.00
45.5	22.00
45.52	18.00
45.54	20.00
45.56	14.00
45.58	24.00
45.6	14.00
45.62	26.00
45.64	22.00
45.66	30.00
45.68	20.00
45.7	34.00
45.72	34.00
45.74	36.00
45.76	38.00
45.78	24.00
45.8	26.00
45.82	24.00
45.84	32.00
45.86	38.00
45.88	32.00
45.9	34.00
45.92	18.00
45.94	36.00
45.96	34.00
45.98	26.00
46	28.00
46.02	24.00
46.04	30.00
46.06	24.00
46.08	20.00
46.1	22.00
46.12	28.00
46.14	30.00
46.16	38.00
46.18	38.00
46.2	34.00
46.22	38.00
46.24	36.00
46.26	32.00
46.28	36.00
46.3	42.00
46.32	26.00
46.34	34.00
46.36	38.00
46.38	36.00
46.4	34.00
46.42	30.00
46.44	26.00
46.46	28.00
46.48	28.00
46.5	22.00
46.52	24.00
46.54	24.00
46.56	22.00
46.58	14.00
46.6	22.00
46.62	8.00
46.64	16.00
46.66	8.00
46.68	12.00
46.7	8.00
46.72	14.00
46.74	8.00
46.76	10.00
46.78	6.00
46.8	8.00
46.82	8.00
46.84	12.00
46.86	14.00
46.88	10.00
46.9	6.00
46.92	16.00
46.94	6.00
46.96	8.00
46.98	12.00
47	8.00
47.02	12.00
47.04	10.00
47.06	8.00
47.08	14.00
47.1	8.00
47.12	8.00
47.14	10.00
47.16	12.00
47.18	14.00
47.2	8.00
47.22	10.00
47.24	2.00
47.26	8.00
47.28	12.00
47.3	4.00
47.32	2.00
47.34	10.00
47.36	10.00
47.38	6.00
47.4	14.00
47.42	8.00
47.44	12.00
47.46	12.00
47.48	12.00
47.5	10.00
47.52	8.00
47.54	6.00
47.56	4.00
47.58	14.00
47.6	8.00
47.62	8.00
47.64	16.00
47.66	12.00
47.68	10.00
47.7	14.00
47.72	10.00
47.74	12.00
47.76	12.00
47.78	10.00
47.8	6.00
47.82	6.00
47.84	10.00
47.86	12.00
47.88	10.00
47.9	8.00
47.92	16.00
47.94	10.00
47.96	16.00
47.98	6.00
48	4.00
48.02	14.00
48.04	18.00
48.06	8.00
48.08	8.00
48.1	6.00
48.12	4.00
48.14	12.00
48.16	10.00
48.18	4.00
48.2	12.00
48.22	10.00
48.24	4.00
48.26	4.00
48.28	6.00
48.3	10.00
48.32	4.00
48.34	10.00
48.36	8.00
48.38	8.00
48.4	10.00
48.42	8.00
48.44	8.00
48.46	2.00
48.48	8.00
48.5	10.00
48.52	12.00
48.54	16.00
48.56	10.00
48.58	6.00
48.6	12.00
48.62	10.00
48.64	12.00
48.66	8.00
48.68	8.00
48.7	10.00
48.72	10.00
48.74	8.00
48.76	4.00
48.78	14.00
48.8	10.00
48.82	14.00
48.84	8.00
48.86	4.00
48.88	6.00
48.9	8.00
48.92	8.00
48.94	10.00
48.96	8.00
48.98	10.00
49	12.00
49.02	6.00
49.04	8.00
49.06	6.00
49.08	12.00
49.1	12.00
49.12	14.00
49.14	8.00
49.16	12.00
49.18	6.00
49.2	10.00
49.22	16.00
49.24	10.00
49.26	12.00
49.28	18.00
49.3	16.00
49.32	8.00
49.34	16.00
49.36	14.00
49.38	10.00
49.4	12.00
49.42	10.00
49.44	16.00
49.46	10.00
49.48	10.00
49.5	18.00
49.52	12.00
49.54	8.00
49.56	4.00
49.58	6.00
49.6	6.00
49.62	8.00
49.64	12.00
49.66	6.00
49.68	10.00
49.7	4.00
49.72	14.00
49.74	10.00
49.76	14.00
49.78	12.00
49.8	12.00
49.82	14.00
49.84	12.00
49.86	10.00
49.88	22.00
49.9	18.00
49.92	12.00
49.94	16.00
49.96	24.00
49.98	26.00
50	22.00
50.02	28.00
50.04	26.00
50.06	26.00
50.08	26.00
50.1	30.00
50.12	36.00
50.14	30.00
50.16	28.00
50.18	34.00
50.2	26.00
50.22	34.00
50.24	26.00
50.26	20.00
50.28	18.00
50.3	26.00
50.32	18.00
50.34	18.00
50.36	12.00
50.38	18.00
50.4	22.00
50.42	16.00
50.44	14.00
50.46	12.00
50.48	12.00
50.5	14.00
50.52	10.00
50.54	12.00
50.56	10.00
50.58	10.00
50.6	8.00
50.62	6.00
50.64	6.00
50.66	14.00
50.68	4.00
50.7	10.00
50.72	10.00
50.74	6.00
50.76	8.00
50.78	10.00
50.8	8.00
50.82	8.00
50.84	6.00
50.86	8.00
50.88	4.00
50.9	12.00
50.92	6.00
50.94	12.00
50.96	6.00
50.98	8.00
51	10.00
51.02	12.00
51.04	8.00
51.06	8.00
51.08	10.00
51.1	10.00
51.12	10.00
51.14	6.00
51.16	10.00
51.18	8.00
51.2	14.00
51.22	6.00
51.24	6.00
51.26	6.00
51.28	8.00
51.3	10.00
51.32	12.00
51.34	14.00
51.36	12.00
51.38	10.00
51.4	10.00
51.42	14.00
51.44	14.00
51.46	10.00
51.48	14.00
51.5	12.00
51.52	12.00
51.54	16.00
51.56	20.00
51.58	16.00
51.6	12.00
51.62	18.00
51.64	12.00
51.66	12.00
51.68	18.00
51.7	14.00
51.72	12.00
51.74	20.00
51.76	10.00
51.78	14.00
51.8	12.00
51.82	12.00
51.84	14.00
51.86	20.00
51.88	14.00
51.9	14.00
51.92	18.00
51.94	12.00
51.96	16.00
51.98	10.00
52	16.00
52.02	16.00
52.04	12.00
52.06	16.00
52.08	12.00
52.1	4.00
52.12	12.00
52.14	12.00
52.16	12.00
52.18	8.00
52.2	8.00
52.22	16.00
52.24	10.00
52.26	14.00
52.28	8.00
52.3	12.00
52.32	14.00
52.34	4.00
52.36	10.00
52.38	12.00
52.4	10.00
52.42	8.00
52.44	10.00
52.46	12.00
52.48	10.00
52.5	12.00
52.52	14.00
52.54	12.00
52.56	20.00
52.58	16.00
52.6	10.00
52.62	12.00
52.64	10.00
52.66	10.00
52.68	16.00
52.7	10.00
52.72	14.00
52.74	20.00
52.76	30.00
52.78	24.00
52.8	20.00
52.82	20.00
52.84	18.00
52.86	18.00
52.88	20.00
52.9	20.00
52.92	14.00
52.94	16.00
52.96	22.00
52.98	28.00
53	18.00
53.02	20.00
53.04	8.00
53.06	22.00
53.08	14.00
53.1	18.00
53.12	8.00
53.14	18.00
53.16	16.00
53.18	24.00
53.2	14.00
53.22	12.00
53.24	14.00
53.26	14.00
53.28	14.00
53.3	14.00
53.32	12.00
53.34	8.00
53.36	14.00
53.38	10.00
53.4	10.00
53.42	16.00
53.44	10.00
53.46	14.00
53.48	12.00
53.5	10.00
53.52	10.00
53.54	10.00
53.56	8.00
53.58	4.00
53.6	14.00
53.62	6.00
53.64	8.00
53.66	10.00
53.68	8.00
53.7	6.00
53.72	10.00
53.74	10.00
53.76	10.00
53.78	6.00
53.8	4.00
53.82	14.00
53.84	12.00
53.86	10.00
53.88	2.00
53.9	8.00
53.92	8.00
53.94	10.00
53.96	8.00
53.98	10.00
54	12.00
54.02	6.00
54.04	10.00
54.06	16.00
54.08	12.00
54.1	12.00
54.12	2.00
54.14	12.00
54.16	8.00
54.18	6.00
54.2	14.00
54.22	8.00
54.24	10.00
54.26	12.00
54.28	14.00
54.3	16.00
54.32	12.00
54.34	14.00
54.36	8.00
54.38	8.00
54.4	10.00
54.42	12.00
54.44	10.00
54.46	6.00
54.48	8.00
54.5	10.00
54.52	12.00
54.54	18.00
54.56	8.00
54.58	8.00
54.6	6.00
54.62	4.00
54.64	10.00
54.66	6.00
54.68	6.00
54.7	4.00
54.72	14.00
54.74	16.00
54.76	12.00
54.78	10.00
54.8	6.00
54.82	4.00
54.84	6.00
54.86	14.00
54.88	8.00
54.9	10.00
54.92	6.00
54.94	8.00
54.96	6.00
54.98	6.00
55	16.00
55.02	12.00
55.04	12.00
55.06	8.00
55.08	14.00
55.1	14.00
55.12	20.00
55.14	10.00
55.16	10.00
55.18	6.00
55.2	12.00
55.22	12.00
55.24	10.00
55.26	14.00
55.28	12.00
55.3	10.00
55.32	12.00
55.34	8.00
55.36	14.00
55.38	12.00
55.4	8.00
55.42	16.00
55.44	10.00
55.46	8.00
55.48	6.00
55.5	14.00
55.52	8.00
55.54	8.00
55.56	4.00
55.58	10.00
55.6	8.00
55.62	10.00
55.64	10.00
55.66	6.00
55.68	8.00
55.7	12.00
55.72	8.00
55.74	8.00
55.76	8.00
55.78	4.00
55.8	14.00
55.82	10.00
55.84	2.00
55.86	10.00
55.88	8.00
55.9	6.00
55.92	10.00
55.94	6.00
55.96	10.00
55.98	12.00
56	10.00
56.02	2.00
56.04	8.00
56.06	8.00
56.08	8.00
56.1	12.00
56.12	14.00
56.14	16.00
56.16	8.00
56.18	10.00
56.2	8.00
56.22	12.00
56.24	10.00
56.26	10.00
56.28	14.00
56.3	10.00
56.32	18.00
56.34	6.00
56.36	10.00
56.38	8.00
56.4	12.00
56.42	18.00
56.44	6.00
56.46	8.00
56.48	18.00
56.5	6.00
56.52	10.00
56.54	16.00
56.56	18.00
56.58	14.00
56.6	8.00
56.62	14.00
56.64	18.00
56.66	14.00
56.68	12.00
56.7	14.00
56.72	12.00
56.74	10.00
56.76	8.00
56.78	16.00
56.8	4.00
56.82	8.00
56.84	12.00
56.86	4.00
56.88	14.00
56.9	8.00
56.92	10.00
56.94	10.00
56.96	6.00
56.98	10.00
57	10.00
57.02	6.00
57.04	14.00
57.06	12.00
57.08	12.00
57.1	10.00
57.12	10.00
57.14	20.00
57.16	12.00
57.18	8.00
57.2	10.00
57.22	10.00
57.24	10.00
57.26	4.00
57.28	8.00
57.3	6.00
57.32	6.00
57.34	10.00
57.36	12.00
57.38	8.00
57.4	10.00
57.42	12.00
57.44	12.00
57.46	12.00
57.48	6.00
57.5	16.00
57.52	12.00
57.54	18.00
57.56	18.00
57.58	18.00
57.6	20.00
57.62	18.00
57.64	24.00
57.66	24.00
57.68	24.00
57.7	24.00
57.72	26.00
57.74	20.00
57.76	30.00
57.78	18.00
57.8	22.00
57.82	26.00
57.84	22.00
57.86	20.00
57.88	18.00
57.9	22.00
57.92	22.00
57.94	16.00
57.96	22.00
57.98	22.00
58	22.00
58.02	18.00
58.04	22.00
58.06	24.00
58.08	24.00
58.1	14.00
58.12	22.00
58.14	26.00
58.16	16.00
58.18	16.00
58.2	18.00
58.22	10.00
58.24	16.00
58.26	14.00
58.28	16.00
58.3	18.00
58.32	16.00
58.34	12.00
58.36	6.00
58.38	6.00
58.4	16.00
58.42	14.00
58.44	12.00
58.46	8.00
58.48	8.00
58.5	4.00
58.52	12.00
58.54	14.00
58.56	16.00
58.58	14.00
58.6	16.00
58.62	16.00
58.64	22.00
58.66	18.00
58.68	24.00
58.7	22.00
58.72	32.00
58.74	20.00
58.76	22.00
58.78	32.00
58.8	28.00
58.82	34.00
58.84	32.00
58.86	42.00
58.88	50.00
58.9	38.00
58.92	32.00
58.94	36.00
58.96	32.00
58.98	28.00
59	26.00
59.02	22.00
59.04	26.00
59.06	24.00
59.08	26.00
59.1	14.00
59.12	16.00
59.14	24.00
59.16	10.00
59.18	16.00
59.2	18.00
59.22	18.00
59.24	14.00
59.26	8.00
59.28	16.00
59.3	10.00
59.32	8.00
59.34	8.00
59.36	4.00
59.38	8.00
59.4	12.00
59.42	12.00
59.44	10.00
59.46	8.00
59.48	8.00
59.5	12.00
59.52	8.00
59.54	6.00
59.56	8.00
59.58	14.00
59.6	8.00
59.62	12.00
59.64	4.00
59.66	8.00
59.68	14.00
59.7	12.00
59.72	6.00
59.74	4.00
59.76	6.00
59.78	6.00
59.8	16.00
59.82	6.00
59.84	12.00
59.86	6.00
59.88	8.00
59.9	6.00
59.92	10.00
59.94	12.00
59.96	12.00
59.98	10.00
60	6.00
60.02	18.00
60.04	12.00
60.06	8.00
60.08	8.00
60.1	6.00
60.12	6.00
60.14	8.00
60.16	8.00
60.18	10.00
60.2	6.00
60.22	8.00
60.24	10.00
60.26	14.00
60.28	12.00
60.3	2.00
60.32	10.00
60.34	14.00
60.36	6.00
60.38	10.00
60.4	8.00
60.42	12.00
60.44	6.00
60.46	6.00
60.48	8.00
60.5	10.00
60.52	6.00
60.54	8.00
60.56	16.00
60.58	6.00
60.6	8.00
60.62	8.00
60.64	8.00
60.66	8.00
60.68	6.00
60.7	8.00
60.72	12.00
60.74	8.00
60.76	8.00
60.78	12.00
60.8	14.00
60.82	6.00
60.84	10.00
60.86	10.00
60.88	14.00
60.9	16.00
60.92	10.00
60.94	6.00
60.96	10.00
60.98	8.00
61	6.00
61.02	8.00
61.04	6.00
61.06	6.00
61.08	18.00
61.1	12.00
61.12	6.00
61.14	8.00
61.16	6.00
61.18	12.00
61.2	10.00
61.22	10.00
61.24	10.00
61.26	6.00
61.28	8.00
61.3	8.00
61.32	8.00
61.34	8.00
61.36	8.00
61.38	6.00
61.4	8.00
61.42	10.00
61.44	14.00
61.46	8.00
61.48	16.00
61.5	18.00
61.52	10.00
61.54	6.00
61.56	14.00
61.58	16.00
61.6	18.00
61.62	14.00
61.64	6.00
61.66	22.00
61.68	18.00
61.7	18.00
61.72	18.00
61.74	14.00
61.76	12.00
61.78	14.00
61.8	16.00
61.82	18.00
61.84	12.00
61.86	16.00
61.88	18.00
61.9	16.00
61.92	14.00
61.94	8.00
61.96	6.00
61.98	6.00
62	12.00
62.02	12.00
62.04	10.00
62.06	12.00
62.08	18.00
62.1	8.00
62.12	12.00
62.14	12.00
62.16	8.00
62.18	10.00
62.2	6.00
62.22	10.00
62.24	10.00
62.26	6.00
62.28	14.00
62.3	14.00
62.32	6.00
62.34	12.00
62.36	6.00
62.38	8.00
62.4	8.00
62.42	6.00
62.44	12.00
62.46	6.00
62.48	8.00
62.5	8.00
62.52	10.00
62.54	16.00
62.56	8.00
62.58	12.00
62.6	12.00
62.62	6.00
62.64	10.00
62.66	12.00
62.68	8.00
62.7	14.00
62.72	16.00
62.74	16.00
62.76	14.00
62.78	18.00
62.8	18.00
62.82	10.00
62.84	16.00
62.86	12.00
62.88	20.00
62.9	18.00
62.92	6.00
62.94	12.00
62.96	12.00
62.98	16.00
63	10.00
63.02	10.00
63.04	10.00
63.06	6.00
63.08	18.00
63.1	12.00
63.12	12.00
63.14	6.00
63.16	16.00
63.18	14.00
63.2	6.00
63.22	12.00
63.24	14.00
63.26	10.00
63.28	12.00
63.3	10.00
63.32	6.00
63.34	2.00
63.36	14.00
63.38	10.00
63.4	12.00
63.42	8.00
63.44	4.00
63.46	8.00
63.48	12.00
63.5	6.00
63.52	10.00
63.54	10.00
63.56	6.00
63.58	8.00
63.6	8.00
63.62	12.00
63.64	10.00
63.66	12.00
63.68	6.00
63.7	6.00
63.72	10.00
63.74	10.00
63.76	18.00
63.78	10.00
63.8	6.00
63.82	12.00
63.84	8.00
63.86	6.00
63.88	8.00
63.9	12.00
63.92	6.00
63.94	8.00
63.96	6.00
63.98	14.00
64	10.00
64.02	10.00
64.04	10.00
64.06	14.00
64.08	8.00
64.1	4.00
64.12	14.00
64.14	10.00
64.16	14.00
64.18	6.00
64.2	10.00
64.22	6.00
64.24	14.00
64.26	8.00
64.28	12.00
64.3	16.00
64.32	2.00
64.34	16.00
64.36	8.00
64.38	14.00
64.4	12.00
64.42	6.00
64.44	18.00
64.46	8.00
64.48	22.00
64.5	14.00
64.52	8.00
64.54	12.00
64.56	10.00
64.58	14.00
64.6	6.00
64.62	14.00
64.64	10.00
64.66	16.00
64.68	10.00
64.7	14.00
64.72	18.00
64.74	20.00
64.76	16.00
64.78	20.00
64.8	14.00
64.82	12.00
64.84	12.00
64.86	18.00
64.88	26.00
64.9	28.00
64.92	14.00
64.94	30.00
64.96	30.00
64.98	22.00
65	18.00
65.02	28.00
65.04	30.00
65.06	22.00
65.08	18.00
65.1	22.00
65.12	22.00
65.14	16.00
65.16	20.00
65.18	20.00
65.2	20.00
65.22	16.00
65.24	14.00
65.26	16.00
65.28	12.00
65.3	14.00
65.32	18.00
65.34	18.00
65.36	14.00
65.38	8.00
65.4	8.00
65.42	10.00
65.44	12.00
65.46	8.00
65.48	8.00
65.5	10.00
65.52	4.00
65.54	6.00
65.56	12.00
65.58	8.00
65.6	12.00
65.62	6.00
65.64	8.00
65.66	6.00
65.68	6.00
65.7	4.00
65.72	8.00
65.74	10.00
65.76	6.00
65.78	10.00
65.8	8.00
65.82	4.00
65.84	12.00
65.86	14.00
65.88	8.00
65.9	6.00
65.92	10.00
65.94	10.00
65.96	6.00
65.98	10.00
66	6.00
66.02	10.00
66.04	12.00
66.06	4.00
66.08	6.00
66.1	10.00
66.12	8.00
66.14	8.00
66.16	8.00
66.18	6.00
66.2	6.00
66.22	12.00
66.24	4.00
66.26	8.00
66.28	10.00
66.3	12.00
66.32	4.00
66.34	12.00
66.36	6.00
66.38	10.00
66.4	8.00
66.42	8.00
66.44	6.00
66.46	8.00
66.48	12.00
66.5	14.00
66.52	10.00
66.54	16.00
66.56	8.00
66.58	14.00
66.6	14.00
66.62	16.00
66.64	14.00
66.66	16.00
66.68	14.00
66.7	16.00
66.72	14.00
66.74	22.00
66.76	6.00
66.78	14.00
66.8	14.00
66.82	16.00
66.84	16.00
66.86	16.00
66.88	12.00
66.9	16.00
66.92	18.00
66.94	20.00
66.96	14.00
66.98	14.00
67	22.00
67.02	16.00
67.04	24.00
67.06	10.00
67.08	10.00
67.1	10.00
67.12	12.00
67.14	12.00
67.16	16.00
67.18	12.00
67.2	18.00
67.22	12.00
67.24	22.00
67.26	16.00
67.28	14.00
67.3	14.00
67.32	24.00
67.34	16.00
67.36	16.00
67.38	16.00
67.4	20.00
67.42	38.00
67.44	40.00
67.46	36.00
67.48	28.00
67.5	28.00
67.52	30.00
67.54	34.00
67.56	40.00
67.58	38.00
67.6	34.00
67.62	46.00
67.64	44.00
67.66	38.00
67.68	40.00
67.7	40.00
67.72	30.00
67.74	34.00
67.76	40.00
67.78	32.00
67.8	22.00
67.82	24.00
67.84	22.00
67.86	26.00
67.88	26.00
67.9	14.00
67.92	14.00
67.94	12.00
67.96	6.00
67.98	14.00
68	8.00
68.02	8.00
68.04	10.00
68.06	12.00
68.08	12.00
68.1	10.00
68.12	10.00
68.14	14.00
68.16	4.00
68.18	14.00
68.2	10.00
68.22	8.00
68.24	6.00
68.26	12.00
68.28	10.00
68.3	10.00
68.32	14.00
68.34	8.00
68.36	8.00
68.38	4.00
68.4	10.00
68.42	8.00
68.44	12.00
68.46	6.00
68.48	8.00
68.5	8.00
68.52	6.00
68.54	10.00
68.56	8.00
68.58	6.00
68.6	6.00
68.62	8.00
68.64	10.00
68.66	12.00
68.68	12.00
68.7	10.00
68.72	4.00
68.74	12.00
68.76	6.00
68.78	10.00
68.8	6.00
68.82	10.00
68.84	6.00
68.86	8.00
68.88	6.00
68.9	8.00
68.92	10.00
68.94	8.00
68.96	6.00
68.98	8.00
69	10.00
69.02	6.00
69.04	10.00
69.06	2.00
69.08	4.00
69.1	10.00
69.12	6.00
69.14	8.00
69.16	4.00
69.18	12.00
69.2	10.00
69.22	4.00
69.24	8.00
69.26	4.00
69.28	6.00
69.3	12.00
69.32	4.00
69.34	6.00
69.36	8.00
69.38	12.00
69.4	8.00
69.42	8.00
69.44	4.00
69.46	8.00
69.48	10.00
69.5	8.00
69.52	8.00
69.54	8.00
69.56	10.00
69.58	8.00
69.6	8.00
69.62	12.00
69.64	8.00
69.66	12.00
69.68	8.00
69.7	12.00
69.72	12.00
69.74	10.00
69.76	8.00
69.78	12.00
69.8	6.00
69.82	14.00
69.84	10.00
69.86	8.00
69.88	14.00
69.9	12.00
69.92	10.00
69.94	6.00
69.96	6.00
69.98	8.00
70	8.00
70.02	8.00
70.04	6.00
70.06	6.00
70.08	10.00
70.1	8.00
70.12	6.00
70.14	6.00
70.16	2.00
70.18	6.00
70.2	8.00
70.22	6.00
70.24	6.00
70.26	10.00
70.28	8.00
70.3	8.00
70.32	10.00
70.34	8.00
70.36	8.00
70.38	4.00
70.4	8.00
70.42	10.00
70.44	8.00
70.46	12.00
70.48	12.00
70.5	4.00
70.52	8.00
70.54	4.00
70.56	6.00
70.58	10.00
70.6	10.00
70.62	8.00
70.64	4.00
70.66	2.00
70.68	8.00
70.7	4.00
70.72	8.00
70.74	8.00
70.76	8.00
70.78	10.00
70.8	2.00
70.82	6.00
70.84	6.00
70.86	4.00
70.88	10.00
70.9	6.00
70.92	10.00
70.94	8.00
70.96	14.00
70.98	4.00
71	8.00
71.02	4.00
71.04	6.00
71.06	6.00
71.08	8.00
71.1	6.00
71.12	8.00
71.14	8.00
71.16	6.00
71.18	6.00
71.2	2.00
71.22	8.00
71.24	6.00
71.26	4.00
71.28	0.00
71.3	8.00
71.32	4.00
71.34	10.00
71.36	8.00
71.38	6.00
71.4	14.00
71.42	4.00
71.44	8.00
71.46	8.00
71.48	6.00
71.5	14.00
71.52	14.00
71.54	10.00
71.56	6.00
71.58	4.00
71.6	14.00
71.62	10.00
71.64	10.00
71.66	8.00
71.68	8.00
71.7	6.00
71.72	6.00
71.74	6.00
71.76	10.00
71.78	8.00
71.8	6.00
71.82	8.00
71.84	6.00
71.86	12.00
71.88	4.00
71.9	12.00
71.92	4.00
71.94	10.00
71.96	6.00
71.98	4.00
72	8.00
72.02	10.00
72.04	8.00
72.06	6.00
72.08	4.00
72.1	10.00
72.12	8.00
72.14	8.00
72.16	6.00
72.18	10.00
72.2	10.00
72.22	4.00
72.24	4.00
72.26	8.00
72.28	10.00
72.3	4.00
72.32	12.00
72.34	4.00
72.36	12.00
72.38	8.00
72.4	6.00
72.42	10.00
72.44	4.00
72.46	8.00
72.48	0.00
72.5	4.00
72.52	8.00
72.54	10.00
72.56	10.00
72.58	8.00
72.6	8.00
72.62	4.00
72.64	10.00
72.66	8.00
72.68	6.00
72.7	14.00
72.72	12.00
72.74	12.00
72.76	10.00
72.78	10.00
72.8	16.00
72.82	16.00
72.84	12.00
72.86	8.00
72.88	16.00
72.9	12.00
72.92	12.00
72.94	8.00
72.96	10.00
72.98	20.00
73	18.00
73.02	12.00
73.04	10.00
73.06	14.00
73.08	10.00
73.1	10.00
73.12	14.00
73.14	4.00
73.16	18.00
73.18	12.00
73.2	4.00
73.22	14.00
73.24	10.00
73.26	8.00
73.28	8.00
73.3	12.00
73.32	6.00
73.34	10.00
73.36	10.00
73.38	8.00
73.4	4.00
73.42	6.00
73.44	10.00
73.46	10.00
73.48	4.00
73.5	10.00
73.52	4.00
73.54	8.00
73.56	10.00
73.58	8.00
73.6	16.00
73.62	8.00
73.64	10.00
73.66	8.00
73.68	6.00
73.7	4.00
73.72	10.00
73.74	6.00
73.76	6.00
73.78	4.00
73.8	6.00
73.82	4.00
73.84	4.00
73.86	8.00
73.88	10.00
73.9	8.00
73.92	8.00
73.94	8.00
73.96	4.00
73.98	6.00
74	6.00
74.02	4.00
74.04	6.00
74.06	8.00
74.08	4.00
74.1	8.00
74.12	6.00
74.14	10.00
74.16	6.00
74.18	8.00
74.2	12.00
74.22	6.00
74.24	10.00
74.26	6.00
74.28	10.00
74.3	8.00
74.32	10.00
74.34	4.00
74.36	6.00
74.38	4.00
74.4	6.00
74.42	6.00
74.44	6.00
74.46	4.00
74.48	6.00
74.5	6.00
74.52	6.00
74.54	6.00
74.56	6.00
74.58	8.00
74.6	6.00
74.62	2.00
74.64	8.00
74.66	4.00
74.68	6.00
74.7	6.00
74.72	6.00
74.74	4.00
74.76	6.00
74.78	6.00
74.8	6.00
74.82	10.00
74.84	4.00
74.86	6.00
74.88	6.00
74.9	6.00
74.92	10.00
74.94	6.00
74.96	8.00
74.98	2.00
75	8.00
75.02	6.00
75.04	10.00
75.06	8.00
75.08	6.00
75.1	6.00
75.12	6.00
75.14	6.00
75.16	4.00
75.18	4.00
75.2	2.00
75.22	10.00
75.24	6.00
75.26	12.00
75.28	6.00
75.3	8.00
75.32	6.00
75.34	4.00
75.36	14.00
75.38	8.00
75.4	6.00
75.42	6.00
75.44	10.00
75.46	8.00
75.48	8.00
75.5	2.00
75.52	4.00
75.54	10.00
75.56	8.00
75.58	4.00
75.6	10.00
75.62	6.00
75.64	2.00
75.66	4.00
75.68	4.00
75.7	12.00
75.72	8.00
75.74	8.00
75.76	14.00
75.78	4.00
75.8	8.00
75.82	6.00
75.84	8.00
75.86	10.00
75.88	10.00
75.9	8.00
75.92	8.00
75.94	4.00
75.96	10.00
75.98	8.00
76	4.00
76.02	8.00
76.04	10.00
76.06	8.00
76.08	8.00
76.1	6.00
76.12	6.00
76.14	8.00
76.16	6.00
76.18	10.00
76.2	4.00
76.22	8.00
76.24	0.00
76.26	8.00
76.28	8.00
76.3	8.00
76.32	14.00
76.34	6.00
76.36	8.00
76.38	10.00
76.4	6.00
76.42	10.00
76.44	4.00
76.46	4.00
76.48	18.00
76.5	6.00
76.52	2.00
76.54	6.00
76.56	12.00
76.58	4.00
76.6	6.00
76.62	8.00
76.64	14.00
76.66	4.00
76.68	10.00
76.7	10.00
76.72	6.00
76.74	10.00
76.76	8.00
76.78	10.00
76.8	8.00
76.82	10.00
76.84	12.00
76.86	6.00
76.88	6.00
76.9	10.00
76.92	4.00
76.94	12.00
76.96	8.00
76.98	6.00
77	8.00
77.02	4.00
77.04	6.00
77.06	16.00
77.08	6.00
77.1	10.00
77.12	12.00
77.14	6.00
77.16	8.00
77.18	12.00
77.2	10.00
77.22	6.00
77.24	6.00
77.26	10.00
77.28	10.00
77.3	12.00
77.32	10.00
77.34	4.00
77.36	10.00
77.38	12.00
77.4	14.00
77.42	12.00
77.44	8.00
77.46	8.00
77.48	12.00
77.5	4.00
77.52	10.00
77.54	12.00
77.56	14.00
77.58	6.00
77.6	12.00
77.62	8.00
77.64	8.00
77.66	12.00
77.68	16.00
77.7	6.00
77.72	10.00
77.74	4.00
77.76	10.00
77.78	8.00
77.8	12.00
77.82	8.00
77.84	4.00
77.86	8.00
77.88	12.00
77.9	6.00
77.92	8.00
77.94	10.00
77.96	10.00
77.98	0.00
78	12.00
78.02	14.00
78.04	8.00
78.06	14.00
78.08	6.00
78.1	8.00
78.12	8.00
78.14	4.00
78.16	8.00
78.18	2.00
78.2	12.00
78.22	10.00
78.24	8.00
78.26	2.00
78.28	6.00
78.3	10.00
78.32	8.00
78.34	8.00
78.36	6.00
78.38	6.00
78.4	10.00
78.42	12.00
78.44	6.00
78.46	8.00
78.48	4.00
78.5	4.00
78.52	8.00
78.54	10.00
78.56	10.00
78.58	6.00
78.6	8.00
78.62	8.00
78.64	6.00
78.66	4.00
78.68	6.00
78.7	6.00
78.72	8.00
78.74	6.00
78.76	12.00
78.78	8.00
78.8	8.00
78.82	10.00
78.84	12.00
78.86	2.00
78.88	8.00
78.9	12.00
78.92	10.00
78.94	8.00
78.96	8.00
78.98	8.00
79	8.00
79.02	2.00
79.04	12.00
79.06	6.00
79.08	6.00
79.1	16.00
79.12	10.00
79.14	4.00
79.16	4.00
79.18	4.00
79.2	8.00
79.22	6.00
79.24	8.00
79.26	6.00
79.28	8.00
79.3	4.00
79.32	6.00
79.34	10.00
79.36	6.00
79.38	4.00
79.4	2.00
79.42	6.00
79.44	6.00
79.46	10.00
79.48	2.00
79.5	8.00
79.52	4.00
79.54	10.00
79.56	8.00
79.58	6.00
79.6	10.00
79.62	8.00
79.64	6.00
79.66	10.00
79.68	4.00
79.7	6.00
79.72	14.00
79.74	8.00
79.76	12.00
79.78	10.00
79.8	4.00
79.82	12.00
79.84	10.00
79.86	8.00
79.88	8.00
79.9	12.00
79.92	6.00
79.94	8.00
79.96	14.00
79.98	12.00
80	4.00
