0.02357362376991988 2.2710845470428467
0.07072087524438213 2.0204010009765625
0.11786813852271781 2.328712224960327
0.16501542147419582 2.531543731689453
0.21216273196811503 2.3741424083709717
0.2593100778738161 2.3126015663146973
0.3064574670606937 2.290086507797241
0.35360490739820816 2.1819095611572266
0.40075240675589785 2.382089614868164
0.4478999730033908 2.5770263671875
0.49504761401041675 2.38796329498291
0.542195337646819 2.475395679473877
0.5893431517825671 2.6340348720550537
0.6364910642877676 2.8509304523468018
0.6836390830326776 2.6953980922698975
0.7307872158877144 2.6548051834106445
0.7779354707234701 3.026219606399536
0.8250838554107223 4.484032154083252
0.8722323778204455 8.762825012207031
0.9193810458238244 13.58967113494873
0.966529867292264 11.478684425354004
1.013678850097405 9.098316192626953
1.0608280021111318 7.195411205291748
1.1079773312055856 6.093478679656982
1.1551268452531795 5.680608749389648
1.2022765521266063 5.653785705566406
1.2494264596988518 6.002086162567139
1.2965765758432086 6.326931476593018
1.343726908433286 6.6042160987854
1.390877465343022 6.970631122589111
1.4380282544466971 7.374704360961914
1.4851792836189444 7.585695266723633
1.532330560734763 7.9726972579956055
1.5794820936695284 8.146598815917969
1.626633890299006 8.115360260009766
1.6737859584993622 8.305654525756836
1.7209383061471775 8.523649215698242
1.7680909411194567 8.662565231323242
1.8152438712936425 8.781439781188965
1.8623971045476273 8.922863006591797
1.909550648759763 9.179393768310547
1.956704511808878 9.214242935180664
2.0038587015742837 9.231955528259277
2.051013225935789 9.461278915405273
2.0981680927737134 9.697412490844727
2.1453233099688953 10.005043983459473
2.19247888540271 10.422642707824707
2.2396348269570754 10.380435943603516
2.28679114251447 10.614012718200684
2.333947839957937 11.005880355834961
2.3811049271711053 11.30600357055664
2.4282624120381957 11.219511032104492
2.475420302444035 11.523283958435059
2.5225786062740676 11.958741188049316
2.5697373314143666 12.045501708984375
2.6168964857516483 12.19481372833252
2.6640560771732824 12.369752883911133
2.7112161135673016 12.536299705505371
2.7583766028224224 12.800084114074707
2.8055375528280457 13.179421424865723
2.8526989714742768 13.097177505493164
2.8998608666519337 12.99486255645752
2.947023246252563 13.283393859863281
2.994186118168447 13.762224197387695
3.0413494902926166 14.299976348876953
3.088513370518871 14.476141929626465
3.1356777667417783 14.772815704345703
3.182842686856695 15.099820137023926
3.2300081387597754 15.447482109069824
3.2771741303479853 15.75624942779541
3.324340669519114 16.262435913085938
3.371507764171782 16.352121353149414
3.4186754222054603 16.437389373779297
3.4658436515204767 16.85936737060547
3.513012460018033 16.96764373779297
3.560181855600209 17.070035934448242
3.6073518461699856 17.141138076782227
3.654522439631247 17.205549240112305
3.701693643888798 17.388761520385742
3.7488654668483767 17.31322479248047
3.79603791641666 17.239900588989258
3.843211000501289 17.159469604492188
3.890384727010865 17.120227813720703
3.937559103854973 17.27873992919922
3.9847341389441895 17.31336212158203
4.031909840190097 17.225900650024414
4.079086215505291 17.241369247436523
4.1262632728034 17.172630310058594
4.173441019999092 17.02607536315918
4.220619465008084 16.982818603515625
4.267798615747164 16.935823440551758
4.3149784801341955 16.76412582397461
4.36215906608813 16.671438217163086
4.409340381529021 16.75661849975586
4.45652243437804 16.729759216308594
4.503705232557479 16.636594772338867
4.5508887839907715 16.641136169433594
4.5980730966025 16.6392822265625
4.645258178318408 16.603256225585938
4.692444037065424 16.372282028198242
4.73963068077165 16.297277450561523
4.786818117366393 16.49003791809082
4.834006354780176 16.443944931030273
4.881195400944739 16.48354721069336
4.928385263793062 16.67976951599121
4.975575951259371 16.72574806213379
5.022767471279154 16.81985855102539
5.0699598317891725 17.0325927734375
5.117153040727473 17.08816146850586
5.164347106033396 17.11960220336914
5.211542035647595 17.432159423828125
5.258737837512044 17.681150436401367
5.305934519570051 17.869426727294922
5.353132089766272 18.098934173583984
5.400330556046718 18.36882781982422
5.44752992635878 18.553903579711914
5.494730208651217 18.6586856842041
5.541931410874199 18.988563537597656
5.5891335409792955 19.227354049682617
5.636336606919497 19.236005783081055
5.683540616649227 19.312923431396484
5.730745578124356 19.196348190307617
5.77795149930221 19.03618621826172
5.825158388141586 18.7862491607666
5.872366252602759 18.445322036743164
5.919575100647505 18.025768280029297
5.966784940239097 17.729759216308594
6.013995779342337 17.429134368896484
6.061207625923552 17.1116886138916
6.108420487950617 16.848127365112305
6.155634373392958 16.587966918945312
6.202849290221575 16.367990493774414
6.250065246409046 16.153535842895508
6.297282249929543 15.99715518951416
6.34450030875884 15.860833168029785
6.391719430874337 15.720093727111816
6.4389396242550605 15.613272666931152
6.4861608968816755 15.547185897827148
6.533383256736511 15.482688903808594
6.5806067118035605 15.443583488464355
6.627831270068494 15.498122215270996
6.675056939518679 15.45057487487793
6.722283728143188 15.37983512878418
6.76951164393281 15.288780212402344
6.816740694880064 15.145794868469238
6.863970888979212 15.087642669677734
6.911202234226273 15.149407386779785
6.958434738619035 15.140233993530273
7.005668410157058 15.06651782989502
7.052903256841705 15.104679107666016
7.100139286676139 15.11712646484375
7.147376507665341 15.056293487548828
7.194614927816126 14.953404426574707
7.241854555137151 14.882965087890625
7.289095397638917 14.940065383911133
7.336337463333816 14.880715370178223
7.383580760236102 14.864142417907715
7.43082529636193 14.872994422912598
7.478071079729356 14.902120590209961
7.5253181183583635 14.804043769836426
7.572566420270856 14.692010879516602
7.619815993490685 14.705373764038086
7.6670668460436655 14.70452880859375
7.714318985957579 14.734131813049316
7.761572421262176 14.78747844696045
7.808827159989211 14.781294822692871
7.85608321017245 14.732208251953125
7.903340579847669 14.76221752166748
7.950599277052688 14.859745025634766
7.99785930982736 14.866734504699707
8.0451206862136 14.832243919372559
8.092383414255398 14.807156562805176
8.139647501998816 14.707812309265137
8.186912957492025 14.747786521911621
8.234179788785301 14.788902282714844
8.281448003931034 14.731573104858398
8.328717610983754 14.6832275390625
8.375988618000134 14.708843231201172
8.423261033039019 14.74325180053711
8.470534864161408 14.633024215698242
8.517810119430496 14.557242393493652
8.565086806911678 14.547651290893555
8.612364934672549 14.613775253295898
8.659644510782943 14.589273452758789
8.706925543314913 14.507091522216797
8.754208040342775 14.546316146850586
8.8014920099431 14.556678771972656
8.848777460194741 14.53656005859375
8.896064399178828 14.6151762008667
8.943352834978796 14.581141471862793
8.990642775680403 14.456849098205566
9.037934229371718 14.379392623901367
9.08522720414316 14.352204322814941
9.1325217080875 14.46017837524414
9.179817749299866 14.542343139648438
9.227115335877777 14.35922908782959
9.274414475921128 14.351475715637207
9.321715177532225 14.370492935180664
9.3690174488158 14.347578048706055
9.416321297879 14.349735260009766
9.46362673283142 14.312311172485352
9.510933761785118 14.328312873840332
9.558242392854618 14.326750755310059
9.605552634156915 14.274654388427734
9.652864493811512 14.302453994750977
9.700177979940413 14.357986450195312
9.74749310066815 14.291214942932129
9.794809864121785 14.1994047164917
9.84212827843092 14.225119590759277
9.889448351727733 14.248085021972656
9.936770092146961 14.178964614868164
9.98409350782594 14.228788375854492
10.03141860690459 14.200557708740234
10.078745397525458 14.161432266235352
10.12607388783371 14.203869819641113
10.173404085977156 14.209667205810547
10.220736000106251 14.207181930541992
10.268069638374122 14.258590698242188
10.31540500893657 14.236981391906738
10.36274211995209 14.162997245788574
10.410080979581886 14.169845581054688
10.45742159598987 14.129776954650879
10.504763977342694 14.10710334777832
10.552108131809755 14.14544677734375
10.599454067563205 14.14918041229248
10.646801792777953 14.141766548156738
10.694151315631728 14.110185623168945
10.741502644305022 14.116458892822266
10.788855786981157 14.105381965637207
10.836210751846272 14.024279594421387
10.883567547089347 14.142623901367188
10.930926180902212 14.220680236816406
10.978286661479558 14.233671188354492
11.025648997018966 14.257735252380371
11.07301319572089 14.240119934082031
11.120379265788696 14.202262878417969
11.167747215428681 14.200718879699707
11.215117052850054 14.18789291381836
11.26248878626498 14.155817985534668
11.309862423888578 14.106141090393066
11.357237973938942 14.08635425567627
11.404615444637146 14.138050079345703
11.451994844207272 14.076892852783203
11.499376180876403 14.090886116027832
11.546759462874656 14.090692520141602
11.594144698435182 14.036526679992676
11.641531895794186 14.051203727722168
11.688921063190941 14.020859718322754
11.736312208867803 13.998600959777832
11.783705341070212 14.009915351867676
11.831100468046719 14.052667617797852
11.878497598049009 14.010483741760254
11.925896739331874 13.927597999572754
11.973297900153282 13.884725570678711
12.020701088774342 13.87109661102295
12.068106313459348 13.981531143188477
12.11551358247578 13.97523307800293
12.162922904094323 13.924903869628906
12.210334286588877 13.944726943969727
12.257747738236567 13.98675537109375
12.305163267317772 14.04476547241211
12.352580882116115 14.125941276550293
12.40000059091851 14.145720481872559
12.447422402015128 14.150198936462402
12.494846323699472 14.186091423034668
12.542272364268324 14.34752082824707
12.589700532021817 14.62086296081543
12.637130835263413 14.785115242004395
12.684563282299933 14.897181510925293
12.731997881441561 14.832806587219238
12.779434641001865 14.556130409240723
12.82687356929781 14.275691032409668
12.874314674649769 14.119513511657715
12.92175796538154 14.052266120910645
12.969203449820357 13.994606971740723
13.016651136296902 13.925850868225098
13.064101033145334 13.842363357543945
13.11155314870328 13.81932258605957
13.159007491311854 13.800395965576172
13.206464069315702 13.776847839355469
13.253922891062965 13.876363754272461
13.301383964905337 13.904211044311523
13.348847299198056 13.841340065002441
13.396312902299917 13.919656753540039
13.443780782573302 13.942331314086914
13.49125094838418 13.861566543579102
13.538723408102125 13.89346694946289
13.586198170100339 13.909228324890137
13.633675242755642 13.910727500915527
13.681154634448522 13.934547424316406
13.728636353563116 14.032525062561035
13.77612040848724 14.098814964294434
13.823606807612403 14.049102783203125
13.87109555933382 14.053077697753906
13.918586672050424 14.102499008178711
13.966080154164878 14.106473922729492
14.013576014083604 14.081465721130371
14.06107426021677 14.122587203979492
14.108574900978331 14.144147872924805
14.156077944786041 14.156620979309082
14.203583400061438 14.224467277526855
14.251091275229893 14.32966136932373
14.298601578720614 14.315333366394043
14.346114318966647 14.30552864074707
14.393629504404915 14.312112808227539
14.441147143476204 14.309171676635742
14.488667244625193 14.329216957092285
14.536189816300483 14.389634132385254
14.58371486695457 14.383756637573242
14.631242405043919 14.388659477233887
14.678772439028906 14.518054962158203
14.726304977373902 14.52182674407959
14.773840028547243 14.555004119873047
14.821377601021258 14.656352996826172
14.868917703272295 14.566498756408691
14.916460343780711 14.564199447631836
14.964005531030901 14.5514554977417
15.011553273511327 14.538174629211426
15.059103579714503 14.655923843383789
15.106656458137026 14.697531700134277
15.1542119172796 14.65883731842041
15.201769965647024 14.66795539855957
15.249330611748233 14.690254211425781
15.296893864096296 14.654601097106934
15.34445973120844 14.55527400970459
15.392028221606077 14.444883346557617
15.439599343814766 14.42451000213623
15.487173106364306 14.419340133666992
15.534749517788676 14.481095314025879
15.582328586626122 14.575582504272461
15.629910321419096 14.806589126586914
15.677494730714335 15.640239715576172
15.725081823062832 17.37384796142578
15.772671607019886 18.86077308654785
15.820264091145088 19.12579917907715
15.86785928400235 19.07676124572754
15.915457194159918 18.65369415283203
15.963057830190403 17.240455627441406
16.01066120067074 15.529394149780273
16.058267314182295 14.676071166992188
16.105876179310776 14.412603378295898
16.153487804646346 14.343222618103027
16.201102198783573 14.2904052734375
16.248719370321442 14.263351440429688
16.296339327863436 14.266639709472656
16.34396208001747 14.264928817749023
16.391587635395975 14.272315979003906
16.439216002615858 14.224272727966309
16.48684719029855 14.15288257598877
16.53448120707002 14.16036605834961
16.582118061560777 14.210235595703125
16.629757762405884 14.148268699645996
16.677400318245 14.14055347442627
16.72504573772236 14.174190521240234
16.772694029486807 14.248551368713379
16.820345202191817 14.365865707397461
16.867999264495484 14.45120906829834
16.915656225060598 14.478886604309082
16.963316092554567 14.494416236877441
17.01097887564951 14.407061576843262
17.058644583022257 14.196846008300781
17.10631322335433 14.105206489562988
17.153984805331998 14.085742950439453
17.20165933764626 14.0787992477417
17.2493368289929 13.985315322875977
17.29701728807246 13.994502067565918
17.344700723590304 14.04161262512207
17.392387144256563 14.068862915039062
17.440076558786227 14.176673889160156
17.487768975899126 14.281853675842285
17.535464404319914 14.411008834838867
17.58316285277817 14.612868309020996
17.6308643300083 14.990792274475098
17.678568844749666 15.56411075592041
17.72627640574652 16.641864776611328
17.773987021748063 19.07253074645996
17.821700701508426 25.675107955932617
17.86941745378675 43.16680145263672
17.91713728734712 78.02493286132812
17.96486021095863 118.18345642089844
18.01258623339539 132.91590881347656
18.06031536343655 108.97722625732422
18.108047609866297 67.17417907714844
18.155782981473887 37.15883255004883
18.20352148705364 23.68974494934082
18.251263135404997 18.77635383605957
18.299007935332494 16.767688751220703
18.346755895645796 15.754931449890137
18.3945070251597 15.18071174621582
18.44226133269419 14.886402130126953
18.490018827074405 14.644671440124512
18.53777951713068 14.468985557556152
18.585543411698577 14.391256332397461
18.633310519618828 14.210186958312988
18.681080849737484 14.116568565368652
18.728854410905786 14.08261775970459
18.776631211980288 14.05003833770752
18.82441126182281 14.08361530303955
18.872194569300504 14.065618515014648
18.91998114328582 14.007380485534668
18.967770992656558 13.922374725341797
19.015564126295878 13.83321475982666
19.063360553092295 13.792174339294434
19.111160281939743 13.87722110748291
19.158963321737524 14.077548027038574
19.206769681390384 14.642904281616211
19.254579369808503 15.927445411682129
19.302392395907525 17.63111114501953
19.350208768608546 18.936752319335938
19.398028496838172 19.072715759277344
19.44585158952849 18.288633346557617
19.493678055617124 17.057334899902344
19.541507904047233 15.610106468200684
19.58934114376754 14.411554336547852
19.637177783732323 13.779492378234863
19.685017832901455 13.528398513793945
19.73286130024042 13.412242889404297
19.780708194720322 13.386658668518066
19.828558525317895 13.41901683807373
19.87641230101556 13.336976051330566
19.92426953080136 13.256829261779785
19.97213022366907 13.209263801574707
20.01999438861816 13.208930969238281
20.06786203465381 13.267380714416504
20.115733170786978 13.214756965637207
20.163607806034346 13.225211143493652
20.211485949418368 13.21453857421875
20.259367609967313 13.169443130493164
20.30725279671527 13.115215301513672
20.355141518702105 13.18651008605957
20.403033784973577 13.21350383758545
20.450929604581297 13.177188873291016
20.49882898658273 13.135401725769043
20.546731940041262 13.07184886932373
20.594638474026194 13.0999174118042
20.642548597612713 13.173712730407715
20.690462319882023 13.240975379943848
20.738379649921246 13.31655502319336
20.786300596823505 13.42969036102295
20.834225169687922 13.631598472595215
20.882153377619634 13.744781494140625
20.930085229729798 13.901670455932617
20.978020735135658 14.291186332702637
21.025959902960505 15.00794792175293
21.07390274233371 16.376134872436523
21.121849262390786 19.3172664642334
21.16979947227334 25.632492065429688
21.217753381129114 36.35188674926758
21.26571099811204 49.72713088989258
21.31367233238221 59.14918518066406
21.361637393105894 58.2226448059082
21.409606189455612 47.80261993408203
21.457578730610074 34.659244537353516
21.50555502575427 24.68707847595215
21.55353508407944 19.18732452392578
21.601518914783114 16.402721405029297
21.649506527069118 15.0303316116333
21.6974979301476 14.252387046813965
21.74549313323506 13.797672271728516
21.79349214555434 13.599591255187988
21.841494976334648 13.36397933959961
21.8895016348116 13.2106294631958
21.93751213022723 13.191727638244629
21.985526471829974 13.167426109313965
22.033544668874736 13.421250343322754
22.081566730622882 14.54837703704834
22.12959266634226 17.9874210357666
22.17762248530721 24.533702850341797
22.22565619679861 31.384971618652344
22.273693810103868 35.00127029418945
22.321735334516944 33.224544525146484
22.36978077933839 26.515039443969727
22.417830153875325 19.274070739746094
22.465883467441515 15.024229049682617
22.51394072935732 13.391194343566895
22.56200194894979 12.851590156555176
22.61006713555259 12.65644645690918
22.658136298506136 12.591775894165039
22.7062094471575 12.496434211730957
22.754286590860502 12.433609962463379
22.802367738975697 12.458148002624512
22.850452900870405 12.667609214782715
22.89854208591872 12.956269264221191
22.946635303501544 13.413172721862793
22.994732563006597 14.104580879211426
23.042833873828435 15.12559700012207
23.090939245368453 16.046194076538086
23.13904868703497 16.377220153808594
23.187162208243134 16.161874771118164
23.235279818415044 15.964812278747559
23.283401526979745 16.61627197265625
23.33152734337319 17.882360458374023
23.37965727703834 18.929828643798828
23.427791337425145 19.086761474609375
23.47592953399052 18.222240447998047
23.524071876198473 16.733259201049805
23.572218373520005 15.215616226196289
23.620369035433214 14.025458335876465
23.66852387142328 13.240921020507812
23.71668289098247 12.787031173706055
23.7648461036102 12.444046974182129
23.81301351881303 12.264535903930664
23.861185146104653 12.153348922729492
23.909360995005983 12.046039581298828
23.95754107504513 11.9686861038208
24.005725395757405 11.944891929626465
24.053913966685375 11.909558296203613
24.102106797378866 11.884671211242676
24.150303897394995 11.954962730407715
24.198505276298174 12.270411491394043
24.24671094366013 13.000262260437012
24.294920909059943 14.185681343078613
24.34313518208406 14.985673904418945
24.391353772326276 15.032455444335938
24.439576689387813 14.475228309631348
24.487803942877324 13.65126895904541
24.536035542410875 13.001348495483398
24.584271497611997 12.8492431640625
24.63251181811174 13.005049705505371
24.680756513548594 13.04804515838623
24.729005593568612 13.122191429138184
24.777259067825383 12.967345237731934
24.825516945980056 12.646994590759277
24.873779237701342 12.461002349853516
24.922045952665584 12.448328971862793
24.970317100556738 12.890581130981445
25.01859269106638 14.102051734924316
25.06687273389379 15.895853996276855
25.11515723874591 17.235673904418945
25.163446215337355 17.741174697875977
25.211739673390536 17.76555061340332
25.26003762263555 17.19142723083496
25.30834007281028 15.670273780822754
25.356647033660412 14.291725158691406
25.4049585149394 13.828262329101562
25.453274526408567 14.455391883850098
25.50159507783705 15.220144271850586
25.5499201790019 15.196989059448242
25.598249839688002 15.208244323730469
25.646584069688203 15.182531356811523
25.69492287880325 14.899114608764648
25.74326627684187 13.455780029296875
25.79161427362073 12.248918533325195
25.839966878964535 12.049993515014648
25.88832410270596 11.9485502243042
25.936685954685757 11.845013618469238
25.985052444752714 11.821240425109863
26.033423582763717 11.878534317016602
26.081799378583742 11.853691101074219
26.130179842085873 11.804292678833008
26.178564983151375 11.789578437805176
26.226954811669643 11.771249771118164
26.275349337538273 11.747746467590332
26.323748570663092 11.745584487915039
26.372152520958103 11.74974250793457
26.42056119834562 11.767814636230469
26.468974612756185 11.751388549804688
26.517392774128663 11.730388641357422
26.565815692410215 11.742902755737305
26.614243377556363 11.749761581420898
26.662675839530973 11.7019681930542
26.71111308830628 11.652460098266602
26.759555133862968 11.636082649230957
26.808001986190078 11.629599571228027
26.85645365528518 11.62928295135498
26.904910151154237 11.561393737792969
26.95337148381175 11.541460990905762
27.001837663280728 11.542523384094238
27.05030869959271 11.529245376586914
27.09878460278778 11.563567161560059
27.147265382914615 11.576424598693848
27.1957510500305 11.55080509185791
27.244241614201343 11.58340835571289
27.292737085501678 11.674418449401855
27.341237474014736 11.790575981140137
27.389742789832436 11.99484920501709
27.43825304305538 12.571878433227539
27.486768243792948 13.71119499206543
27.535288402163264 15.015768051147461
27.583813528293227 15.84119987487793
27.63234363231855 16.031309127807617
27.680878724383764 15.890209197998047
27.72941881464226 14.932968139648438
27.777963913256293 13.532975196838379
27.826514030397025 12.515949249267578
27.875069176244526 12.104840278625488
27.923629360987825 12.04098892211914
27.972194594824884 12.111798286437988
28.020764887962677 12.203572273254395
28.069340250617195 12.639904975891113
28.11792069301346 13.653253555297852
28.1665062253855 15.471481323242188
28.215096857976512 17.39695167541504
28.263692601038745 18.231210708618164
28.312293464833555 17.804819107055664
28.3608994596315 16.88117218017578
28.40951059571228 16.357555389404297
28.458126883364802 16.778478622436523
28.506748332887184 18.30060577392578
28.555374954586803 21.087650299072266
28.604006758780294 25.745197296142578
28.65264375579358 34.20840835571289
28.701285955961925 50.85038375854492
28.749933369629893 80.85870361328125
28.798586007151442 123.79351043701172
28.847243878889902 162.03640747070312
28.89590699521803 171.78057861328125
28.94457536651799 145.09658813476562
28.99324900318144 100.1618423461914
29.041927915609488 62.28863525390625
29.090612114212757 40.458351135253906
29.13930160941143 29.499568939208984
29.18799641163521 24.060720443725586
29.2366965313234 21.224184036254883
29.285401978924885 19.716716766357422
29.334112764898205 18.839672088623047
29.382828899711548 18.29990005493164
29.431550393842752 17.95825958251953
29.48027725777941 17.49494743347168
29.529009502018777 16.932939529418945
29.57774713706791 16.27251434326172
29.626490173443614 15.605072021484375
29.675238621672527 15.01452922821045
29.72399249229106 14.531657218933105
29.77275179584553 14.08054256439209
29.821516542892095 13.870028495788574
29.87028674399681 13.75391674041748
29.919062409735677 13.697118759155273
29.96784355069465 13.727931022644043
30.016630177469626 13.835474014282227
30.065422300666526 14.088166236877441
30.114219930901314 14.541542053222656
30.163023078799966 15.248494148254395
30.211831754998574 16.25368309020996
30.260645970143297 17.631298065185547
30.309465734890427 19.612924575805664
30.358291059906435 22.205608367919922
30.407121955867957 25.379446029663086
30.455958433461817 28.962875366210938
30.504800503385095 32.355281829833984
30.55364817634509 34.77808380126953
30.602501463059433 35.59652328491211
30.65136037425602 34.757633209228516
30.700224920673108 32.99856185913086
30.749095113059266 31.454872131347656
30.797970962173526 31.909147262573242
30.846852478785262 37.0655517578125
30.89573967367432 49.26252365112305
30.94463255763098 65.67508697509766
30.993531141456053 76.58432006835938
31.04243543596085 72.64970397949219
31.091345451967175 56.682823181152344
31.140261200307517 39.037322998046875
31.189182691824826 27.45854377746582
31.23810993737276 22.415876388549805
31.287042947815603 20.750085830688477
31.33598173402829 20.598087310791016
31.384926306896524 21.2066650390625
31.433876677316643 22.353870391845703
31.482832856195834 24.04104995727539
31.531794854452 26.204378128051758
31.580762683013887 28.62636375427246
31.629736352821052 31.136320114135742
31.678715874823933 33.819580078125
31.727701259983856 36.80470657348633
31.776692519273087 40.62516784667969
31.825689663674794 45.52546691894531
31.87469270418312 50.97993087768555
31.923701651803274 55.76200866699219
31.972716517551415 59.612548828125
32.02173731245478 65.70063781738281
32.0707640475517 80.02286529541016
32.11979673389162 114.34638214111328
32.1688353825351 183.345947265625
32.2178800045539 292.0573425292969
32.26693061103092 398.1498107910156
32.315987213060325 436.04437255859375
32.36504982174754 376.05755615234375
32.41411844820923 261.35107421875
32.463193103573374 155.69383239746094
32.51227379897929 90.45712280273438
32.561360545577664 57.667694091796875
32.61045335453056 41.530235290527344
32.65955223701146 32.740234375
32.70865720420532 27.863601684570312
32.75776826730855 25.857698440551758
32.80688543752904 26.35568618774414
32.856008726086245 28.543498992919922
32.90513814421118 30.01512336730957
32.95427370314644 28.56802749633789
33.00341541414624 24.689783096313477
33.05256328847644 20.28824806213379
33.101717337414584 17.312410354614258
33.15087757224992 16.168766021728516
33.2000440042834 16.699424743652344
33.249216644827804 19.12655258178711
33.29839550520766 22.810033798217773
33.3475805967593 26.09589385986328
33.396771930830944 27.728958129882812
33.44596951878271 25.619604110717773
33.495173371986574 20.92417335510254
33.54438350182647 16.70998764038086
33.59359991969832 14.491450309753418
33.64282263701003 13.842446327209473
33.69205166518154 13.95008659362793
33.74128701564484 14.341487884521484
33.79052869984402 14.942561149597168
33.8397767292353 15.720672607421875
33.889031115287004 16.666641235351562
33.93829186947967 17.632061004638672
33.98755900330606 18.495323181152344
34.03683252827114 19.081445693969727
34.08611245589216 19.129562377929688
34.13539879769866 18.712356567382812
34.18469156523255 17.917369842529297
34.23399077004804 16.89741325378418
34.28329642371179 15.848974227905273
34.33260853780282 14.90903091430664
34.381927123912675 14.388824462890625
34.43125219364532 14.247489929199219
34.48058375861729 14.512239456176758
34.52992183045762 15.720426559448242
34.57926642080794 18.805723190307617
34.6286175413225 22.188701629638672
34.67797520366818 24.80508041381836
34.7273394195245 26.377710342407227
34.77671020058372 25.531204223632812
34.82608755855087 22.24205207824707
34.87547150514362 18.636760711669922
34.92486205209259 16.52056121826172
34.9742592111411 16.066062927246094
35.02366299404542 17.765396118164062
35.073073412574644 19.260181427001953
35.122490478510855 19.84632682800293
35.17191420364901 20.49445152282715
35.22134459979714 19.489797592163086
35.27078167877625 17.73984718322754
35.32022545242039 16.690603256225586
35.3696759325767 16.188447952270508
35.419133131105475 16.405527114868164
35.4685970598801 17.311643600463867
35.518067730787195 18.684324264526367
35.56754515572655 20.567054748535156
35.61702934661121 23.248098373413086
35.666520315367535 27.161357879638672
35.716018073935174 33.039093017578125
35.76552263426709 42.339149475097656
35.81503400832969 57.8985595703125
35.864552208102715 84.8097152709961
35.91407724557943 132.19943237304688
35.96360913276652 205.26715087890625
36.01314788168422 287.8158874511719
36.06269350436627 344.5588073730469
36.11224601286004 340.20208740234375
36.16180541922642 277.5967102050781
36.211371735540055 195.92520141601562
36.26094497388921 129.36480712890625
36.31052514637588 94.36624145507812
36.36011226511579 84.03536987304688
36.40970634223845 85.38961791992188
36.45930738988717 85.90743255615234
36.50891542021919 77.2870864868164
36.558530445405516 61.51240158081055
36.60815247763116 45.363338470458984
36.657781529095026 34.81679153442383
36.70741761201007 30.03968620300293
36.75706073860317 28.555198669433594
36.80671092111539 28.60555648803711
36.85636817180177 29.142925262451172
36.906032502931545 29.474958419799805
36.95570392678806 29.116989135742188
37.00538245566892 27.83910369873047
37.05506810188587 25.99471092224121
37.104760877765024 23.996318817138672
37.15446079564671 22.2004337310791
37.204167867885644 20.914081573486328
37.253882106850895 20.480545043945312
37.30360352492595 21.063602447509766
37.35333213450868 23.133848190307617
37.40306794801156 27.48918914794922
37.452810977861446 34.84660339355469
37.502561236499844 45.854949951171875
37.55231873638279 60.22002029418945
37.60208348998095 75.0792465209961
37.651855509779644 85.61200714111328
37.70163480827894 88.59561157226562
37.75142139799357 89.64979553222656
37.80121529145307 92.22881317138672
37.85101650120176 101.13079071044922
37.90082503979883 118.62604522705078
37.9506409198183 133.04708862304688
38.00046415384918 129.9407501220703
38.05029475449535 107.51789855957031
38.10013273437572 77.06529998779297
38.14997810612426 51.43669509887695
38.19983088238992 35.683250427246094
38.24969107583679 26.757699966430664
38.29955869914412 21.190906524658203
38.34943376500632 17.645959854125977
38.39931628613302 15.38102912902832
38.449206275249075 13.886038780212402
38.49910374509463 12.98715591430664
38.549008708425184 12.333065032958984
38.59892117801161 11.793334007263184
38.648841166640125 11.385467529296875
38.69876868711243 11.196208953857422
38.748703752245724 11.05392074584961
38.79864637487264 10.873226165771484
38.84859656784146 10.744393348693848
38.89855434401603 10.570125579833984
38.948519716275804 10.50251293182373
38.99849269751592 10.592025756835938
39.048473300647245 10.711834907531738
39.098461538596375 10.945323944091797
39.14845742430571 11.459035873413086
39.198460970733464 12.35014820098877
39.24847219085372 13.706499099731445
39.298491097656466 15.635931968688965
39.34851770414769 17.642621994018555
39.398552023349254 19.196426391601562
39.44859406829913 20.03081512451172
39.49864385205136 20.13174057006836
39.54870138767604 19.570240020751953
39.598766688259445 18.300979614257812
39.64883976690403 16.892667770385742
39.69892063672847 16.04031753540039
39.749009310867706 15.869736671447754
39.799105802473 16.123876571655273
39.849210124711945 16.44386863708496
39.89932229076851 16.495725631713867
39.94944231384314 16.09056854248047
39.99957020715271 15.050995826721191
40.049705983930586 13.681560516357422
40.09984965742674 12.429651260375977
40.150001240907706 11.43521499633789
40.20016074765666 10.73586654663086
40.250328190973434 10.332706451416016
40.30050358417461 10.171375274658203
40.350686940593505 10.14097785949707
40.40087827358022 10.258038520812988
40.451077596501754 10.435659408569336
40.501284922741945 10.534934043884277
40.55150026570158 10.494649887084961
40.60172363879836 10.266024589538574
40.65195505546709 9.976405143737793
40.70219452915955 9.627660751342773
40.752442073344675 9.353936195373535
40.80269770150847 9.212251663208008
40.85296142715416 9.145825386047363
40.90323326380226 9.121596336364746
40.95351322499041 9.108855247497559
41.00380132427366 9.121378898620605
41.0540975752244 9.13422966003418
41.10440199143242 9.121728897094727
41.15471458650488 9.105194091796875
41.20503537406654 9.03451919555664
41.25536436775961 9.008708953857422
41.3057015812439 8.945395469665527
41.356047028196784 8.885557174682617
41.40640072231341 8.96127700805664
41.456762677306486 9.262845039367676
41.5071329069066 9.906003952026367
41.55751142486203 10.724562644958496
41.60789824493895 11.1664400100708
41.65829338092139 11.28806209564209
41.708696846611346 11.012167930603027
41.75910865582871 10.503437995910645
41.80952882241147 9.900039672851562
41.859957360215645 9.432347297668457
41.91039428311534 9.147407531738281
41.960839605002825 9.010209083557129
42.011293339788594 8.962550163269043
42.06175550140134 8.951896667480469
42.11222610378811 8.943636894226074
42.16270516091419 8.904163360595703
42.21319268676335 8.878654479980469
42.263688695337734 8.908700942993164
42.31419320065794 8.999804496765137
42.36470621676313 9.08984375
42.41522775771105 9.20609188079834
42.46575783757796 9.383827209472656
42.516296470458876 9.559469223022461
42.56684367046752 9.745412826538086
42.61739945173631 9.959839820861816
42.66796382841647 10.142704010009766
42.718536814678146 10.219626426696777
42.7691184247103 10.218032836914062
42.81970867272091 10.137540817260742
42.870307572936866 9.9992036819458
42.92091513960415 9.85566234588623
42.97153138698782 9.685315132141113
43.02215632937209 9.595810890197754
43.0727899810603 9.762075424194336
43.12343235637509 10.416460037231445
43.17408346965832 11.665182113647461
43.22474333527125 14.679215431213379
43.27541196759445 19.909311294555664
43.32608938102795 23.03738021850586
43.37677558999125 23.174467086791992
43.42747060892341 21.17388153076172
43.47817445228298 18.51738166809082
43.52888713454822 15.693249702453613
43.57960867021703 13.544316291809082
43.630339073807015 12.087258338928223
43.68107835985561 11.333910942077637
43.73182654292003 11.107010841369629
43.78258363757736 11.117486953735352
43.83334965842463 11.388747215270996
43.88412462007881 11.855439186096191
43.93490853717695 12.605842590332031
43.98570142437617 13.642435073852539
44.03650329635363 15.13973331451416
44.087314167806824 17.363201141357422
44.1381340534533 20.84377098083496
44.188962968031035 26.326168060302734
44.23980092629826 34.71284103393555
44.29064794303358 46.333553314208984
44.341504033036095 58.93428421020508
44.39236921112536 67.07148742675781
44.44324349214144 67.12389373779297
44.49412689094506 58.715572357177734
44.54501942241754 45.99296569824219
44.5959211014609 33.99290466308594
44.64683194299792 25.39388084411621
44.6977519619722 20.181507110595703
44.74868117334815 17.046443939208984
44.79961959211115 15.019268035888672
44.85056723326748 13.692441940307617
44.90152411184448 12.929047584533691
44.95249024289053 12.420955657958984
45.00346564147517 12.206768989562988
45.05445032268905 12.264419555664062
45.105444301644155 12.253593444824219
45.15644759347364 12.064544677734375
45.20746021333208 11.814449310302734
45.25848217639541 11.59635066986084
45.30951349786104 11.520015716552734
45.36055419294783 11.753494262695312
45.41160427689626 12.270230293273926
45.46266376496841 13.18810749053955
45.51373267244798 14.780343055725098
45.56481101464047 17.39161491394043
45.615898806873076 21.040102005004883
45.66699606449493 25.382543563842773
45.71810280287698 29.918609619140625
45.76921903741214 33.45037841796875
45.82034478351534 35.506690979003906
45.87148005662356 35.34935760498047
45.92262487219592 32.54821014404297
45.973779245713665 27.471731185913086
46.02494319268032 21.457380294799805
46.0761167286217 15.824429512023926
46.12729986908594 12.019431114196777
46.178492629643586 10.073785781860352
46.22969502588764 9.368770599365234
46.280907073433625 9.09968376159668
46.332128787919686 8.975301742553711
46.383360185006524 8.838685989379883
46.43460128037759 8.729918479919434
46.485852089739076 8.636589050292969
46.53711262881996 8.581474304199219
46.588382913372115 8.519737243652344
46.639662959170344 8.544709205627441
46.69095278201246 8.682660102844238
46.74225239771924 8.771827697753906
46.79356182213465 8.811670303344727
46.8448810711258 8.84779167175293
46.896210160583 8.809110641479492
46.94754910641989 8.695357322692871
46.998897924573434 8.618438720703125
47.050256631004004 8.653727531433105
47.10162524169543 8.699938774108887
47.15300377265507 8.743793487548828
47.2043922399139 8.860407829284668
47.255790659526554 8.948463439941406
47.30719904757133 8.977709770202637
47.358617420150324 8.950986862182617
47.410045793389465 8.904203414916992
47.461484183438586 8.921717643737793
47.5129326064715 8.983505249023438
47.564391078686 9.066995620727539
47.61585961630397 9.119317054748535
47.667338235571464 9.102778434753418
47.71882695275876 9.145055770874023
47.77032578416035 9.173985481262207
47.82183474609512 9.20388412475586
47.87335385490631 9.249841690063477
47.924883126961674 9.348690032958984
47.97642257865348 9.386096000671387
48.027972226398525 9.418990135192871
48.07953208663834 9.497060775756836
48.13110217583912 9.60032844543457
48.18268251049189 9.726540565490723
48.234273107112514 9.877646446228027
48.28587398224176 10.016216278076172
48.33748515244535 10.20788288116455
48.389106634314096 10.48114013671875
48.440738444463896 10.799710273742676
48.49238059953584 11.111099243164062
48.54403311619623 11.466787338256836
48.59569601113672 11.860918045043945
48.64736930107427 12.313201904296875
48.69905300275138 12.854085922241211
48.75074713293598 13.537023544311523
48.8024517084216 14.380840301513672
48.85416674602742 15.242631912231445
48.90589226259831 15.760684967041016
48.9576282750049 15.587068557739258
49.00937480014378 14.728665351867676
49.061131854937294 13.567851066589355
49.11289945633385 12.656203269958496
49.16467762130791 12.299617767333984
49.21646636686006 12.367294311523438
49.26826571001702 12.625113487243652
49.320075667831816 12.85470199584961
49.371896257383796 12.990617752075195
49.42372749577869 13.128844261169434
49.47556940014868 13.644742965698242
49.52742198765254 14.967927932739258
49.57928527547554 17.676956176757812
49.63115928082977 22.5111026763916
49.68304402095395 29.24397850036621
49.73493951311366 36.19905090332031
49.78684577460137 40.51863479614258
49.83876282273651 40.230220794677734
49.890690674865574 35.77965545654297
49.94262934836206 29.32387351989746
49.994578860626746 23.678966522216797
50.04653922908759 20.33260154724121
50.09851047119993 19.03144073486328
50.15049260444642 18.83293914794922
50.20248564633722 19.403560638427734
50.254489614410055 20.534616470336914
50.30650452623023 22.52748680114746
50.3585303993907 26.200529098510742
50.41056725151226 32.96394348144531
50.46261510024349 45.50929641723633
50.514673963260854 66.25021362304688
50.566743858268836 94.56757354736328
50.61882480299998 123.7647705078125
50.670916815214916 141.1195831298828
50.72301991270255 138.6776580810547
50.775134113279975 117.82978057861328
50.82725943479274 87.67420959472656
50.87939589511477 60.057559967041016
50.9315435121485 41.04032897949219
50.983702303824984 29.752704620361328
51.035872288103896 23.254247665405273
51.08805348297369 19.158992767333984
51.140245906451575 16.50006866455078
51.192449576583755 14.624269485473633
51.24466451144529 13.27308464050293
51.29689072914039 12.328428268432617
51.349128247802334 11.552949905395508
51.40137708559358 10.970556259155273
51.45363726070597 10.547527313232422
51.50590879136061 10.187278747558594
51.558191695808084 9.939427375793457
51.61048599232853 9.687382698059082
51.66279169923164 9.483620643615723
51.715108834856814 9.339405059814453
51.76743741757317 9.1651029586792
51.81977746577974 9.037389755249023
51.87212899790542 8.974631309509277
51.92449203240917 8.893906593322754
51.976866587779945 8.830483436584473
52.02925268253691 8.850812911987305
52.081650335229526 8.835260391235352
52.1340595644375 8.7986421585083
52.186480388771024 8.785982131958008
52.23891282687072 8.779986381530762
52.29135689740786 8.84319019317627
52.343812619084254 9.166336059570312
52.39628001063261 9.91295051574707
52.44875909081636 10.776657104492188
52.50124987842989 11.1751070022583
52.55375239229853 11.421443939208984
52.606266651278766 11.00687026977539
52.65879267425817 10.180503845214844
52.711330480155624 9.721599578857422
52.7638800879213 9.603133201599121
52.81644151653683 9.58030891418457
52.86901478501534 9.72298812866211
52.921599912401476 10.055489540100098
52.97419691777169 10.501663208007812
53.02680582023412 10.938789367675781
53.07942663892874 11.101896286010742
53.132059393027504 11.034065246582031
53.18470410173437 10.84303092956543
53.23736078428546 10.564226150512695
53.29002945994899 10.406719207763672
53.342710148025574 10.458453178405762
53.395402867848155 10.74218463897705
53.44810763878213 11.417724609375
53.50082448022553 12.54477310180664
53.55355341160892 14.379129409790039
53.606294452395694 17.337881088256836
53.659047622082014 22.10816764831543
53.711812940196985 28.720829010009766
53.76459042630273 35.805667877197266
53.817380099994445 40.61167526245117
53.87018198090053 41.18743133544922
53.92299608868266 37.167236328125
53.9758224430359 30.24807357788086
54.02866106368877 23.187284469604492
54.08151197040335 17.815811157226562
54.134375182975354 14.479843139648438
54.18725072123424 12.561097145080566
54.24013860504337 11.392583847045898
54.29303885429995 10.666945457458496
54.34595148893524 10.241499900817871
54.39887652891468 9.966973304748535
54.45181399423782 9.75325870513916
54.504763904938585 9.533010482788086
54.55772628108531 9.362085342407227
54.61070114278082 9.23281192779541
54.663688510162494 9.169962882995605
54.716688403402486 9.188925743103027
54.76970084270766 9.276267051696777
54.82272584831984 9.40406608581543
54.87576344051579 9.692654609680176
54.92881363960733 10.342569351196289
54.98187646594152 11.350358009338379
55.03495193990067 12.574230194091797
55.0880400819025 13.592462539672852
55.141140912400125 13.995682716369629
55.194254451882294 13.603622436523438
55.247380720873466 12.58275318145752
55.300519739933804 11.58508586883545
55.35367152965938 10.894973754882812
55.40683611068221 10.520256042480469
55.46001350367044 10.427301406860352
55.51320372932837 10.521172523498535
55.56640680839657 10.938129425048828
55.619622761652 11.7012300491333
55.67285160990811 13.099924087524414
55.72609337401493 15.658223152160645
55.77934807485915 20.133413314819336
55.83261573336436 27.08726692199707
55.88589637049092 35.090972900390625
55.939190007236256 41.31058120727539
55.9924966646349 43.12371826171875
56.04581636375856 39.84224319458008
56.09914912571631 33.160160064697266
56.15249497165461 25.79998207092285
56.205853922757484 20.199562072753906
56.25922600024656 17.052719116210938
56.31261122538121 15.396343231201172
56.366009619458644 14.429072380065918
56.41942120381407 13.88919734954834
56.4728459998207 13.709512710571289
56.52628402888999 13.78681468963623
56.57973531247161 14.106717109680176
56.63319987205365 14.610851287841797
56.68667772916272 15.315179824829102
56.74016890536396 16.119537353515625
56.793673422261335 16.920574188232422
56.84719130149757 17.84281349182129
56.90072256475433 18.679433822631836
56.95426723375238 19.257150650024414
57.00782533025158 19.18940544128418
57.06139687605112 18.354188919067383
57.11498189298957 16.922840118408203
57.16858040294496 15.36747932434082
57.22219242783497 14.20487117767334
57.27581798961699 14.132887840270996
57.32945711028829 15.716137886047363
57.383109811886015 18.34061622619629
57.436776116487486 22.849985122680664
57.490456046210106 27.235126495361328
57.544149623211666 26.81840705871582
57.5978568696903 26.996610641479492
57.6515778078847 24.946638107299805
57.70531246007424 22.0567569732666
57.759060848579054 19.257896423339844
57.81282299576009 18.22113609313965
57.86659892401945 18.203792572021484
57.92038865580018 18.91080665588379
57.97419221358668 20.17072296142578
58.028009619904665 21.999483108520508
58.08184089732138 24.601980209350586
58.135686068445615 28.488630294799805
58.1895451559279 34.28732681274414
58.24341818246058 42.84458923339844
58.29730517077807 55.13069152832031
58.35120614365672 70.52375030517578
58.40512112391519 86.51530456542969
58.4590501344144 98.01622009277344
58.51299319805782 100.89234924316406
58.566950337791454 94.57805633544922
58.62092157660393 81.09568786621094
58.6749069375268 65.17601013183594
58.72890644363453 51.54757308959961
58.78292011804467 41.9510383605957
58.836947983917995 35.76837921142578
58.89099006445853 31.520727157592773
58.945046382913866 28.46988296508789
58.999116962575066 26.474220275878906
59.05320182677701 25.240131378173828
59.107300998898324 24.711963653564453
59.161414502361666 24.9036808013916
59.21554236063377 25.780105590820312
59.26968459722556 27.446035385131836
59.32384123569239 30.159128189086914
59.378012299634065 34.464839935302734
59.43219781269498 40.88465118408203
59.486397798564326 50.340511322021484
59.54061228097612 64.8902816772461
59.594841283709464 87.76397705078125
59.649084830588556 120.7712173461914
59.70334294548287 160.15927124023438
59.757615652307344 196.5950469970703
59.81190297502244 215.72084045410156
59.86620493763428 211.239501953125
59.9205215641948 184.91656494140625
59.97485287880195 145.34613037109375
60.02919890559972 106.09568786621094
60.08355966877833 76.1636962890625
60.137935192574396 56.69522476196289
60.19232550127102 44.85209274291992
60.24673061919795 37.41342544555664
60.301150570731664 32.79997634887695
60.355585380295665 30.277578353881836
60.41003507236042 29.384462356567383
60.464499671443676 29.8212890625
60.518979202110444 31.136253356933594
60.57347368897327 32.885902404785156
60.62798315669229 34.83079147338867
60.68250762997543 36.58306121826172
60.73704713357853 37.75278091430664
60.79160169230549 37.93552780151367
60.84617133100836 36.40007781982422
60.90075607458761 33.3830451965332
60.95535594799211 29.07053565979004
61.00997097621942 24.305234909057617
61.06460118431593 20.49938201904297
61.119246597376815 18.23833656311035
61.17390724054645 18.23383331298828
61.2285831390184 19.28609275817871
61.28327431803553 20.615116119384766
61.33798080289035 21.767179489135742
61.39270261892496 22.145870208740234
61.447439791531295 20.945919036865234
61.50219234615121 18.876121520996094
61.556960308276764 16.433015823364258
61.61174370345028 14.189519882202148
61.66654255726447 12.626251220703125
61.721356895362625 11.627267837524414
61.776186743438785 10.946495056152344
61.83103212723788 10.590725898742676
61.88589307255588 10.357575416564941
61.94076960523993 10.201262474060059
61.99566175118855 10.13859748840332
62.050569536351766 10.049445152282715
62.10549298673126 9.993980407714844
62.16043212838055 10.015724182128906
62.21538698740516 10.046743392944336
62.270357589962686 10.077820777893066
62.32534396226308 10.080872535705566
62.38034613056873 10.059699058532715
62.43536412119468 10.10936164855957
62.49039796050871 10.181632041931152
62.545447674931594 10.304637908935547
62.60051329093712 10.518243789672852
62.6555948350525 10.823953628540039
62.71069233385826 11.304410934448242
62.76580581398855 12.055116653442383
62.820935302131275 13.171011924743652
62.8760808250283 14.893645286560059
62.93124240947558 17.458314895629883
62.986420082323356 20.493877410888672
63.041613870476205 23.236309051513672
63.096823800893404 24.900760650634766
63.152049900588956 24.987459182739258
63.20729219663179 23.542375564575195
63.262550716145974 21.147106170654297
63.31782548631084 18.562042236328125
63.37311653436113 16.45839500427246
63.42842388758728 14.956767082214355
63.48374757333545 13.936500549316406
63.539087619007866 13.17426586151123
63.5944440520628 12.659412384033203
63.64981690001486 12.322680473327637
63.705206190435156 12.167311668395996
63.76061195095154 12.124374389648438
63.81603420924857 12.192830085754395
63.87147299306796 12.37292766571045
63.926928330208526 12.698579788208008
63.982400248526496 13.096065521240234
64.03788877593576 13.475106239318848
64.09339394040776 13.903457641601562
64.148915769972 14.598628044128418
64.20445429271605 15.844154357910156
64.26000953678577 18.057327270507812
64.3155815303855 22.056533813476562
64.37117030177816 29.433349609375
64.42677587928561 41.282989501953125
64.4823982912887 56.89350509643555
64.53803756622747 72.17449951171875
64.59369373260137 81.54352569580078
64.64936681896944 82.28758239746094
64.70505685395052 73.81121063232422
64.76076386622333 58.8107795715332
64.8164878845268 42.583919525146484
64.8722289376602 29.905752182006836
64.92798705448335 22.35913848876953
64.98376226391676 18.45146942138672
65.0395545949419 16.454200744628906
65.0953640766013 15.556669235229492
65.15119073799887 15.244157791137695
65.20703460829994 15.376782417297363
65.26289571673155 15.757805824279785
65.31877409258276 16.114788055419922
65.37466976520454 16.18856430053711
65.43058276401028 15.903570175170898
65.48651311847583 15.473825454711914
65.54246085813968 15.03651237487793
65.59842601260331 14.69961929321289
65.65440861153117 14.475379943847656
65.71040868465109 14.232330322265625
65.76642626175439 13.685791969299316
65.82246137269608 12.935269355773926
65.87851404739511 12.245019912719727
65.93458431583448 11.59689998626709
65.9906722080615 11.181048393249512
66.04677775418811 11.012140274047852
66.1029009843909 11.133415222167969
66.15904192891142 11.397113800048828
66.21520061805639 11.969141006469727
66.27137708219789 13.174884796142578
66.32757135177353 15.406726837158203
66.38378345728682 18.530014038085938
66.44001342930716 22.531423568725586
66.49626129847022 27.60248565673828
66.55252709547806 32.71251678466797
66.60881085109942 36.80917739868164
66.6651125961699 41.15996551513672
66.72143236159224 44.92304611206055
66.77777017833631 47.036128997802734
66.83412607743968 48.57219696044922
66.89050009000762 48.29259490966797
66.94689224721323 44.920040130615234
67.00330258029794 38.96035385131836
67.05973112057157 31.862878799438477
67.11617789941249 24.462615966796875
67.17264294826799 18.761655807495117
67.22912629865439 15.733621597290039
67.28562798215744 15.128617286682129
67.34214803043223 16.12617301940918
67.39868647520377 18.136484146118164
67.45524334826705 20.93809700012207
67.51181868148714 23.69375991821289
67.56841250679979 25.741230010986328
67.62502485621121 26.361766815185547
67.68165576179878 25.18889617919922
67.73830525571078 22.59935760498047
67.79497337016701 19.40003776550293
67.85166013745892 16.385297775268555
67.90836558994977 14.243589401245117
67.96508976007497 12.968977928161621
68.02183268034224 12.366259574890137
68.07859438333183 12.256169319152832
68.13537490169696 12.305088996887207
68.1921742681638 12.695069313049316
68.24899251553181 13.048874855041504
68.30582967667408 12.572145462036133
68.36268578453752 11.48587417602539
68.41956087214298 10.530693054199219
68.47645497258567 10.010279655456543
68.53336811903537 9.42187213897705
68.59030034473655 9.14073657989502
68.64725168300888 9.081459045410156
68.70422216724712 9.088750839233398
68.76121183092177 9.158899307250977
68.81822070757902 9.27604866027832
68.87524883084112 9.43165397644043
68.93229623440668 9.611553192138672
68.98936295205085 9.912521362304688
69.04644901762563 10.258135795593262
69.10355446506004 10.582415580749512
69.16067932836046 11.077387809753418
69.21782364161099 11.705161094665527
69.27498743897348 12.544404983520508
69.33217075468792 13.979503631591797
69.38937362307276 16.371938705444336
69.44659607852508 19.989839553833008
69.50383815552088 24.397396087646484
69.56109988861536 28.323009490966797
69.61838131244323 30.58091926574707
69.6756824617189 30.666486740112305
69.7330033712368 28.473575592041016
69.79034407587163 24.661056518554688
69.84770461057872 20.512523651123047
69.90508501039407 17.099605560302734
69.96248531043501 15.047648429870605
70.01990554590004 13.948126792907715
70.07734575206955 13.242856979370117
70.13480596430566 12.633074760437012
70.19228621805281 11.958306312561035
70.24978654883799 11.255773544311523
70.30730699227097 10.606843948364258
70.36484758404448 10.003422737121582
70.42240835993482 9.493208885192871
70.47998935580175 9.188230514526367
70.53759060758908 8.933011054992676
70.59521215132482 8.756619453430176
70.65285402312149 8.637177467346191
70.71051625917644 8.530709266662598
70.7681988957721 8.511253356933594
70.82590196927636 8.464576721191406
70.88362551614276 8.408326148986816
70.94136957291087 8.380938529968262
70.99913417620648 8.321396827697754
71.05691936274208 8.293475151062012
71.114725169317 8.294318199157715
71.17255163281776 8.329239845275879
71.2303987902184 8.371033668518066
71.28826667858077 8.408084869384766
71.34615533505485 8.498462677001953
71.40406479687901 8.621307373046875
71.4619951013804 8.819531440734863
71.51994628597522 8.944147109985352
71.57791838816891 8.993613243103027
71.63591144555676 9.078326225280762
71.69392549582392 9.141098976135254
71.75196057674584 9.23883056640625
71.81001672618868 9.306780815124512
71.86809398210946 9.430642127990723
71.92619238255656 9.682016372680664
71.98431196566979 10.113698959350586
72.04245276968098 10.707127571105957
72.10061483291418 11.512554168701172
72.15879819378597 12.508960723876953
72.21700289080576 13.720091819763184
72.2752289625764 14.925458908081055
72.333476447794 15.873169898986816
72.39174538524877 16.32692527770996
72.45003581382497 16.158397674560547
72.50834777250152 15.516721725463867
72.5666813003522 14.51877212524414
72.625036436546 13.430814743041992
72.68341322034745 12.501838684082031
72.74181169111704 11.669179916381836
72.80023188831152 11.03774642944336
72.85867385148414 10.6554594039917
72.9171376202852 10.471919059753418
72.97562323446218 10.412566184997559
73.03413073386032 10.500503540039062
73.09266015842272 10.853835105895996
73.15121154819094 11.468137741088867
73.2097849433052 12.356611251831055
73.26838038400466 13.39988899230957
73.32699791062805 14.449258804321289
73.38563756361378 15.359030723571777
73.44429938350044 15.994049072265625
73.50298341092702 16.328439712524414
73.56168968663343 16.431306838989258
73.62041825146082 16.624916076660156
73.67916914635191 17.208833694458008
73.73794241235137 18.457412719726562
73.79673809060615 20.775686264038086
73.855556222366 24.606489181518555
73.91439684898369 29.805198669433594
73.97326001191539 35.48623275756836
74.03214575272118 40.152652740478516
74.09105411306531 42.42740249633789
74.14998513471667 41.72270965576172
74.20893885954906 38.194114685058594
74.26791532954162 32.35633850097656
74.32691458677932 25.93279266357422
74.3859366734532 20.481273651123047
74.44498163186077 16.701396942138672
74.50404950440664 14.428252220153809
74.5631403336025 13.02035140991211
74.6222541620679 12.106346130371094
74.68139103253046 11.601221084594727
74.74055098782621 11.28437328338623
74.79973407090023 11.015863418579102
74.85894032480677 10.828079223632812
74.91816979270986 10.671686172485352
74.97742251788365 10.54023265838623
75.03669854371283 10.40815258026123
75.09599791369293 10.251124382019043
75.15532067143093 10.048810958862305
75.21466686064555 9.789871215820312
75.27403652516766 9.590822219848633
75.33342970894074 9.476786613464355
75.39284645602133 9.416694641113281
75.45228681057934 9.448487281799316
75.51175081689865 9.534271240234375
75.57123851937733 9.60659408569336
75.63074996252823 9.692999839782715
75.69028519097931 9.962647438049316
75.74984424947418 10.313577651977539
75.80942718287241 10.692127227783203
75.86903403615007 11.160008430480957
75.92866485440008 11.705583572387695
75.98831968283277 12.257001876831055
76.04799856677619 12.72402286529541
76.1077015516766 13.131266593933105
76.16742868309898 13.561881065368652
76.22718000672751 14.211156845092773
76.2869555683657 15.314240455627441
76.34675541393739 16.879823684692383
76.40657958948664 18.51650619506836
76.4664281411787 19.957286834716797
76.52630111529997 20.741945266723633
76.58619855825897 20.675918579101562
76.64612051658635 20.03881072998047
76.70606703693566 18.80984878540039
76.7660381660837 17.617219924926758
76.82603395093102 16.759729385375977
76.88605443850241 16.015958786010742
76.94609967594722 15.376099586486816
77.00616971054018 14.930584907531738
77.06626458968152 14.784558296203613
77.12638436089759 15.161571502685547
77.18652907184146 16.279495239257812
77.24669877029335 18.225637435913086
77.30689350416088 20.915021896362305
77.36711332147996 23.674251556396484
77.42735827041503 25.51242446899414
77.48762839925956 25.9498291015625
77.54792375643659 24.93519401550293
77.60824439049945 22.532852172851562
77.6685903501318 19.328859329223633
77.72896168414863 16.25009536743164
77.78935844149639 13.970804214477539
77.84978067125371 12.699491500854492
77.91022842263192 12.160140991210938
77.9707017449754 12.162368774414062
78.03120068776228 12.451211929321289
78.09172530060492 12.841349601745605
78.15227563325033 13.173900604248047
78.21285173558086 13.318659782409668
78.2734536576146 13.226710319519043
78.33408144950596 12.851421356201172
78.3947351615463 12.314767837524414
78.45541484416424 11.742884635925293
78.51612054792643 11.249072074890137
78.57685232353795 10.789955139160156
78.63761022184303 10.410039901733398
78.69839429382536 10.121885299682617
78.75920459060879 9.960182189941406
78.82004116345796 9.938139915466309
78.88090406377856 10.164070129394531
78.94179334311828 10.462617874145508
79.00270905316718 10.880244255065918
79.06365124575808 11.433319091796875
79.12461997286754 12.035066604614258
79.18561528661607 12.786316871643066
79.24663723926885 13.701752662658691
79.30768588323629 14.58007526397705
79.36876127107473 15.181005477905273
79.4298634554868 15.429020881652832
79.49099248932212 15.464056968688965
79.552148425578 15.488442420959473
79.61333131739978 15.639639854431152
79.67454121808174 16.43360710144043
79.7357781810674 18.3876953125
79.79704225995032 21.599777221679688
79.85833350847459 25.6414852142334
79.91965198053559 29.681283950805664
79.98099773018035 32.655879974365234
80.04237081160845 34.13661575317383
80.10377127917249 34.143192291259766
80.16519918737869 32.791786193847656
80.22665459088752 30.64891815185547
80.28813754451443 28.42653465270996
80.34964810323035 26.56108283996582
80.41118632216248 25.008806228637695
80.47275225659473 23.47718048095703
80.53434596196857 21.82455062866211
80.59596749388346 19.976341247558594
80.65761690809764 18.28382682800293
80.71929426052883 17.312997817993164
80.78099960725474 17.03758430480957
80.84273300451378 17.6372127532959
80.90449450870574 19.478322982788086
80.96628417639248 22.297224044799805
81.0281020642986 25.503376007080078
81.08994822931193 28.251567840576172
81.1518227284845 29.7908992767334
81.2137256190331 29.91457748413086
81.27565695833981 28.540674209594727
81.33761680395287 25.713623046875
81.39960521358738 22.155208587646484
81.46162224512581 18.716201782226562
81.52366795661888 16.010725021362305
81.58574240628627 14.20643424987793
81.64784565251709 12.924344062805176
81.70997775387086 11.976094245910645
81.77213876907818 11.234017372131348
81.83432875704113 10.591756820678711
81.89654777683452 10.034786224365234
81.95879588770617 9.571141242980957
82.02107314907786 9.247227668762207
82.08337962054601 8.947868347167969
82.14571536188237 8.692376136779785
82.2080804330348 8.527640342712402
82.27047489412806 8.443531036376953
82.33289880546442 8.387070655822754
82.39535222752465 8.279226303100586
82.45783522096846 8.232075691223145
82.5203478466356 8.247241973876953
82.58289016554626 8.214303016662598
82.64546223890216 8.180797576904297
82.70806412808714 8.186198234558105
82.77069589466804 8.160402297973633
82.83335760039537 8.16421890258789
82.89604930720417 8.149075508117676
82.95877107721483 8.14417839050293
83.02152297273372 8.161931991577148
83.08430505625421 8.181921005249023
83.14711739045741 8.223968505859375
83.20996003821274 8.257925033569336
83.27283306257917 8.333619117736816
83.33573652680553 8.322495460510254
83.39867049433187 8.208971977233887
83.46163502878989 8.122801780700684
83.52463019400385 8.007164001464844
83.58765605399152 7.905858039855957
83.65071267296493 7.90599250793457
83.7138001153312 7.900632858276367
83.7769184456934 7.822307586669922
83.84006772885157 7.831900119781494
83.9032480298032 7.8508172035217285
83.96645941374445 7.908292293548584
84.02970194607087 8.03829574584961
84.09297569237833 8.135266304016113
84.15628071846368 8.330759048461914
84.21961709032603 8.619200706481934
84.28298487416721 9.036614418029785
84.34638413639304 9.578265190124512
84.40981494361387 10.17927074432373
84.4732773626458 10.790426254272461
84.53677146051137 11.253369331359863
84.60029730444057 11.601727485656738
84.66385496187173 11.930986404418945
84.72744450045242 12.124813079833984
84.79106598804039 12.132102012634277
84.85471949270463 12.0111665725708
84.91840508272607 11.77486801147461
84.98212282659864 11.463823318481445
85.0458727930303 11.13896656036377
85.1096550509439 10.806403160095215
85.17346966947802 10.493704795837402
85.23731671798829 10.330229759216309
85.30119626604797 10.396681785583496
85.36510838344917 10.707195281982422
85.42905314020373 11.410652160644531
85.49303060654422 12.41028881072998
85.557040852925 13.676130294799805
85.62108395002308 14.997610092163086
85.68515996873931 16.06226921081543
85.74926898019918 16.794288635253906
85.81341105575403 17.140052795410156
85.87758626698191 17.210369110107422
85.94179468568872 17.127065658569336
86.00603638390918 17.226484298706055
86.07031143390796 17.90846824645996
86.13461990818062 19.704437255859375
86.19896187945461 22.68906021118164
86.26333742069056 26.33588981628418
86.32774660508314 29.633207321166992
86.3921895060622 31.750734329223633
86.45666619729377 32.20272445678711
86.52117675268131 30.976238250732422
86.58572124636675 28.100540161132812
86.65029975273127 24.028240203857422
86.71491234639686 19.843542098999023
86.77955910222731 16.324865341186523
86.84424009532914 13.926200866699219
86.9089554010528 12.410216331481934
86.9737050949939 11.394423484802246
87.0384892529942 10.691885948181152
87.10330795114284 10.192858695983887
87.16816126577757 9.73167610168457
87.23304927348568 9.389204978942871
87.29797205110538 9.160990715026855
87.36292967572682 8.91953182220459
87.42792222469332 8.735230445861816
87.4929497756026 8.621908187866211
87.55801240630794 8.51391887664795
87.62311019491925 8.446287155151367
87.68824321980449 8.404223442077637
87.75341155959077 8.424330711364746
87.8186152931655 8.41679573059082
87.88385449967781 8.346081733703613
87.9491292585396 8.398183822631836
88.01443964942683 8.47249698638916
88.07978575228076 8.471545219421387
88.14516764730936 8.48521900177002
88.21058541498827 8.523512840270996
88.27603913606244 8.627545356750488
88.34152889154703 8.783086776733398
88.40705476272898 8.95141315460205
88.47261683116817 9.281586647033691
88.53821517869879 9.695297241210938
88.60384988743058 10.253588676452637
88.66952103975022 11.044476509094238
88.73522871832263 12.059514045715332
88.80097300609222 13.081012725830078
88.86675398628445 13.922481536865234
88.93257174240689 14.468957901000977
88.99842635825082 14.717896461486816
89.06431791789248 14.758063316345215
89.13024650569454 14.47109603881836
89.19621220630727 14.051822662353516
89.2622151046702 13.691551208496094
89.32825528601344 13.369343757629395
89.39433283585893 13.10690689086914
89.4604478400221 12.755742073059082
89.52660038461309 12.267483711242676
89.59279055603834 11.703144073486328
89.65901844100196 11.001749992370605
89.72528412650722 10.432873725891113
89.79158769985793 10.034430503845215
89.8579292486601 9.827733039855957
89.9243088608232 9.806676864624023
89.9907266245618 10.013752937316895
90.05718262839697 10.31933307647705
90.12367696115794 10.765103340148926
90.19020971198347 11.495119094848633
90.25678097032343 12.611716270446777
90.3233908259404 14.331229209899902
90.39003936891112 16.6856746673584
90.45672668962808 19.595989227294922
90.52345287880121 22.69076156616211
90.5902180274592 25.13062286376953
90.6570222269514 26.42904281616211
90.72386556894917 26.534204483032227
90.79074814544764 25.433788299560547
90.85767004876722 23.24468994140625
90.92463137155534 20.264013290405273
90.99163220678795 17.206470489501953
91.05867264777142 14.904683113098145
91.12575278814391 13.515054702758789
91.19287272187718 12.54539966583252
91.26003254327829 11.705083847045898
91.32723234699131 11.232898712158203
91.39447222799895 10.779642105102539
91.46175228162433 10.374130249023438
91.5290726035327 10.03836441040039
91.59643328973314 9.747666358947754
91.66383443658037 9.501555442810059
91.73127614077653 9.326925277709961
91.79875849937271 9.226567268371582
91.86628160977126 9.188743591308594
91.93384556972701 9.186278343200684
92.00145047734945 9.219511032104492
92.06909643110431 9.395318984985352
92.1367835298156 9.580276489257812
92.20451187266744 9.806492805480957
92.27228155920562 10.106966972351074
92.34009268934 10.550444602966309
92.4079453633458 11.186635971069336
92.4758396818659 12.008723258972168
92.54377574591267 13.043801307678223
92.61175365686977 14.144561767578125
92.67977351649421 15.10196304321289
92.74783542691817 15.816401481628418
92.81593949065106 16.09821319580078
92.88408581058157 15.97314167022705
92.95227448997937 15.505141258239746
93.02050563249738 14.635934829711914
93.08877934217364 13.600589752197266
93.15709572343343 12.683784484863281
93.22545488109122 11.967887878417969
93.2938569203527 11.656737327575684
93.36230194681706 11.592297554016113
93.43079006647878 11.592975616455078
93.49932138572993 11.638656616210938
93.56789601136212 11.573237419128418
93.63651405056875 11.354911804199219
93.7051756109472 11.014045715332031
93.77388080050068 10.654922485351562
93.84262972764083 10.18101978302002
93.91142250118952 9.663233757019043
93.98025923038126 9.157744407653809
94.04914002486532 8.793310165405273
94.118064994708 8.556991577148438
94.18703425039492 8.43812370300293
94.25604790283307 8.352721214294434
94.32510606335339 8.233309745788574
94.39420884371278 8.141922950744629
94.46335635609653 8.038053512573242
94.53254871312072 7.963657379150391
94.6017860278345 7.95393705368042
94.67106841372218 7.964766979217529
94.74039598470603 8.034239768981934
94.80976885514839 8.130635261535645
94.87918713985422 8.250921249389648
94.94865095407334 8.425354957580566
95.01816041350305 8.670225143432617
95.08771563429052 8.991118431091309
95.15731673303516 9.276090621948242
95.22696382679123 9.545158386230469
95.29665703307037 9.823705673217773
95.36639646984408 9.857522964477539
95.43618225554597 9.907025337219238
95.50601450907504 9.939146041870117
95.57589334979751 9.966259002685547
95.64581889754973 10.07437801361084
95.7157912726409 10.380059242248535
95.78581059585545 10.810211181640625
95.85587698845598 11.414929389953613
95.92599057218557 12.311758041381836
95.99615146927093 13.550775527954102
96.06635980242466 15.200202941894531
96.1366156948482 17.345394134521484
96.20691927023466 19.949697494506836
96.27727065277138 22.647653579711914
96.34766996714279 25.008710861206055
96.41811733853343 26.659439086914062
96.48861289263027 27.659442901611328
96.55915675562629 28.189001083374023
96.6297490542226 28.104612350463867
96.70038991563183 27.396793365478516
96.77107946758089 26.20228385925293
96.84181783831387 24.75943946838379
96.91260515659503 23.30983543395996
96.98344155171172 21.9060115814209
97.05432715347754 20.386438369750977
97.12526209223519 18.79491424560547
97.19624649885955 17.375513076782227
97.2672805047608 16.443679809570312
97.33836424188749 16.237470626831055
97.40949784272959 16.628135681152344
97.48068144032165 17.24458885192871
97.5519151682461 17.854164123535156
97.62319916063619 18.283138275146484
97.69453355217935 18.423830032348633
97.76591847812038 18.363136291503906
97.83735407426472 18.23468589782715
97.9088404769817 18.216341018676758
97.98037782320782 18.405773162841797
98.0519662504501 18.753704071044922
98.12360589678953 19.079866409301758
98.19529690088417 19.199234008789062
98.26703940197307 18.946369171142578
98.33883353987893 18.268722534179688
98.41067945501237 17.12796401977539
98.48257728837478 15.762503623962402
98.55452718156222 14.364433288574219
98.62652927676866 13.088116645812988
98.69858371678986 12.169349670410156
98.77069064502662 11.52495002746582
98.84285020548874 11.108245849609375
98.91506254279832 10.789356231689453
98.98732780219372 10.529354095458984
99.05964612953294 10.332216262817383
99.13201767129777 10.107548713684082
99.20444257459722 9.93620777130127
99.2769209871713 9.78957462310791
99.34945305739517 9.599518775939941
99.42203893428247 9.44653034210205
99.49467876748969 9.23813533782959
99.56737270731976 9.030679702758789
99.64012090472609 8.977434158325195
99.71292351131653 8.970380783081055
99.78578067935739 8.95594310760498
99.85869256177749 9.006715774536133
99.93165931217203 9.118037223815918
100.00468108480686 9.200358390808105
100.07775803462275 9.336894035339355
100.15089031723917 9.456147193908691
100.22407808895866 9.568686485290527
100.29732150677124 9.664752006530762
100.3706207283583 9.797975540161133
100.44397591209724 10.018157005310059
100.51738721706552 10.371675491333008
100.59085480304519 10.868557929992676
100.66437883052723 11.581305503845215
100.73795946071601 12.619643211364746
100.81159685553358 13.7561616897583
100.88529117762444 14.754944801330566
100.95904259036 15.531641960144043
101.03285125784299 15.956954956054688
101.10671734491214 15.892346382141113
101.18064101714705 15.35860538482666
101.25462244087252 14.410662651062012
101.3286617831635 13.229745864868164
101.40275921184988 12.149992942810059
101.47691489552108 11.323357582092285
101.55112900353112 10.90555191040039
101.62540170600339 10.79622745513916
101.69973317383548 10.835391998291016
101.77412357870433 10.975303649902344
101.84857309307114 11.136488914489746
101.92308189018641 11.413569450378418
101.99765014409493 11.79910659790039
102.07227802964114 12.307724952697754
102.14696572247406 12.966903686523438
102.2217133990526 13.800168991088867
102.29652123665093 14.779393196105957
102.37138941336356 15.873805046081543
102.44631810811073 17.124164581298828
102.52130750064403 18.45368003845215
102.59635777155135 20.170373916625977
102.6714691022631 21.95503044128418
102.74664167505696 23.497106552124023
102.82187567306389 24.56321144104004
102.89717128027361 24.950605392456055
102.97252868154037 24.780717849731445
103.04794806258853 23.937076568603516
103.1234296100185 22.39083480834961
103.19897351131222 20.208141326904297
103.2745799548395 17.821590423583984
103.35024912986346 15.770244598388672
103.4259812265469 14.343327522277832
103.50177643595781 13.41783332824707
103.5776349500761 12.797175407409668
103.65355696179905 12.416470527648926
103.72954266494799 12.2034330368042
103.80559225427422 12.102554321289062
103.88170592546534 12.219820022583008
103.95788387515182 12.6818208694458
104.03412630091293 13.5252103805542
104.11043340128359 14.87243938446045
104.18680537576068 16.672447204589844
104.26324242480963 18.738006591796875
104.3397447498711 20.54497528076172
104.4163125533675 21.848880767822266
104.49294603870985 22.531160354614258
104.56964541030436 22.39225959777832
104.64641087355977 21.560218811035156
104.72324263489367 20.0299015045166
104.8001409017397 17.95854377746582
104.8771058825548 15.870631217956543
104.95413778682594 14.193914413452148
105.03123682507758 13.007533073425293
105.10840320887874 12.311908721923828
105.18563715085013 11.875984191894531
105.2629388646719 11.615514755249023
105.34030856509071 11.528367042541504
105.41774646792749 11.432408332824707
105.49525279008455 11.21823787689209
105.57282774955374 11.013811111450195
105.65047156542389 10.77148723602295
105.7281844578884 10.51489543914795
105.8059666482534 10.176860809326172
105.8838183589454 9.80577278137207
105.96173981351936 9.56602954864502
106.0397312366668 9.453319549560547
106.1177928542237 9.460166931152344
106.19592489317898 9.5824556350708
106.2741275816826 9.730364799499512
106.3524011490539 9.945995330810547
106.43074582579004 10.087959289550781
106.50916184357465 10.13435173034668
106.58764943528614 10.109550476074219
106.66620883500649 10.001526832580566
106.74484027803018 9.769294738769531
106.82354400087263 9.508452415466309
106.9023202412795 9.204894065856934
106.98116923823528 8.853360176086426
107.06009123197273 8.563344955444336
107.1390864639818 8.387768745422363
107.218155177019 8.302775382995605
107.29729761511669 8.246356010437012
107.37651402359239 8.269224166870117
107.45580464905858 8.256416320800781
107.53516973943196 8.26396656036377
107.61460954394332 8.280623435974121
107.69412431314741 8.313620567321777
107.77371429893259 8.405667304992676
107.853379754531 8.44462776184082
107.93312093452856 8.486936569213867
108.01293809487505 8.539753913879395
108.0928314928946 8.588530540466309
108.17280138729578 8.594744682312012
108.25284803818217 8.601800918579102
108.33297170706312 8.63039779663086
108.41317265686415 8.669427871704102
108.49345115193776 8.677133560180664
108.57380745807448 8.71334457397461
108.65424184251376 8.80890941619873
108.73475457395494 8.97370719909668
108.81534592256868 9.265796661376953
108.89601616000809 9.571855545043945
108.97676555942026 10.003409385681152
109.05759439545773 10.653061866760254
109.13850294429024 11.561277389526367
109.21949148361635 12.731112480163574
109.3005602926755 14.019145965576172
109.38170965225986 15.279837608337402
109.46293984472656 16.39173126220703
109.54425115400991 17.218271255493164
109.62564386563376 17.590497970581055
109.70711826672398 17.4876766204834
109.78867464602114 16.875518798828125
109.87031329389322 15.8585786819458
109.95203450234845 14.57352066040039
110.0338385650484 13.335002899169922
110.11572577732112 12.382209777832031
110.19769643617433 11.604167938232422
110.27975084030895 11.086350440979004
110.36188929013255 10.924132347106934
110.4441120877731 11.007184028625488
110.5264195370929 11.177469253540039
110.60881194370224 11.438279151916504
110.69128961497394 11.6840238571167
110.77385286005729 11.739606857299805
110.85650198989262 11.686626434326172
110.93923731722575 11.54527473449707
111.022059156623 11.321263313293457
111.10496782448564 11.011245727539062
111.18796363906537 10.77944564819336
111.27104692047911 10.550803184509277
111.35421799072454 10.294185638427734
111.43747717369557 10.1090087890625
111.52082479519822 9.962549209594727
111.60426118296614 9.761341094970703
111.68778666667671 9.609170913696289
111.77140157796744 9.375073432922363
111.85510625045208 9.07371997833252
111.93890101973726 8.82099437713623
112.02278622343925 8.647393226623535
112.1067622012007 8.521050453186035
112.19082929470785 8.436225891113281
112.27498784770776 8.402701377868652
112.35923820602557 8.527320861816406
112.44358071758269 8.620287895202637
112.52801573241385 8.735737800598145
112.61254360268575 8.952513694763184
112.69716468271503 9.124528884887695
112.78187932898668 9.427806854248047
112.86668790017268 9.866262435913086
112.95159075715094 10.230803489685059
113.0365882630243 10.637276649475098
113.12168078313967 10.951651573181152
113.20686868510755 11.113493919372559
113.29215233882184 11.28160285949707
113.37753211647959 11.473885536193848
113.4630083926012 11.673604965209961
113.54858154405079 11.845749855041504
113.63425195005672 12.137554168701172
113.72001999223252 12.531078338623047
113.80588605459772 13.005146026611328
113.8918505235995 13.645784378051758
113.97791378813388 14.403447151184082
114.06407623956767 15.33644962310791
114.15033827176056 16.43661117553711
114.23670028108722 18.032180786132812
114.32316266645996 20.260272979736328
114.40972582935159 22.980270385742188
114.49639017381827 25.7166748046875
114.58315610652316 27.9246826171875
114.67002403675971 29.53540802001953
114.75699437647563 30.531030654907227
114.84406754029729 30.65178871154785
114.93124394555375 29.85224151611328
115.01852401230191 28.0274600982666
115.10590816335102 25.471450805664062
115.19339682428868 22.860136032104492
115.28099042350577 20.51245880126953
115.36868939222278 18.5296573638916
115.45649416451592 16.799388885498047
115.54440517734356 15.262054443359375
115.63242287057344 13.939486503601074
115.72054768700939 12.843881607055664
115.8087800724192 11.993062019348145
115.8971204755621 11.43438720703125
115.9855693482174 11.039948463439941
116.07412714521256 10.726297378540039
116.16279432445246 10.623199462890625
116.25157134694814 10.669818878173828
116.34045867684681 10.55406665802002
116.4294567814617 10.423006057739258
116.51856613130201 10.378335952758789
116.60778720010408 10.046468734741211
116.69712046486224 9.809674263000488
116.78656640586014 9.56488037109375
116.87612550670272 9.442632675170898
116.96579825434824 9.347970008850098
117.0555851391414 9.273669242858887
117.14548665484588 9.349061012268066
117.23550329867791 9.534299850463867
117.32563557134031 9.862591743469238
117.41588397705668 10.205655097961426
117.50624902360617 10.599468231201172
117.5967312223586 10.985566139221191
117.68733108831015 11.234911918640137
117.77804914011959 11.36622142791748
117.86888590014446 11.364519119262695
117.95984189447849 11.197315216064453
118.05091765298876 10.915236473083496
118.14211370935396 10.608565330505371
118.23343060110273 10.254555702209473
118.32486886965259 10.006471633911133
118.41642906034956 9.839997291564941
118.5081117225079 9.722028732299805
118.59991740945102 9.695734024047852
118.69184667855235 9.68740177154541
118.78390009127662 9.633110046386719
118.87607821322263 9.588839530944824
118.96838161416542 9.454792976379395
119.06081086809982 9.279937744140625
119.15336655328427 9.187358856201172
119.24604925228527 9.125000953674316
119.33885955202226 9.05319881439209
119.43179804381343 9.040230751037598
119.52486532342202 9.06822395324707
119.61806199110298 9.059977531433105
119.71138865165076 9.129180908203125
119.80484591444723 9.141276359558105
119.89843439351088 9.17363166809082
119.99215470754588 9.281901359558105
120.08600747999239 9.329657554626465
120.1799933390778 9.42971134185791
120.27411291786765 9.49049186706543
120.36836685431871 9.55732536315918
120.4627557913313 9.756505012512207
120.55728037680336 9.926898002624512
120.6519412636852 10.07923698425293
120.74673911003408 10.270620346069336
120.84167457907111 10.563275337219238
120.93674833923765 10.900450706481934
121.03196106425295 11.141887664794922
121.12731343317273 11.275444030761719
121.22280613044862 11.367895126342773
121.31843984598808 11.403599739074707
121.41421527521567 11.448601722717285
121.5101331191347 11.510899543762207
121.60619408439035 11.537577629089355
121.70239888333315 11.767070770263672
121.79874823408373 12.157841682434082
121.89524286059829 12.857152938842773
121.99188349273544 13.977584838867188
122.08867086632347 15.245939254760742
122.1856057232289 16.43453025817871
122.28268881142611 17.33576774597168
122.37992088506779 17.899280548095703
122.4773027045568 18.083049774169922
122.57483503661851 17.820770263671875
122.67251865437494 17.097944259643555
122.77035433741955 15.935208320617676
122.868342871893 14.551782608032227
122.96648505056072 13.237314224243164
123.06478167289085 12.222090721130371
123.16323354513426 11.478775024414062
123.26184148040487 10.974076271057129
123.36060629876194 10.635032653808594
123.45952882729316 10.410989761352539
123.55860990019916 10.332852363586426
123.65785035887966 10.344118118286133
123.75725105202042 10.440215110778809
123.85681283568168 10.57992172241211
123.95653657338846 10.739238739013672
124.0564231362216 10.785104751586914
124.15647340291088 10.797857284545898
124.25668825992868 10.767937660217285
124.35706860158669 10.751852035522461
124.45761533013231 10.67526912689209
124.55832935584799 10.540699005126953
124.65921159715147 10.435089111328125
124.760262980698 10.407727241516113
124.86148444148392 10.49232292175293
124.96287692295195 10.695564270019531
125.06444137709879 10.998628616333008
125.16617876458324 11.511221885681152
125.26809005483747 12.068760871887207
125.37017622617918 12.631501197814941
125.4724382659259 13.174004554748535
125.57487717051147 13.458629608154297
125.67749394560394 13.551207542419434
125.78028960622574 13.512829780578613
125.88326517687618 13.322938919067383
125.98642169165507 12.83633041381836
126.08976019438926 12.258977890014648
126.1932817387616 11.67839241027832
126.29698738844077 11.134855270385742
126.40087821721447 10.61386489868164
126.5049553091249 10.187716484069824
126.60921975860573 10.005180358886719
126.71367267062224 9.949419021606445
126.81831516081361 9.89157485961914
126.92314835563744 9.902076721191406
127.02817339251739 9.962139129638672
127.13339141999286 10.02541446685791
127.23880359787131 10.189034461975098
127.34441109738404 10.434728622436523
127.45021510134374 10.773950576782227
127.5562168043053 11.245715141296387
127.66241741272968 11.642596244812012
127.76881814515039 12.129050254821777
127.87542023234325 12.714522361755371
127.98222491749883 13.351541519165039
128.08923345639866 14.032649993896484
128.19644711759403 14.552475929260254
128.30386718258848 14.936890602111816
128.41149494602342 15.2660493850708
128.51933171586722 15.546712875366211
128.62737881360815 15.764065742492676
128.7356375744502 15.986551284790039
128.8441093475133 16.380359649658203
128.95279549603703 17.020105361938477
129.0616973975878 18.124195098876953
129.17081644427088 19.78581428527832
129.2801540429454 22.060834884643555
129.38971161544416 24.65386390686035
129.49949059879742 27.310007095336914
129.6094924454612 29.519508361816406
129.7197186235496 30.809734344482422
129.83017061707196 31.064239501953125
129.94084992617496 30.45768165588379
130.05175806738856 29.017667770385742
130.16289657387748 26.810985565185547
130.27426699569776 24.0039119720459
130.38587090005797 20.981182098388672
130.49770987158573 18.232643127441406
130.60978551259984 16.042713165283203
130.72209944338783 14.558788299560547
130.83465330248887 13.538609504699707
130.9474487469826 12.799072265625
131.06048745278372 12.289979934692383
131.17377111494318 11.871929168701172
131.2873014479549 11.54866886138916
131.40108018606895 11.327061653137207
131.51510908361175 11.09403133392334
131.62938991531226 10.98575210571289
131.7439244766356 10.931587219238281
131.85871458412345 10.923657417297363
131.9737620757415 10.964215278625488
132.08906881123494 11.065521240234375
132.20463667249044 11.267518043518066
132.32046756390716 11.607658386230469
132.43656341277494 12.007241249084473
132.5529261696609 12.418493270874023
132.66955780880485 12.83823299407959
132.78646032852257 13.225035667419434
132.90363575161862 13.557477951049805
133.02108612580844 13.741713523864746
133.13881352414893 13.768637657165527
133.25682004547969 13.652714729309082
133.37510781487356 13.39995002746582
133.49367898409741 12.973974227905273
133.61253573208356 12.490309715270996
133.73168026541163 12.010902404785156
133.8511148188021 11.500075340270996
133.97084165562026 10.996999740600586
134.09086306839285 10.543712615966797
134.21118137933573 10.129339218139648
134.33179894089508 9.816847801208496
134.4527181362998 9.521588325500488
134.5739413801285 9.35554027557373
134.69547111888897 9.231684684753418
134.81730983161202 9.144377708435059
134.93946003045895 9.122400283813477
135.06192426134484 9.15863037109375
135.18470510457533 9.18009090423584
135.30780517550068 9.223729133605957
135.43122712518453 9.368809700012207
135.55497364108993 9.541647911071777
135.67904744778224 9.650747299194336
135.80345130764908 9.844399452209473
135.92818802163933 10.08693790435791
136.05326043001944 10.33789348602295
136.17867141315065 10.692056655883789
136.30442389228435 11.069961547851562
136.43052083037864 11.271687507629395
136.55696523293622 11.43520450592041
136.68376014886334 11.418451309204102
136.810908671352 11.068828582763672
136.93841393878432 10.672548294067383
137.0662791356618 10.21851921081543
137.1945074935585 9.849596977233887
137.32310229210015 9.383463859558105
137.45206685996945 8.970184326171875
137.58140457593845 8.743953704833984
137.7111188699292 8.564522743225098
137.84121322410348 8.362174034118652
137.97169117398187 8.29257869720459
138.10255630959534 8.26158618927002
138.23381227666707 8.298474311828613
138.36546277782898 8.355640411376953
138.49751157387172 8.247323989868164
138.62996248503038 8.306495666503906
138.76281939230722 8.545676231384277
138.89608623883228 8.811075210571289
139.02976703126328 9.033047676086426
139.1638658412262 9.252947807312012
139.29838680679896 9.535499572753906
139.43333413403784 9.763045310974121
139.5687120985498 9.886686325073242
139.70452504711204 9.98680591583252
139.84077739933946 10.030562400817871
139.97747364940423 10.000236511230469
140.11461836780646 9.9835786819458
140.25221620319954 9.809886932373047
140.39027188427286 9.532752990722656
140.52879022169205 9.35334300994873
140.66777611010082 9.294576644897461
140.8072345301858 9.296116828918457
140.94717055080764 9.270716667175293
141.08758933119913 9.311800956726074
141.22849612323571 9.467642784118652
141.3698962737792 9.71751594543457
141.51179522709776 9.936716079711914
141.6541985273668 10.300424575805664
141.79711182125206 10.739627838134766
141.9405408605797 11.225454330444336
142.0844915050963 11.71946907043457
142.22896972532246 12.274168968200684
142.37398160550472 12.8206148147583
142.5195333466683 13.173401832580566
142.66563126977758 13.326706886291504
142.8122818190054 13.419239044189453
142.95949156511966 13.396551132202148
143.10726720898893 13.19128131866455
143.25561558521517 12.89612102508545
143.40454366589714 12.532179832458496
143.55405856453095 12.203842163085938
143.70416754005416 11.929841995239258
143.85487800104005 11.840927124023438
144.0061975100483 11.909483909606934
144.15813378813996 11.925795555114746
144.31069471956278 11.990833282470703
144.46388835661887 12.241665840148926
144.61772292471684 12.646408081054688
144.7722068276243 13.289402961730957
144.92734865292422 14.150395393371582
145.08315717769008 14.797802925109863
145.23964137438648 15.127406120300293
145.396810417009 15.11491870880127
145.5546736874736 15.058160781860352
145.71324078226996 14.571922302246094
145.87252151938915 13.767889022827148
146.03252594554357 12.946771621704102
146.1932643436902 12.06006908416748
146.3547472408769 11.191043853759766
146.51698541642486 10.5068359375
146.67998991046878 10.231801986694336
146.84377203287156 10.050979614257812
147.00834337253377 9.942691802978516
147.1737158071223 9.850990295410156
147.33990151323667 9.80335521697998
147.50691297704208 9.773985862731934
147.6747630053934 9.554399490356445
147.843464737477 9.326193809509277
148.01303165700338 9.21117877960205
148.18347760497895 9.108614921569824
148.35481679309444 9.000772476196289
148.5270638177646 8.993447303771973
148.7002336748582 9.132709503173828
148.87434177516283 9.199048042297363
149.0494039606256 9.224898338317871
149.22543652142178 9.393200874328613
149.40245621390147 9.643800735473633
149.58048027947066 9.942623138427734
149.75952646446697 10.29033088684082
149.9396130410937 10.590412139892578
150.120758829485 10.687564849853516
150.3029832209728 10.784988403320312
150.48630620264234 10.771085739135742
150.67074838325846 10.616312980651855
150.85633102066316 10.366205215454102
151.04307605074362 10.08340835571289
151.23100611808374 9.816792488098145
151.42014460842 9.421746253967285
151.61051568303432 9.149836540222168
151.80214431522458 9.064451217651367
151.99505632901077 9.015485763549805
152.18927844024563 8.983750343322754
152.38483830031447 9.049639701843262
152.58176454262676 9.207633018493652
152.78008683212033 9.385018348693848
152.97983591802125 9.504032135009766
153.18104369012235 9.697382926940918
153.3837432388759 10.01718521118164
153.58796891961603 10.378918647766113
153.79375642126686 10.906997680664062
154.0011428399242 11.640311241149902
154.21016675773927 12.492042541503906
154.42086832758108 13.356158256530762
154.63328936399904 14.082155227661133
154.84747344107515 14.649776458740234
155.06346599780775 15.04776668548584
155.28131445175154 15.212211608886719
155.50106832171798 15.180752754211426
155.72277936043275 14.934650421142578
155.9465016981598 14.54930305480957
156.17229199841606 13.971131324768066
156.400209627048 13.390412330627441
156.63031683609788 12.842952728271484
156.862678964071 12.366039276123047
157.09736465442984 11.972898483276367
157.33444609438232 11.580156326293945
157.57399927631837 11.301895141601562
157.81610428457773 11.026023864746094
158.0608456106106 10.689783096313477
158.3083125000479 10.370572090148926
158.55859933572168 10.102021217346191
158.81180606128987 9.87762451171875
159.0680386508579 9.752848625183105
159.3274096308488 9.625166893005371
159.5900386614106 9.490861892700195
159.8560531858747 9.34734058380127
160.12558915826358 9.212327003479004
160.39879186062595 9.147403717041016
160.67581682413865 9.052755355834961
160.95683087054363 9.033146858215332
161.2420132937133 9.105238914489746
161.531557205097 9.062919616699219
161.82567107171732 9.104243278503418
162.1245804815083 9.200148582458496
162.42853017845997 9.259542465209961
162.7377864197542 9.49344539642334
163.05263971942847 9.776939392089844
163.37340805898035 10.103941917419434
163.70044066587013 10.533236503601074
164.03412248774282 10.946767807006836
164.37487952564248 11.518704414367676
164.7231852368146 12.136500358581543
165.07956828155926 12.596905708312988
165.44462197594547 13.04123306274414
165.81901593325057 13.412637710571289
166.20351054735323 13.622480392456055
166.59897521501705 13.66667366027832
167.00641154908948 13.621197700500488
167.42698336249234 13.546133041381836
167.86205600554536 13.46157455444336
168.31324889086417 13.393636703491211
168.78250704884454 13.46167278289795
169.27220088746657 13.759034156799316
169.7852690649521 14.147125244140625
170.3254297015978 14.615392684936523
170.89750471195467 15.031388282775879
171.50794149653586 15.292960166931152
172.16570223622685 15.38730239868164
172.88389773363545 15.250726699829102
173.68310779029082 15.058069229125977
174.59917893797632 14.610441207885742
175.7062680740686 13.867193222045898
177.22422554334096 13.067831039428711
